#! FIELDS cyl.z file.free uncertainty
#! SET sample_size 189999
#! SET effective_sample_size 548.554
#! SET fundeltaF 30.0867
#! SET blocks_num 3
#! SET blocks_effective_num 2.3615
#! SET min_cyl.z 0.3
#! SET max_cyl.z 1.8
#! SET nbins_cyl.z 201
#! SET periodic_cyl.z false
    0.300000    188.624640     1.903009
    0.307500    174.096143     1.808172
    0.315000    160.283818     1.533342
    0.322500    144.608815     4.529488
    0.330000    127.854901     5.352305
    0.337500    112.148968     5.395491
    0.345000     97.808823     5.364887
    0.352500     84.852461     5.302576
    0.360000     73.268524     5.187502
    0.367500     63.028729     4.974441
    0.375000     54.074359     4.587714
    0.382500     46.293066     3.936232
    0.390000     39.504069     3.014992
    0.397500     33.501417     2.071207
    0.405000     28.156308     1.509814
    0.412500     23.441120     1.517673
    0.420000     19.355674     1.951183
    0.427500     15.902362     2.453112
    0.435000     13.089606     2.689803
    0.442500     10.895542     2.575265
    0.450000      9.246198     2.276459
    0.457500      8.026631     2.001057
    0.465000      7.075626     1.798751
    0.472500      6.219385     1.672744
    0.480000      5.425440     1.672222
    0.487500      4.853919     1.746032
    0.495000      4.640354     1.810533
    0.502500      4.749296     1.855634
    0.510000      5.099508     1.870897
    0.517500      5.657536     1.791716
    0.525000      6.274417     1.509838
    0.532500      6.668908     1.032312
    0.540000      6.772174     0.733887
    0.547500      6.671958     0.570284
    0.555000      6.113918     0.458369
    0.562500      4.975618     0.258452
    0.570000      3.665927     0.274535
    0.577500      2.487624     0.353158
    0.585000      1.538338     0.390094
    0.592500      0.856369     0.389505
    0.600000      0.395338     0.373025
    0.607500      0.102154     0.357083
    0.615000      0.000000     0.288229
    0.622500      0.038000     0.187358
    0.630000      0.098648     0.218929
    0.637500      0.249988     0.297052
    0.645000      0.653521     0.336653
    0.652500      1.268310     0.385950
    0.660000      1.888377     0.489207
    0.667500      2.424027     0.577302
    0.675000      2.896289     0.587434
    0.682500      3.296979     0.539746
    0.690000      3.717932     0.546119
    0.697500      4.383058     0.665894
    0.705000      5.390187     0.898949
    0.712500      6.577703     1.202413
    0.720000      7.660810     1.435614
    0.727500      8.513408     1.581777
    0.735000      9.388778     1.689478
    0.742500     10.573869     1.677944
    0.750000     11.992180     1.484124
    0.757500     13.395237     1.269782
    0.765000     14.689270     1.255122
    0.772500     15.854036     1.472004
    0.780000     16.915985     1.753998
    0.787500     17.872040     1.645336
    0.795000     18.637035     0.958524
    0.802500     19.466129     0.255872
    0.810000     20.862111     0.194092
    0.817500     22.898284     0.638750
    0.825000     24.900448     1.121640
    0.832500     26.078298     1.103213
    0.840000     26.686840     0.823334
    0.847500     27.242960     0.654687
    0.855000     27.925120     0.801117
    0.862500     28.624122     1.063024
    0.870000     29.119086     1.247204
    0.877500     29.408070     1.374146
    0.885000     29.583705     1.472236
    0.892500     29.643656     1.500157
    0.900000     29.593646     1.458502
    0.907500     29.499562     1.389601
    0.915000     29.498988     1.317230
    0.922500     29.682104     1.258686
    0.930000     29.995146     1.309933
    0.937500     30.317468     1.414737
    0.945000     30.546394     1.400502
    0.952500     30.713979     1.331070
    0.960000     30.976925     1.330736
    0.967500     31.366106     1.432526
    0.975000     31.734187     1.592924
    0.982500     31.986471     1.692897
    0.990000     32.230237     1.679181
    0.997500     32.586411     1.636721
    1.005000     33.027801     1.635965
    1.012500     33.470906     1.657703
    1.020000     33.888589     1.651779
    1.027500     34.271711     1.652579
    1.035000     34.592238     1.718030
    1.042500     34.876924     1.831466
    1.050000     35.183814     1.962269
    1.057500     35.504830     2.082821
    1.065000     35.846445     2.163294
    1.072500     36.238599     2.203280
    1.080000     36.640077     2.201334
    1.087500     36.991986     2.154935
    1.095000     37.279423     2.066951
    1.102500     37.514878     1.949140
    1.110000     37.714273     1.886407
    1.117500     37.892977     1.936238
    1.125000     38.083959     1.993019
    1.132500     38.320985     1.990371
    1.140000     38.610515     1.982423
    1.147500     38.942450     1.975235
    1.155000     39.308571     1.925372
    1.162500     39.659684     1.864743
    1.170000     39.918928     1.863394
    1.177500     40.106485     1.904817
    1.185000     40.291888     1.939263
    1.192500     40.478611     1.962382
    1.200000     40.685152     1.965252
    1.207500     40.979728     1.923718
    1.215000     41.348763     1.858909
    1.222500     41.678557     1.833137
    1.230000     41.887332     1.854083
    1.237500     42.008322     1.866570
    1.245000     42.171909     1.844566
    1.252500     42.453230     1.835663
    1.260000     42.771201     1.906148
    1.267500     43.001814     1.970742
    1.275000     43.104391     1.975646
    1.282500     43.097894     1.972364
    1.290000     43.038797     1.975244
    1.297500     43.007334     1.954684
    1.305000     43.013682     1.915563
    1.312500     43.005829     1.921832
    1.320000     42.988184     1.998863
    1.327500     43.016823     2.074481
    1.335000     43.057084     2.085404
    1.342500     43.077904     2.035062
    1.350000     43.132528     1.952985
    1.357500     43.179581     1.878425
    1.365000     43.141806     1.858842
    1.372500     43.059456     1.899871
    1.380000     42.980135     1.950585
    1.387500     42.949723     1.945489
    1.395000     42.978323     1.872344
    1.402500     42.918698     1.802622
    1.410000     42.738615     1.821087
    1.417500     42.645659     1.898940
    1.425000     42.717458     1.966769
    1.432500     42.835049     1.973375
    1.440000     42.875961     1.901502
    1.447500     42.787585     1.865265
    1.455000     42.625268     1.913156
    1.462500     42.529707     1.942079
    1.470000     42.595404     1.877980
    1.477500     42.768153     1.781296
    1.485000     42.874697     1.787614
    1.492500     42.813956     1.887358
    1.500000     42.657817     1.991048
    1.507500     42.507041     2.052690
    1.515000     42.416038     2.051364
    1.522500     42.434106     1.994995
    1.530000     42.537796     1.934193
    1.537500     42.632051     1.926890
    1.545000     42.684079     1.971999
    1.552500     42.727933     2.020573
    1.560000     42.751112     2.042727
    1.567500     42.723115     2.045870
    1.575000     42.694988     2.046039
    1.582500     42.712335     2.042857
    1.590000     42.696912     2.018707
    1.597500     42.579180     1.983128
    1.605000     42.461122     1.965502
    1.612500     42.433841     1.999808
    1.620000     42.428865     2.110436
    1.627500     42.394885     2.203754
    1.635000     42.369648     2.214638
    1.642500     42.353786     2.147398
    1.650000     42.348211     2.031522
    1.657500     42.385037     1.941187
    1.665000     42.423593     1.934397
    1.672500     42.377403     1.981415
    1.680000     42.293865     2.015591
    1.687500     42.266978     2.021364
    1.695000     42.282896     2.022740
    1.702500     42.303057     2.050158
    1.710000     42.313644     2.090107
    1.717500     42.275225     2.099735
    1.725000     42.193303     2.082406
    1.732500     42.171030     2.067787
    1.740000     42.232228     2.045877
    1.747500     42.294155     2.001246
    1.755000     42.318333     1.955254
    1.762500     42.327692     1.939608
    1.770000     42.331213     1.957868
    1.777500     42.303069     1.982061
    1.785000     42.233252     1.984745
    1.792500     42.187638     1.967702
    1.800000     42.288416     1.940951
