#! FIELDS cyl.z file.free uncertainty
#! SET sample_size 189999
#! SET effective_sample_size 247.9
#! SET fundeltaF 31.4828
#! SET blocks_num 3
#! SET blocks_effective_num 1.4556
#! SET min_cyl.z 0.3
#! SET max_cyl.z 1.8
#! SET nbins_cyl.z 201
#! SET periodic_cyl.z false
    0.300000    194.197901     1.480198
    0.307500    177.808515     1.578204
    0.315000    159.746875     2.992734
    0.322500    141.033562     2.091707
    0.330000    123.224941     1.135308
    0.337500    106.635390     0.838538
    0.345000     91.348449     0.991612
    0.352500     77.408200     1.166010
    0.360000     64.839797     1.276172
    0.367500     53.656754     1.334950
    0.375000     43.865520     1.360344
    0.382500     35.467683     1.363279
    0.390000     28.459636     1.347697
    0.397500     22.827928     1.310900
    0.405000     18.533510     1.242450
    0.412500     15.463240     1.129823
    0.420000     13.299166     1.026308
    0.427500     11.359182     1.074620
    0.435000      9.030748     1.046689
    0.442500      6.533591     1.027936
    0.450000      4.362378     1.141948
    0.457500      2.714755     1.246536
    0.465000      1.543992     1.304787
    0.472500      0.772783     1.331743
    0.480000      0.394997     1.336993
    0.487500      0.298914     1.333046
    0.495000      0.171548     1.351925
    0.502500      0.000000     1.393130
    0.510000      0.171894     1.412622
    0.517500      0.836429     1.387944
    0.525000      1.758989     1.334160
    0.532500      2.598330     1.309680
    0.540000      3.132086     1.339972
    0.547500      3.362297     1.353295
    0.555000      3.587537     1.253315
    0.562500      3.856503     0.975576
    0.570000      3.768142     0.640873
    0.577500      3.277576     0.472922
    0.585000      2.670038     0.427695
    0.592500      2.055467     0.394985
    0.600000      1.510036     0.299520
    0.607500      1.056122     0.184479
    0.615000      0.646287     0.116306
    0.622500      0.305831     0.059937
    0.630000      0.153137     0.212743
    0.637500      0.234410     0.512959
    0.645000      0.481704     0.913956
    0.652500      0.787340     1.382756
    0.660000      1.086778     1.809413
    0.667500      1.395042     2.102868
    0.675000      1.747574     2.367865
    0.682500      2.161599     2.811207
    0.690000      2.635688     3.398056
    0.697500      3.191063     3.882500
    0.705000      3.895103     4.322324
    0.712500      4.790720     4.964195
    0.720000      5.841270     5.745705
    0.727500      6.876733     6.319512
    0.735000      7.744665     6.526374
    0.742500      8.600832     6.732473
    0.750000      9.660162     6.996352
    0.757500     10.905315     6.865784
    0.765000     12.206668     6.367837
    0.772500     13.458344     6.045264
    0.780000     14.479119     6.121965
    0.787500     15.333778     6.225834
    0.795000     16.420144     5.898494
    0.802500     17.882988     5.679898
    0.810000     19.488240     6.136362
    0.817500     20.973952     6.838981
    0.825000     22.284956     7.533590
    0.832500     23.132137     8.359178
    0.840000     23.663206     8.719174
    0.847500     24.483016     8.152145
    0.855000     25.478316     7.262029
    0.862500     26.045568     7.203981
    0.870000     25.958293     7.537966
    0.877500     25.623251     8.023577
    0.885000     25.654478     8.330154
    0.892500     26.280833     8.124964
    0.900000     27.179386     7.487403
    0.907500     27.803143     7.070923
    0.915000     28.077628     7.045327
    0.922500     28.212525     7.074707
    0.930000     28.367313     7.035925
    0.937500     28.634547     6.878075
    0.945000     28.946745     6.650823
    0.952500     29.214446     6.479984
    0.960000     29.464473     6.461756
    0.967500     29.733084     6.586013
    0.975000     30.047146     6.677883
    0.982500     30.434304     6.596028
    0.990000     30.852228     6.435410
    0.997500     31.208340     6.431018
    1.005000     31.401290     6.665513
    1.012500     31.496187     7.034816
    1.020000     31.790627     7.176225
    1.027500     32.422158     6.859776
    1.035000     33.144630     6.552645
    1.042500     33.652591     6.601057
    1.050000     33.990693     6.676792
    1.057500     34.338779     6.670951
    1.065000     34.760889     6.600445
    1.072500     35.223682     6.527232
    1.080000     35.678180     6.473155
    1.087500     36.114412     6.370877
    1.095000     36.515526     6.213560
    1.102500     36.830691     6.088045
    1.110000     37.064669     6.068767
    1.117500     37.320784     6.160839
    1.125000     37.652269     6.291835
    1.132500     37.982254     6.374191
    1.140000     38.228150     6.377036
    1.147500     38.407781     6.346211
    1.155000     38.619197     6.303802
    1.162500     38.915215     6.283524
    1.170000     39.267760     6.306730
    1.177500     39.644676     6.299806
    1.185000     40.029479     6.212301
    1.192500     40.412909     6.083294
    1.200000     40.790266     6.041038
    1.207500     41.157487     6.135282
    1.215000     41.502113     6.235180
    1.222500     41.797496     6.273100
    1.230000     42.021884     6.312054
    1.237500     42.218016     6.300097
    1.245000     42.455274     6.260095
    1.252500     42.738847     6.292918
    1.260000     43.044614     6.337773
    1.267500     43.336281     6.361998
    1.275000     43.510617     6.504629
    1.282500     43.547697     6.701595
    1.290000     43.569305     6.688615
    1.297500     43.603178     6.427805
    1.305000     43.543561     6.129753
    1.312500     43.415163     6.005725
    1.320000     43.325286     6.024527
    1.327500     43.211743     5.984210
    1.335000     43.023824     5.767608
    1.342500     42.882168     5.464950
    1.350000     42.851480     5.351121
    1.357500     42.899205     5.572689
    1.365000     42.995162     5.831494
    1.372500     43.081235     5.896852
    1.380000     43.160876     5.878900
    1.387500     43.317077     5.902363
    1.395000     43.514657     5.977915
    1.402500     43.623691     6.038209
    1.410000     43.604896     6.021018
    1.417500     43.493170     6.097739
    1.425000     43.376850     6.309695
    1.432500     43.377866     6.363234
    1.440000     43.489825     6.128968
    1.447500     43.524904     5.904033
    1.455000     43.375836     5.917412
    1.462500     43.179177     6.022207
    1.470000     43.066321     6.084496
    1.477500     43.036832     6.126187
    1.485000     43.036827     6.124740
    1.492500     43.034993     6.035419
    1.500000     43.068776     5.899505
    1.507500     43.172179     5.814356
    1.515000     43.278537     5.827838
    1.522500     43.290863     5.933745
    1.530000     43.216966     6.133036
    1.537500     43.135719     6.295868
    1.545000     43.077888     6.263744
    1.552500     42.983506     6.017754
    1.560000     42.865413     5.800307
    1.567500     42.808894     5.859491
    1.575000     42.755377     6.051730
    1.582500     42.687317     6.134220
    1.590000     42.737883     6.238415
    1.597500     42.918555     6.457688
    1.605000     43.068585     6.573397
    1.612500     43.051499     6.366098
    1.620000     42.865335     6.038315
    1.627500     42.651433     5.904084
    1.635000     42.543808     5.918426
    1.642500     42.521349     5.942544
    1.650000     42.529195     5.984260
    1.657500     42.566180     6.022610
    1.665000     42.614127     6.042605
    1.672500     42.679210     6.062045
    1.680000     42.747178     6.013457
    1.687500     42.696530     5.834582
    1.695000     42.507814     5.493296
    1.702500     42.333989     5.121904
    1.710000     42.254803     5.053157
    1.717500     42.245495     5.298767
    1.725000     42.273553     5.509492
    1.732500     42.262349     5.538992
    1.740000     42.157687     5.536193
    1.747500     42.072301     5.580353
    1.755000     42.121877     5.648537
    1.762500     42.250084     5.812566
    1.770000     42.348752     5.998262
    1.777500     42.389433     5.925331
    1.785000     42.393927     5.569356
    1.792500     42.434431     5.242358
    1.800000     42.581293     5.173659
