#! FIELDS cyl.z file.free uncertainty
#! SET sample_size 89997
#! SET effective_sample_size 639.492
#! SET fundeltaF 31.8166
#! SET blocks_num 3
#! SET blocks_effective_num 2.04045
#! SET min_cyl.z 0.3
#! SET max_cyl.z 1.8
#! SET nbins_cyl.z 201
#! SET periodic_cyl.z false
    0.300000    203.218986     4.014049
    0.307500    187.141401     3.833416
    0.315000    171.753672     2.781567
    0.322500    155.628025     0.760235
    0.330000    138.754051     0.384452
    0.337500    122.377690     0.980612
    0.345000    106.865008     1.755027
    0.352500     92.309531     2.328192
    0.360000     78.840519     2.620262
    0.367500     66.583727     2.710721
    0.375000     55.618752     2.686929
    0.382500     45.982099     2.596202
    0.390000     37.679969     2.452653
    0.397500     30.691432     2.247556
    0.405000     24.953916     1.953102
    0.412500     20.320377     1.538492
    0.420000     16.503215     1.069389
    0.427500     13.153426     0.807391
    0.435000     10.155666     0.776058
    0.442500      7.641358     0.856728
    0.450000      5.707641     1.054794
    0.457500      4.353355     1.280142
    0.465000      3.521799     1.428796
    0.472500      3.090663     1.415978
    0.480000      2.861068     1.198463
    0.487500      2.626748     0.911873
    0.495000      2.354518     0.771706
    0.502500      2.244253     0.748345
    0.510000      2.508782     0.744585
    0.517500      3.132741     0.738762
    0.525000      3.812201     0.773138
    0.532500      4.278558     0.858797
    0.540000      4.497969     0.886458
    0.547500      4.545036     0.764159
    0.555000      4.639807     0.484440
    0.562500      4.573820     0.118005
    0.570000      3.849902     0.225073
    0.577500      2.779267     0.423822
    0.585000      1.792073     0.483303
    0.592500      1.015071     0.483708
    0.600000      0.493091     0.483793
    0.607500      0.188148     0.419156
    0.615000      0.028529     0.293421
    0.622500      0.000000     0.267455
    0.630000      0.099261     0.338529
    0.637500      0.268775     0.444936
    0.645000      0.481520     0.494890
    0.652500      0.816372     0.444727
    0.660000      1.318744     0.346424
    0.667500      1.885521     0.258902
    0.675000      2.421390     0.194114
    0.682500      3.009036     0.103818
    0.690000      3.707766     0.166093
    0.697500      4.399018     0.405414
    0.705000      5.008570     0.683266
    0.712500      5.628486     0.910197
    0.720000      6.383946     0.992717
    0.727500      7.348333     0.921655
    0.735000      8.472785     0.853962
    0.742500      9.663218     0.917587
    0.750000     11.007253     1.002277
    0.757500     12.479336     1.026735
    0.765000     13.439368     0.909454
    0.772500     13.770227     1.159382
    0.780000     14.456362     1.618319
    0.787500     15.996095     1.837043
    0.795000     18.120731     1.574528
    0.802500     19.945228     1.331807
    0.810000     21.201737     1.732852
    0.817500     22.471109     1.817152
    0.825000     23.829521     1.504064
    0.832500     24.858868     1.255625
    0.840000     25.401992     1.239024
    0.847500     25.699169     1.061917
    0.855000     25.912781     0.899059
    0.862500     26.204736     0.813484
    0.870000     26.703226     0.708807
    0.877500     27.221500     0.713564
    0.885000     27.511591     0.895607
    0.892500     27.747078     0.999265
    0.900000     28.071239     0.869826
    0.907500     28.327959     0.711407
    0.915000     28.484343     0.659503
    0.922500     28.713978     0.622773
    0.930000     29.027763     0.843545
    0.937500     29.262408     1.267036
    0.945000     29.420624     1.357096
    0.952500     29.684745     1.048832
    0.960000     30.123873     0.692383
    0.967500     30.580185     0.549942
    0.975000     30.868258     0.700506
    0.982500     31.102495     1.019091
    0.990000     31.480528     1.223585
    0.997500     31.920595     1.163250
    1.005000     32.255795     0.977266
    1.012500     32.559474     0.801860
    1.020000     32.946744     0.625295
    1.027500     33.397297     0.495202
    1.035000     33.872008     0.519646
    1.042500     34.362552     0.697218
    1.050000     34.845168     0.876465
    1.057500     35.308726     0.945919
    1.065000     35.728252     0.932089
    1.072500     36.105905     0.888625
    1.080000     36.475303     0.887198
    1.087500     36.698360     0.941620
    1.095000     36.656824     0.960008
    1.102500     36.618408     0.925632
    1.110000     36.882085     0.873736
    1.117500     37.408404     0.862495
    1.125000     37.911847     0.894162
    1.132500     38.223201     0.936028
    1.140000     38.442523     1.066196
    1.147500     38.725143     1.271385
    1.155000     39.074924     1.439433
    1.162500     39.389851     1.501121
    1.170000     39.645550     1.485080
    1.177500     39.856466     1.445821
    1.185000     40.052427     1.446870
    1.192500     40.333074     1.483300
    1.200000     40.701604     1.478763
    1.207500     41.035086     1.433273
    1.215000     41.326757     1.381354
    1.222500     41.632209     1.411801
    1.230000     41.905591     1.553620
    1.237500     42.111853     1.775746
    1.245000     42.355688     1.980047
    1.252500     42.748520     1.923906
    1.260000     43.219555     1.668848
    1.267500     43.630075     1.443970
    1.275000     43.933232     1.354015
    1.282500     44.151859     1.399455
    1.290000     44.252905     1.531001
    1.297500     44.154859     1.674683
    1.305000     43.939179     1.883281
    1.312500     43.762706     2.103731
    1.320000     43.696840     2.186675
    1.327500     43.784805     2.050546
    1.335000     43.954081     1.745208
    1.342500     43.958436     1.514248
    1.350000     43.800350     1.489142
    1.357500     43.769915     1.502665
    1.365000     43.932022     1.380698
    1.372500     44.026114     1.147963
    1.380000     43.901822     1.062918
    1.387500     43.772886     1.249037
    1.395000     43.785714     1.614611
    1.402500     43.871215     1.956590
    1.410000     43.960048     2.177461
    1.417500     44.014610     2.329674
    1.425000     43.949577     2.426281
    1.432500     43.751910     2.504983
    1.440000     43.620841     2.563702
    1.447500     43.698549     2.598554
    1.455000     43.800073     2.581506
    1.462500     43.692033     2.539976
    1.470000     43.459720     2.608735
    1.477500     43.326447     2.713275
    1.485000     43.363027     2.767806
    1.492500     43.450690     2.847438
    1.500000     43.536078     2.898915
    1.507500     43.665877     2.840082
    1.515000     43.792559     2.802032
    1.522500     43.860195     2.954052
    1.530000     43.963235     2.989921
    1.537500     44.116009     2.731261
    1.545000     44.022494     2.690576
    1.552500     43.558721     3.053875
    1.560000     43.140842     3.482848
    1.567500     43.066416     3.679128
    1.575000     43.154076     3.715038
    1.582500     43.170630     3.636457
    1.590000     43.263186     3.323513
    1.597500     43.559346     2.897804
    1.605000     43.902821     2.639049
    1.612500     44.072439     2.567285
    1.620000     44.007212     2.559556
    1.627500     43.792845     2.624026
    1.635000     43.516760     2.877498
    1.642500     43.299500     3.162761
    1.650000     43.299025     3.280503
    1.657500     43.528838     3.267018
    1.665000     43.843337     3.094460
    1.672500     44.119823     2.653616
    1.680000     44.309639     2.127210
    1.687500     44.372257     1.834030
    1.695000     44.272694     1.859910
    1.702500     43.962377     2.274055
    1.710000     43.520737     3.055151
    1.717500     43.211344     3.669977
    1.725000     43.166708     3.738085
    1.732500     43.220211     3.497235
    1.740000     43.191051     3.309574
    1.747500     43.119847     3.151358
    1.755000     43.146583     2.905686
    1.762500     43.311300     2.660166
    1.770000     43.486270     2.570079
    1.777500     43.587341     2.628893
    1.785000     43.678980     2.722425
    1.792500     43.836826     2.745576
    1.800000     44.051550     2.565639
