#! FIELDS cyl.z file.free uncertainty
#! SET sample_size 14997
#! SET effective_sample_size 116.607
#! SET fundeltaF 38.928
#! SET blocks_num 3
#! SET blocks_effective_num 1.57811
#! SET min_cyl.z 0.3
#! SET max_cyl.z 1.8
#! SET nbins_cyl.z 201
#! SET periodic_cyl.z false
    0.300000    220.325899     4.485664
    0.307500    198.213870     3.853072
    0.315000    177.427045     3.177451
    0.322500    157.951004     2.443078
    0.330000    139.773926     1.676092
    0.337500    122.888767     0.925494
    0.345000    107.293981     0.243032
    0.352500     92.992151     0.336981
    0.360000     79.986845     0.795750
    0.367500     68.278562     1.139033
    0.375000     57.860462     1.380503
    0.382500     48.714299     1.533975
    0.390000     40.807431     1.603239
    0.397500     34.093188     1.572669
    0.405000     28.516966     1.401669
    0.412500     24.023450     1.028712
    0.420000     20.542536     0.389664
    0.427500     17.912583     0.526037
    0.435000     15.750632     1.366201
    0.442500     13.621155     1.486228
    0.450000     11.599967     1.047107
    0.457500     10.013007     0.653239
    0.465000      8.904169     0.525086
    0.472500      8.117114     0.694286
    0.480000      7.511806     1.193915
    0.487500      7.010646     2.003800
    0.495000      6.654116     2.806293
    0.502500      6.606143     3.303225
    0.510000      6.884801     3.405265
    0.517500      7.179221     3.028761
    0.525000      7.071903     2.729036
    0.532500      6.614042     3.151237
    0.540000      6.323251     3.708779
    0.547500      6.424811     3.662324
    0.555000      6.250173     2.542899
    0.562500      5.084307     1.597679
    0.570000      3.637625     1.313681
    0.577500      2.408397     0.913955
    0.585000      1.440136     0.326600
    0.592500      0.755342     0.166989
    0.600000      0.284798     0.471734
    0.607500      0.000000     0.659414
    0.615000      0.033377     0.608912
    0.622500      0.294197     0.217938
    0.630000      0.449446     0.107427
    0.637500      0.600333     0.043630
    0.645000      1.111709     0.321825
    0.652500      1.991815     0.325358
    0.660000      2.902839     0.119836
    0.667500      3.557198     0.248335
    0.675000      3.894602     0.706480
    0.682500      3.978955     1.047576
    0.690000      4.150685     1.195092
    0.697500      4.845286     1.214447
    0.705000      6.251883     1.112991
    0.712500      8.186219     0.934463
    0.720000     10.073578     0.870184
    0.727500     11.522183     0.931047
    0.735000     12.807198     0.858784
    0.742500     13.941781     0.738992
    0.750000     14.688500     0.817040
    0.757500     15.498959     0.968524
    0.765000     16.762605     1.077029
    0.772500     18.472676     1.219329
    0.780000     20.289139     1.356117
    0.787500     20.524809     1.559799
    0.795000     19.600024     1.703989
    0.802500     19.480744     1.720939
    0.810000     20.628811     1.651261
    0.817500     23.048230     1.439155
    0.825000     26.349921     1.485348
    0.832500     28.488564     3.044574
    0.840000     28.445749     2.071942
    0.847500     28.580119     1.131534
    0.855000     29.537621     1.009031
    0.862500     31.172280     1.849607
    0.870000     33.072557     4.746605
    0.877500     34.641401    11.975498
    0.885000     35.329850    19.682627
    0.892500     35.202157    16.526840
    0.900000     34.790114     8.590316
    0.907500     34.488706     5.040800
    0.915000     34.189304     5.675596
    0.922500     33.779935     7.128009
    0.930000     33.654346     7.694566
    0.937500     33.988277     7.676595
    0.945000     34.423104     6.975071
    0.952500     34.692895     5.406905
    0.960000     35.073912     4.087053
    0.967500     35.725550     4.287280
    0.975000     36.406171     7.831616
    0.982500     36.946040    15.603587
    0.990000     37.467181    23.622899
    0.997500     37.924118    25.572218
    1.005000     38.206925    20.770107
    1.012500     38.526360    14.822870
    1.020000     39.160561    12.205637
    1.027500     40.148902    15.150807
    1.035000     41.199755    22.080485
    1.042500     41.965177    26.514452
    1.050000     42.704662    28.932184
    1.057500     43.797368    36.255333
    1.065000     44.840340    49.811468
    1.072500     45.109370    59.563247
    1.080000     44.928728    62.725231
    1.087500     44.814493    62.618470
    1.095000     44.874830    60.438275
    1.102500     44.988887    58.339652
    1.110000     44.947110    57.516970
    1.117500     44.660291    54.492201
    1.125000     44.290580    49.226453
    1.132500     44.236042    48.765229
    1.140000     44.710910    58.561093
    1.147500     45.396625    76.308561
    1.155000     45.735093    80.671776
    1.162500     45.784161    66.097620
    1.170000     45.960542    53.113552
    1.177500     46.373037    51.650066
    1.185000     46.871911    62.558353
    1.192500     47.336984    78.904433
    1.200000     47.592916    84.731570
    1.207500     47.458308    78.433299
    1.215000     47.238359    77.055925
    1.222500     47.305014    82.331673
    1.230000     47.547731    87.997273
    1.237500     47.527862    94.556482
    1.245000     47.223483   101.615948
    1.252500     47.212218   102.529418
    1.260000     47.874183    96.110413
    1.267500     48.941104    88.425755
    1.275000     49.414216    91.785242
    1.282500     49.129677    92.347035
    1.290000     48.909308    77.539623
    1.297500     48.800679    61.403325
    1.305000     48.635028    65.566730
    1.312500     48.736568    85.222273
    1.320000     49.410057   103.190659
    1.327500     50.554115   105.141224
    1.335000     51.448584    80.486513
    1.342500     51.095138    57.251311
    1.350000     50.147466    60.455931
    1.357500     49.652978    69.626466
    1.365000     49.773265    69.773580
    1.372500     50.067955    54.925739
    1.380000     49.936051    37.345410
    1.387500     49.405814    30.461473
    1.395000     48.893092    32.168087
    1.402500     48.598547    40.673336
    1.410000     48.679596    55.418111
    1.417500     49.255053    74.346565
    1.425000     50.102154    88.315239
    1.432500     50.541044    79.465247
    1.440000     50.212563    56.566935
    1.447500     49.700145    41.831714
    1.455000     49.386968    34.265015
    1.462500     49.081206    30.286161
    1.470000     48.725770    30.429743
    1.477500     48.634898    31.692720
    1.485000     48.898964    28.513674
    1.492500     49.359308    20.956293
    1.500000     50.059159    17.746186
    1.507500     51.038765    26.267002
    1.515000     51.907793    48.091128
    1.522500     52.169284    77.567793
    1.530000     51.763262   101.859663
    1.537500     51.213328   109.687671
    1.545000     50.917164   110.154685
    1.552500     50.849380   121.976692
    1.560000     50.794221   147.980371
    1.567500     50.597306   164.773253
    1.575000     50.542624   163.075486
    1.582500     50.995228   154.323091
    1.590000     51.767920   143.319304
    1.597500     51.990126   124.132618
    1.605000     51.411381   106.595068
    1.612500     50.834007    98.436952
    1.620000     50.651266    97.251613
    1.627500     50.789641   109.688587
    1.635000     51.107184   132.597489
    1.642500     51.613509   147.306814
    1.650000     52.269443   147.805374
    1.657500     52.754925   142.294151
    1.665000     52.870611   134.782385
    1.672500     52.816585   126.989863
    1.680000     52.890596   122.492627
    1.687500     53.257896   115.455226
    1.695000     53.800536    95.340982
    1.702500     54.081361    73.147775
    1.710000     53.647852    88.425089
    1.717500     52.704819   124.606477
    1.725000     51.963502   142.264132
    1.732500     51.738970   138.162006
    1.740000     51.770473   119.861558
    1.747500     51.685665   104.181373
    1.755000     51.417794   106.469640
    1.762500     51.125846   116.593127
    1.770000     50.886115   108.519271
    1.777500     50.470587    77.530946
    1.785000     50.002946    53.503507
    1.792500     49.911123    51.487926
    1.800000     50.175487    71.606946
