#! FIELDS cyl.z file.free uncertainty
#! SET sample_size 89997
#! SET effective_sample_size 184.856
#! SET fundeltaF 33.6612
#! SET blocks_num 3
#! SET blocks_effective_num 1.77733
#! SET min_cyl.z 0.3
#! SET max_cyl.z 1.8
#! SET nbins_cyl.z 201
#! SET periodic_cyl.z false
    0.300000    194.185698     1.816582
    0.307500    178.210487     1.816016
    0.315000    160.612743     1.814106
    0.322500    141.677148     1.813144
    0.330000    123.609450     1.812730
    0.337500    106.852434     1.812408
    0.345000     91.468204     1.812093
    0.352500     77.474288     1.811753
    0.360000     64.877592     1.811367
    0.367500     53.680803     1.810916
    0.375000     43.884486     1.810377
    0.382500     35.487463     1.809714
    0.390000     28.485550     1.808868
    0.397500     22.866955     1.807702
    0.405000     18.597956     1.805830
    0.412500     15.577684     1.802016
    0.420000     13.503979     1.793069
    0.427500     11.655867     1.777708
    0.435000      9.303607     1.768387
    0.442500      6.707016     1.769624
    0.450000      4.457490     1.772079
    0.457500      2.767697     1.771547
    0.465000      1.577328     1.768051
    0.472500      0.797334     1.762904
    0.480000      0.416620     1.754943
    0.487500      0.319217     1.738296
    0.495000      0.184025     1.712488
    0.502500      0.000000     1.687985
    0.510000      0.166157     1.663856
    0.517500      0.837003     1.628983
    0.525000      1.774235     1.570421
    0.532500      2.620160     1.504712
    0.540000      3.142937     1.477662
    0.547500      3.364133     1.425971
    0.555000      3.607445     1.200289
    0.562500      3.931901     0.584437
    0.570000      3.909101     0.829022
    0.577500      3.452550     1.842122
    0.585000      2.857772     2.221917
    0.592500      2.250804     2.116986
    0.600000      1.715615     1.928187
    0.607500      1.280437     1.862331
    0.615000      0.897141     1.887996
    0.622500      0.588093     1.948575
    0.630000      0.482105     2.004972
    0.637500      0.632293     1.927166
    0.645000      0.962421     1.653544
    0.652500      1.358783     1.403682
    0.660000      1.752695     1.385461
    0.667500      2.151647     1.449646
    0.675000      2.606557     1.579139
    0.682500      3.183906     1.870397
    0.690000      3.885970     2.281229
    0.697500      4.638690     2.682204
    0.705000      5.479503     3.194849
    0.712500      6.554511     4.179945
    0.720000      7.910829     5.544897
    0.727500      9.323127     6.593325
    0.735000     10.378716     7.012258
    0.742500     11.130017     7.407804
    0.750000     11.984680     7.925378
    0.757500     13.065089     7.972171
    0.765000     14.265454     7.273173
    0.772500     15.532786     6.439643
    0.780000     16.704699     6.086287
    0.787500     17.615061     5.919764
    0.795000     18.643955     5.382920
    0.802500     20.221815     4.864395
    0.810000     22.307854     5.159497
    0.817500     24.242438     6.737990
    0.825000     25.431029     7.861913
    0.832500     26.038506     7.507023
    0.840000     26.549230     6.868917
    0.847500     27.447657     6.654372
    0.855000     28.665657     7.093031
    0.862500     29.630084     8.214336
    0.870000     30.064848     8.770107
    0.877500     30.184765     8.114719
    0.885000     30.113810     7.395100
    0.892500     29.983801     7.371174
    0.900000     29.957543     7.688205
    0.907500     30.075328     8.085874
    0.915000     30.183687     8.550103
    0.922500     30.193244     8.851359
    0.930000     30.353196     8.801363
    0.937500     30.816011     8.293955
    0.945000     31.317646     7.453941
    0.952500     31.557259     7.002384
    0.960000     31.674871     7.298211
    0.967500     31.899652     7.967018
    0.975000     32.275465     8.362271
    0.982500     32.723418     8.089345
    0.990000     33.143901     7.568318
    0.997500     33.509516     7.507646
    1.005000     33.631710     8.181002
    1.012500     33.496494     9.045303
    1.020000     33.641839     9.340397
    1.027500     34.389811     8.886310
    1.035000     35.471805     7.904030
    1.042500     36.282516     7.319830
    1.050000     36.692460     7.442301
    1.057500     37.071703     7.417802
    1.065000     37.597366     6.840296
    1.072500     38.166841     6.070205
    1.080000     38.664380     5.577977
    1.087500     39.075223     5.255366
    1.095000     39.378401     4.986880
    1.102500     39.563064     4.894441
    1.110000     39.705980     5.055508
    1.117500     39.954544     5.414890
    1.125000     40.344141     5.815956
    1.132500     40.722825     6.194998
    1.140000     40.917079     6.583633
    1.147500     40.995286     6.759610
    1.155000     41.202589     6.554730
    1.162500     41.603950     6.220784
    1.170000     42.023383     6.146839
    1.177500     42.315738     6.303755
    1.185000     42.571682     6.269122
    1.192500     42.884800     6.002403
    1.200000     43.172102     5.999298
    1.207500     43.394046     6.433956
    1.215000     43.650501     6.841462
    1.222500     44.002839     6.981261
    1.230000     44.346528     6.991480
    1.237500     44.588802     6.872734
    1.245000     44.888415     6.522413
    1.252500     45.357422     6.125781
    1.260000     45.793397     6.039539
    1.267500     45.956237     6.454151
    1.275000     45.857600     7.191493
    1.282500     45.669584     7.809951
    1.290000     45.612208     7.865339
    1.297500     45.765385     7.171713
    1.305000     45.951463     6.073939
    1.312500     46.023264     5.391814
    1.320000     45.991171     5.467210
    1.327500     45.744947     5.795599
    1.335000     45.301031     5.610856
    1.342500     44.950067     5.032413
    1.350000     44.864556     4.772563
    1.357500     44.986451     5.200360
    1.365000     45.156744     5.857433
    1.372500     45.257062     6.147779
    1.380000     45.319894     6.277586
    1.387500     45.452209     6.537975
    1.395000     45.658120     6.787728
    1.402500     45.813798     6.723497
    1.410000     45.789709     6.432429
    1.417500     45.570475     6.630216
    1.425000     45.328252     7.264840
    1.432500     45.309710     7.461482
    1.440000     45.554795     6.772397
    1.447500     45.783624     5.778779
    1.455000     45.741929     5.627018
    1.462500     45.548389     6.108620
    1.470000     45.419792     6.458500
    1.477500     45.422258     6.508321
    1.485000     45.482779     6.409844
    1.492500     45.480862     6.391161
    1.500000     45.427798     6.404181
    1.507500     45.496360     6.166411
    1.515000     45.698593     5.711150
    1.522500     45.783119     5.658519
    1.530000     45.700323     6.275249
    1.537500     45.697646     6.834921
    1.545000     45.734294     6.672046
    1.552500     45.515949     6.002818
    1.560000     45.209956     5.801063
    1.567500     45.153030     6.198556
    1.575000     45.244440     6.568814
    1.582500     45.289576     6.307791
    1.590000     45.451055     5.818194
    1.597500     45.837008     5.801256
    1.605000     46.096980     6.319362
    1.612500     45.818261     6.577818
    1.620000     45.259812     6.429756
    1.627500     44.883290     6.313594
    1.635000     44.818823     6.183354
    1.642500     44.964394     5.761242
    1.650000     45.163095     4.981667
    1.657500     45.311430     4.309707
    1.665000     45.409563     4.301940
    1.672500     45.492302     4.753395
    1.680000     45.496896     4.962721
    1.687500     45.280365     4.683535
    1.695000     44.842590     4.234812
    1.702500     44.428606     4.011767
    1.710000     44.242202     4.269530
    1.717500     44.296491     4.787625
    1.725000     44.450367     4.953565
    1.732500     44.471461     4.802030
    1.740000     44.335760     4.886218
    1.747500     44.268161     5.066022
    1.755000     44.429558     5.025360
    1.762500     44.811725     4.861488
    1.770000     45.156140     4.849160
    1.777500     45.106313     4.915040
    1.785000     44.776373     4.804688
    1.792500     44.570289     4.677339
    1.800000     44.658542     4.715253
