#! FIELDS cyl.z file.free uncertainty
#! SET sample_size 189999
#! SET effective_sample_size 1012.56
#! SET fundeltaF 30.3678
#! SET blocks_num 3
#! SET blocks_effective_num 2.8168
#! SET min_cyl.z 0.3
#! SET max_cyl.z 1.8
#! SET nbins_cyl.z 201
#! SET periodic_cyl.z false
    0.300000    204.774782     3.042410
    0.307500    188.107020     2.283886
    0.315000    171.355999     1.550844
    0.322500    154.363624     1.576506
    0.330000    137.906765     1.499641
    0.337500    122.316777     1.467208
    0.345000    107.539765     1.672014
    0.352500     93.511821     2.006522
    0.360000     80.338695     2.244237
    0.367500     68.219097     2.332252
    0.375000     57.308124     2.317501
    0.382500     47.685729     2.240677
    0.390000     39.377623     2.117003
    0.397500     32.369867     1.942609
    0.405000     26.601164     1.701740
    0.412500     21.926498     1.390901
    0.420000     18.072136     1.103588
    0.427500     14.712164     1.011269
    0.435000     11.724200     1.024178
    0.442500      9.208836     1.032018
    0.450000      7.252381     1.064996
    0.457500      5.860601     1.119319
    0.465000      4.988181     1.148429
    0.472500      4.526497     1.106798
    0.480000      4.293161     0.991141
    0.487500      4.092195     0.915955
    0.495000      3.871210     0.956890
    0.502500      3.797949     1.017097
    0.510000      4.071721     1.034306
    0.517500      4.674328     0.998800
    0.525000      5.310670     0.947468
    0.532500      5.723397     0.924954
    0.540000      5.861583     0.875476
    0.547500      5.723826     0.666474
    0.555000      5.401705     0.213363
    0.562500      4.784145     0.304367
    0.570000      3.829301     0.443870
    0.577500      2.837898     0.341474
    0.585000      1.984556     0.208729
    0.592500      1.265103     0.178583
    0.600000      0.666354     0.251896
    0.607500      0.222646     0.338399
    0.615000      0.000000     0.355740
    0.622500      0.013064     0.307412
    0.630000      0.182818     0.246539
    0.637500      0.424424     0.189523
    0.645000      0.733917     0.129649
    0.652500      1.137083     0.099091
    0.660000      1.627630     0.126374
    0.667500      2.160691     0.166978
    0.675000      2.708810     0.159946
    0.682500      3.353766     0.099974
    0.690000      4.148197     0.146695
    0.697500      4.963247     0.338828
    0.705000      5.681361     0.547195
    0.712500      6.360794     0.710154
    0.720000      7.112435     0.753794
    0.727500      8.005909     0.661378
    0.735000      9.022740     0.524813
    0.742500     10.120669     0.470168
    0.750000     11.380792     0.478160
    0.757500     12.796710     0.449114
    0.765000     13.954469     0.512339
    0.772500     14.636457     0.831739
    0.780000     15.360183     1.068181
    0.787500     16.406230     0.995023
    0.795000     17.610877     0.745950
    0.802500     18.869753     0.361993
    0.810000     20.227239     0.191811
    0.817500     21.662754     0.565133
    0.825000     23.023293     0.696185
    0.832500     24.176223     0.623019
    0.840000     25.122157     0.409410
    0.847500     25.815627     0.399455
    0.855000     26.188600     0.431679
    0.862500     26.389491     0.326526
    0.870000     26.673263     0.177338
    0.877500     27.044538     0.101725
    0.885000     27.336610     0.184374
    0.892500     27.555057     0.234228
    0.900000     27.767135     0.169402
    0.907500     27.906598     0.157971
    0.915000     27.954949     0.222399
    0.922500     28.074643     0.255016
    0.930000     28.371635     0.224812
    0.937500     28.727415     0.144813
    0.945000     28.996600     0.054744
    0.952500     29.216599     0.090864
    0.960000     29.492914     0.199318
    0.967500     29.821447     0.239603
    0.975000     30.115777     0.307641
    0.982500     30.392546     0.445377
    0.990000     30.745795     0.524375
    0.997500     31.130216     0.492516
    1.005000     31.466251     0.418981
    1.012500     31.814264     0.356158
    1.020000     32.233749     0.314430
    1.027500     32.723623     0.279193
    1.035000     33.259522     0.242223
    1.042500     33.762632     0.236060
    1.050000     34.141494     0.282012
    1.057500     34.413429     0.357340
    1.065000     34.667072     0.398513
    1.072500     34.950649     0.376095
    1.080000     35.265526     0.348812
    1.087500     35.572988     0.315043
    1.095000     35.806078     0.198589
    1.102500     35.983497     0.072420
    1.110000     36.225726     0.086068
    1.117500     36.583131     0.210039
    1.125000     36.979099     0.300669
    1.132500     37.317503     0.328478
    1.140000     37.596685     0.370136
    1.147500     37.898146     0.425188
    1.155000     38.225523     0.456457
    1.162500     38.500553     0.479663
    1.170000     38.740447     0.506458
    1.177500     39.015747     0.526366
    1.185000     39.332485     0.534279
    1.192500     39.677789     0.515674
    1.200000     40.023080     0.469415
    1.207500     40.312266     0.433932
    1.215000     40.555238     0.423716
    1.222500     40.821895     0.429643
    1.230000     41.146966     0.437330
    1.237500     41.528051     0.480472
    1.245000     41.937844     0.560219
    1.252500     42.312662     0.523691
    1.260000     42.621602     0.399919
    1.267500     42.834127     0.347514
    1.275000     42.907251     0.392556
    1.282500     42.966182     0.416102
    1.290000     43.152872     0.361358
    1.297500     43.376189     0.323657
    1.305000     43.424318     0.441803
    1.312500     43.289507     0.565400
    1.320000     43.166179     0.593751
    1.327500     43.147206     0.517291
    1.335000     43.143037     0.380505
    1.342500     43.074399     0.304596
    1.350000     42.983855     0.361990
    1.357500     42.906220     0.475658
    1.365000     42.834502     0.556676
    1.372500     42.774001     0.575958
    1.380000     42.748090     0.518235
    1.387500     42.793784     0.471783
    1.395000     42.880252     0.477958
    1.402500     42.889731     0.501942
    1.410000     42.790660     0.501184
    1.417500     42.673658     0.463481
    1.425000     42.591573     0.459418
    1.432500     42.522950     0.522682
    1.440000     42.508389     0.614012
    1.447500     42.600398     0.689198
    1.455000     42.677806     0.695455
    1.462500     42.595246     0.590252
    1.470000     42.432758     0.464072
    1.477500     42.397689     0.430554
    1.485000     42.541360     0.503652
    1.492500     42.685698     0.610283
    1.500000     42.728476     0.631191
    1.507500     42.762830     0.575321
    1.515000     42.830517     0.542484
    1.522500     42.853565     0.528238
    1.530000     42.826707     0.477997
    1.537500     42.839465     0.428437
    1.545000     42.846433     0.418068
    1.552500     42.762872     0.499902
    1.560000     42.699859     0.664860
    1.567500     42.765609     0.771552
    1.575000     42.835745     0.810914
    1.582500     42.778724     0.821874
    1.590000     42.725991     0.775041
    1.597500     42.810257     0.654917
    1.605000     42.969643     0.487949
    1.612500     43.082005     0.333969
    1.620000     43.074134     0.244641
    1.627500     42.960426     0.235431
    1.635000     42.788640     0.284355
    1.642500     42.625993     0.345223
    1.650000     42.553840     0.358406
    1.657500     42.546330     0.369177
    1.665000     42.536227     0.503090
    1.672500     42.547640     0.683023
    1.680000     42.585049     0.779804
    1.687500     42.590919     0.751661
    1.695000     42.542836     0.651928
    1.702500     42.432071     0.517056
    1.710000     42.292240     0.365241
    1.717500     42.231307     0.300952
    1.725000     42.311386     0.335981
    1.732500     42.454506     0.361510
    1.740000     42.542543     0.441981
    1.747500     42.529175     0.507063
    1.755000     42.458868     0.464118
    1.762500     42.379798     0.446385
    1.770000     42.283853     0.550922
    1.777500     42.206654     0.641017
    1.785000     42.199880     0.638277
    1.792500     42.293948     0.595294
    1.800000     42.533956     0.555785
