#! FIELDS cyl.z file.free uncertainty
#! SET sample_size 14997
#! SET effective_sample_size 51.9776
#! SET fundeltaF 25.5387
#! SET blocks_num 3
#! SET blocks_effective_num 1.05091
#! SET min_cyl.z 0.3
#! SET max_cyl.z 1.8
#! SET nbins_cyl.z 201
#! SET periodic_cyl.z false
    0.300000    214.275133     1.757423
    0.307500    193.182319     1.755616
    0.315000    173.492464     1.750822
    0.322500    155.205383     1.737897
    0.330000    138.320550     1.702588
    0.337500    122.836425     1.606454
    0.345000    108.748410     1.367631
    0.352500     96.042534     1.246116
    0.360000     84.676543     3.919038
    0.367500     74.530395    12.657807
    0.375000     65.330652    31.384461
    0.382500     56.731689    55.715597
    0.390000     48.701716    72.037018
    0.397500     41.530214    77.854516
    0.405000     35.409838    78.888676
    0.412500     30.284666    79.471697
    0.420000     25.887063    81.794127
    0.427500     21.950139    85.492925
    0.435000     18.509405    88.620495
    0.442500     15.794662    90.548217
    0.450000     13.963471    91.586659
    0.457500     13.022572    91.941007
    0.465000     12.683344    91.729150
    0.472500     12.150754    91.625802
    0.480000     11.178505    92.053955
    0.487500     10.596922    92.038896
    0.495000     10.858078    90.545190
    0.502500     11.907276    86.126630
    0.510000     13.407834    79.043205
    0.517500     14.460247    76.991967
    0.525000     13.735804    79.303985
    0.532500     12.218802    74.087131
    0.540000     11.083148    62.863793
    0.547500     10.399022    42.785121
    0.555000      9.736927    18.457736
    0.562500      8.654066     4.557723
    0.570000      7.056737     2.522990
    0.577500      5.286928     2.777940
    0.585000      3.685288     2.259402
    0.592500      2.410430     1.704959
    0.600000      1.494585     1.446083
    0.607500      0.861243     1.306519
    0.615000      0.459564     1.190390
    0.622500      0.222694     1.151649
    0.630000      0.042206     1.262269
    0.637500      0.000000     1.376539
    0.645000      0.273790     1.393966
    0.652500      0.902120     1.340287
    0.660000      1.734015     1.273553
    0.667500      2.628924     1.249806
    0.675000      3.702464     1.213692
    0.682500      5.045090     1.063724
    0.690000      6.578354     0.782264
    0.697500      8.246307     0.653333
    0.705000      9.538497     0.898773
    0.712500      9.615276     0.909411
    0.720000      9.315159     1.036550
    0.727500      9.466408     1.154151
    0.735000      9.908181     1.204966
    0.742500     10.380102     1.234429
    0.750000     11.078136     1.310049
    0.757500     12.126404     1.413498
    0.765000     13.563916     1.399484
    0.772500     15.530967     1.118022
    0.780000     17.570056     0.519588
    0.787500     18.244869     0.576846
    0.795000     17.717911     0.983354
    0.802500     17.393729     1.396957
    0.810000     18.001561     1.496930
    0.817500     19.746183     1.368269
    0.825000     22.435828     0.844126
    0.832500     25.164697     1.656599
    0.840000     26.519782     5.286653
    0.847500     26.594854     9.640086
    0.855000     26.411576    13.648053
    0.862500     26.508081    15.118250
    0.870000     26.943691    13.237795
    0.877500     27.235960     9.425724
    0.885000     27.015617     7.399228
    0.892500     26.869875     7.301968
    0.900000     27.330101     7.907602
    0.907500     28.227451     9.539874
    0.915000     28.815104    11.653435
    0.922500     28.939461    13.530832
    0.930000     29.008146    17.285677
    0.937500     29.196929    23.700854
    0.945000     29.677155    29.300670
    0.952500     30.409409    28.825285
    0.960000     31.061833    22.346180
    0.967500     31.547857    17.699955
    0.975000     31.958732    19.427583
    0.982500     32.140907    28.089819
    0.990000     32.009686    38.463516
    0.997500     31.760743    42.942649
    1.005000     31.704500    38.721850
    1.012500     32.035073    28.704356
    1.020000     32.745207    19.858044
    1.027500     33.643637    18.691804
    1.035000     34.442165    21.467249
    1.042500     35.004850    21.830981
    1.050000     35.300339    19.298053
    1.057500     35.403324    16.937603
    1.065000     35.558595    17.454359
    1.072500     35.871654    20.745616
    1.080000     36.327757    25.811250
    1.087500     36.655072    35.635817
    1.095000     36.241147    54.760085
    1.102500     35.562871    66.754440
    1.110000     35.513087    67.593717
    1.117500     36.200743    59.480105
    1.125000     37.008043    50.078533
    1.132500     37.162691    52.672057
    1.140000     36.999981    57.786122
    1.147500     37.231663    57.907160
    1.155000     37.963862    56.090341
    1.162500     38.813248    54.053822
    1.170000     39.316857    47.632437
    1.177500     39.274833    38.110371
    1.185000     38.968062    33.426857
    1.192500     38.891260    34.325464
    1.200000     39.174145    38.196182
    1.207500     39.555207    41.130283
    1.215000     39.808645    40.120598
    1.222500     39.962418    40.478602
    1.230000     40.136891    45.666517
    1.237500     40.539474    51.828331
    1.245000     41.269232    58.467533
    1.252500     42.069149    65.587356
    1.260000     42.423152    71.128955
    1.267500     42.327444    75.110372
    1.275000     42.471418    75.861973
    1.282500     43.179251    69.656797
    1.290000     43.950362    56.032107
    1.297500     44.170850    49.635070
    1.305000     44.087375    54.108535
    1.312500     43.916355    58.955197
    1.320000     43.773264    59.646775
    1.327500     43.697410    57.759254
    1.335000     43.506832    62.549524
    1.342500     43.191296    75.068927
    1.350000     43.003857    84.208152
    1.357500     42.958151    86.964532
    1.365000     42.711258    87.557756
    1.372500     42.230514    89.073297
    1.380000     41.797856    90.309435
    1.387500     41.422532    91.801891
    1.395000     41.126318    93.533175
    1.402500     41.126561    94.174975
    1.410000     41.453761    93.718323
    1.417500     41.614747    92.903273
    1.425000     41.161535    93.115136
    1.432500     40.619648    95.174994
    1.440000     40.582499    97.993010
    1.447500     41.040547   100.514156
    1.455000     41.165333   102.317018
    1.462500     40.312846   103.230000
    1.470000     39.314349   103.167517
    1.477500     38.801710   102.138148
    1.485000     38.763202   100.462674
    1.492500     38.794233    99.453026
    1.500000     38.692171    99.974861
    1.507500     38.697442   100.997462
    1.515000     38.787954   101.650021
    1.522500     38.760963   101.257116
    1.530000     38.939342    99.412692
    1.537500     39.572321    96.399063
    1.545000     39.705115    96.286962
    1.552500     38.620813    99.995955
    1.560000     37.674202   101.911993
    1.567500     37.406080   102.643236
    1.575000     37.466444   103.108423
    1.582500     37.544842   103.285485
    1.590000     37.890345   103.051776
    1.597500     38.650765   102.685623
    1.605000     39.460226   102.309137
    1.612500     39.858284   101.405531
    1.620000     39.771438   100.269852
    1.627500     39.282174   100.083400
    1.635000     38.575982   100.687335
    1.642500     38.057296   101.373037
    1.650000     37.972630   101.925689
    1.657500     38.227526   102.142457
    1.665000     38.641688   101.791896
    1.672500     39.219363   100.925271
    1.680000     39.914811    99.975850
    1.687500     40.429163    99.989386
    1.695000     40.462907   101.298461
    1.702500     39.653154   102.661046
    1.710000     38.396221   102.953317
    1.717500     37.601694   102.547036
    1.725000     37.487167   102.068344
    1.732500     37.677160   102.182627
    1.740000     37.771393   102.756368
    1.747500     37.840885   102.942695
    1.755000     38.106871   102.835080
    1.762500     38.542165   102.827104
    1.770000     38.877843   102.668245
    1.777500     38.974973   101.950155
    1.785000     38.969034   100.463424
    1.792500     39.073790    97.812127
    1.800000     39.405325    94.561481
