#! FIELDS cyl.z file.free uncertainty
#! SET sample_size 14997
#! SET effective_sample_size 100.295
#! SET fundeltaF 42.3926
#! SET blocks_num 3
#! SET blocks_effective_num 1.03572
#! SET min_cyl.z 0.3
#! SET max_cyl.z 1.8
#! SET nbins_cyl.z 201
#! SET periodic_cyl.z false
    0.300000    194.133576     1.763897
    0.307500    178.158593     1.763897
    0.315000    160.561614     1.763897
    0.322500    141.626405     1.763897
    0.330000    123.558873     1.763897
    0.337500    106.801987     1.763897
    0.345000     91.417883     1.763897
    0.352500     77.424103     1.763897
    0.360000     64.827562     1.763896
    0.367500     53.630954     1.763896
    0.375000     43.834854     1.763896
    0.382500     35.438096     1.763895
    0.390000     28.436523     1.763891
    0.397500     22.818396     1.763880
    0.405000     18.550149     1.763839
    0.412500     15.531413     1.763685
    0.420000     13.461342     1.763157
    0.427500     11.619569     1.761977
    0.435000      9.271137     1.760985
    0.442500      6.673927     1.760930
    0.450000      4.423324     1.761283
    0.457500      2.733710     1.761655
    0.465000      1.544741     1.761961
    0.472500      0.766824     1.762243
    0.480000      0.389331     1.762507
    0.487500      0.298676     1.762646
    0.495000      0.173989     1.762627
    0.502500      0.000000     1.762456
    0.510000      0.176103     1.761926
    0.517500      0.861445     1.760894
    0.525000      1.823558     1.759775
    0.532500      2.699294     1.757958
    0.540000      3.239936     1.747319
    0.547500      3.497168     1.705841
    0.555000      3.866681     1.587337
    0.562500      4.559392     1.331353
    0.570000      5.341465     0.975733
    0.577500      5.860999     0.634792
    0.585000      5.787603     0.252078
    0.592500      5.058388     0.377176
    0.600000      4.253019     1.386217
    0.607500      3.696696     2.507491
    0.615000      3.302381     3.064302
    0.622500      3.023124     3.122860
    0.630000      2.953175     3.507705
    0.637500      3.017151     4.321786
    0.645000      3.078455     4.837327
    0.652500      3.167659     4.822329
    0.660000      3.375974     4.685164
    0.667500      3.749046     4.906614
    0.675000      4.281072     5.768154
    0.682500      5.011890     7.641579
    0.690000      5.967122    10.714927
    0.697500      7.015058    13.426104
    0.705000      8.040256    14.608100
    0.712500      9.225983    17.290909
    0.720000     10.837003    24.586569
    0.727500     12.623755    35.753257
    0.735000     13.807663    40.914783
    0.742500     14.645151    37.234295
    0.750000     15.804557    29.712390
    0.757500     16.871470    20.466221
    0.765000     17.445448    21.909177
    0.772500     18.188498    33.713942
    0.780000     19.455623    54.341788
    0.787500     21.260557    77.971407
    0.795000     23.726447    99.965184
    0.802500     26.792929   123.040713
    0.810000     29.330566   122.535286
    0.817500     30.320463   119.225468
    0.825000     30.516533   136.661914
    0.832500     30.272627   114.991493
    0.840000     30.415075    90.880313
    0.847500     31.516675    77.287250
    0.855000     33.559006    64.346279
    0.862500     35.973886    64.571109
    0.870000     37.510303   192.739829
    0.877500     37.428018   366.778196
    0.885000     36.389095   345.146903
    0.892500     35.131437   198.411035
    0.900000     34.382318    90.348828
    0.907500     34.596526    42.842073
    0.915000     35.716336    32.470445
    0.922500     36.760027    44.600775
    0.930000     36.696887    48.959062
    0.937500     36.314251    41.613198
    0.945000     36.040309    33.754213
    0.952500     35.837679    30.464765
    0.960000     36.021014    34.364215
    0.967500     36.924661    49.217838
    0.975000     38.387767    86.271893
    0.982500     39.658140   154.382444
    0.990000     40.365093   244.359280
    0.997500     40.740489   340.569719
    1.005000     40.813705   386.495158
    1.012500     40.971447   374.553681
    1.020000     41.558657   336.802679
    1.027500     42.365640   280.775412
    1.035000     43.028310   232.990051
    1.042500     43.461494   218.767205
    1.050000     43.720136   220.041837
    1.057500     43.935578   220.470656
    1.065000     44.201999   212.051916
    1.072500     44.565072   190.296110
    1.080000     45.189177   177.996929
    1.087500     46.211778   203.526873
    1.095000     47.222656   252.130968
    1.102500     47.301941   230.828193
    1.110000     46.837632   175.606437
    1.117500     46.792686   158.949103
    1.125000     47.459934   186.978936
    1.132500     48.692148   265.001356
    1.140000     50.073488   369.002557
    1.147500     51.225577   447.423237
    1.155000     52.081484   495.043302
    1.162500     52.615179   513.932191
    1.170000     52.772484   479.934586
    1.177500     52.733409   448.939824
    1.185000     52.568368   514.615397
    1.192500     52.228985   646.451747
    1.200000     52.007393   732.469170
    1.207500     52.338967   738.287078
    1.215000     53.232180   675.397424
    1.222500     53.978956   610.149853
    1.230000     54.103254   613.080961
    1.237500     54.240082   599.765885
    1.245000     54.750204   543.223941
    1.252500     55.487285   499.697971
    1.260000     56.075403   482.645867
    1.267500     56.326860   426.308707
    1.275000     56.579304   353.697682
    1.282500     57.008377   328.671362
    1.290000     57.299177   358.095322
    1.297500     56.993082   395.851555
    1.305000     56.288563   410.429422
    1.312500     55.703870   431.097745
    1.320000     55.563277   487.217522
    1.327500     56.003857   547.732673
    1.335000     56.818546   558.039881
    1.342500     57.355793   509.774772
    1.350000     57.224050   416.681041
    1.357500     56.690279   280.305462
    1.365000     56.210771   167.674551
    1.372500     56.267892   109.565588
    1.380000     56.986044    86.840781
    1.387500     57.843565    87.024850
    1.395000     58.002553   105.632235
    1.402500     57.441902   122.881622
    1.410000     56.525766   155.593268
    1.417500     55.553135   204.397416
    1.425000     54.702076   215.955834
    1.432500     54.030414   182.353613
    1.440000     53.623472   162.697525
    1.447500     53.587686   189.879607
    1.455000     53.978328   241.558020
    1.462500     54.640307   283.526016
    1.470000     55.188051   311.428927
    1.477500     55.465360   339.104486
    1.485000     55.639573   376.452464
    1.492500     55.634062   446.867062
    1.500000     55.283563   571.186831
    1.507500     54.834966   696.098456
    1.515000     54.688521   734.810590
    1.522500     54.975001   670.321740
    1.530000     55.549052   518.474754
    1.537500     55.895850   283.910851
    1.545000     55.474486   115.333663
    1.552500     54.888325    95.455437
    1.560000     54.745206   150.532195
    1.567500     54.910862   242.228325
    1.575000     54.866812   297.635842
    1.582500     54.475714   277.111659
    1.590000     54.174587   244.562066
    1.597500     54.308455   245.873933
    1.605000     54.944981   293.338711
    1.612500     55.813784   382.806598
    1.620000     56.248682   441.718213
    1.627500     55.894612   421.262342
    1.635000     55.273124   422.307941
    1.642500     54.920623   455.803611
    1.650000     54.912565   456.997436
    1.657500     54.780090   369.462475
    1.665000     54.255379   258.129317
    1.672500     53.877152   183.290808
    1.680000     53.936262   130.194362
    1.687500     54.182011   108.374738
    1.695000     54.207715   123.272462
    1.702500     53.999275   140.552196
    1.710000     53.835216   143.518791
    1.717500     53.960255   139.041111
    1.725000     54.392445   132.973039
    1.732500     54.775928   129.804347
    1.740000     54.748113   117.795107
    1.747500     54.543903   100.445606
    1.755000     54.634115    96.965284
    1.762500     55.035355   110.468052
    1.770000     55.049518   122.010437
    1.777500     54.484449   125.846200
    1.785000     54.108779   141.489098
    1.792500     54.137462   151.017431
    1.800000     54.268633   129.171208
