#! FIELDS cyl.z file.free uncertainty
#! SET sample_size 89997
#! SET effective_sample_size 212.695
#! SET fundeltaF 31.9183
#! SET blocks_num 3
#! SET blocks_effective_num 1.73911
#! SET min_cyl.z 0.3
#! SET max_cyl.z 1.8
#! SET nbins_cyl.z 201
#! SET periodic_cyl.z false
    0.300000    187.517777     5.121220
    0.307500    173.044038     5.111977
    0.315000    159.954699     5.054917
    0.322500    148.133626     4.715307
    0.330000    136.663349     3.556268
    0.337500    122.861840     2.085968
    0.345000    107.870602     1.540860
    0.352500     93.688348     1.696769
    0.360000     80.708237     1.752897
    0.367500     69.000793     1.754036
    0.375000     58.573286     1.730035
    0.382500     49.407533     1.681278
    0.390000     41.464770     1.593981
    0.397500     34.685975     1.442446
    0.405000     28.996121     1.192640
    0.412500     24.309897     0.830978
    0.420000     20.518791     0.572715
    0.427500     17.442381     1.025216
    0.435000     14.821631     1.651419
    0.442500     12.509134     1.886772
    0.450000     10.592459     1.756031
    0.457500      9.129173     1.589440
    0.465000      7.985416     1.627556
    0.472500      7.023500     1.845290
    0.480000      6.244097     2.054283
    0.487500      5.715908     2.089450
    0.495000      5.485959     1.944679
    0.502500      5.538876     1.822879
    0.510000      5.862807     1.757467
    0.517500      6.410518     1.393665
    0.525000      6.873394     0.561672
    0.532500      6.897081     0.771466
    0.540000      6.751460     1.060777
    0.547500      6.776254     0.894282
    0.555000      6.440329     0.557454
    0.562500      5.181216     0.360015
    0.570000      3.693163     0.274241
    0.577500      2.439487     0.230095
    0.585000      1.457693     0.200680
    0.592500      0.766386     0.176111
    0.600000      0.311231     0.203729
    0.607500      0.032110     0.216039
    0.615000      0.000000     0.099566
    0.622500      0.176323     0.110969
    0.630000      0.350558     0.089300
    0.637500      0.553488     0.095197
    0.645000      1.022319     0.027983
    0.652500      1.755683     0.249185
    0.660000      2.510161     0.530168
    0.667500      3.139754     0.668033
    0.675000      3.616918     0.749374
    0.682500      3.933671     0.905530
    0.690000      4.299132     1.074386
    0.697500      5.061343     1.155890
    0.705000      6.384141     1.164563
    0.712500      8.060723     1.341073
    0.720000      9.562674     1.884081
    0.727500     10.679851     2.212935
    0.735000     11.768547     2.201524
    0.742500     12.970469     2.118343
    0.750000     14.075788     2.036210
    0.757500     15.113040     2.125009
    0.765000     16.305398     2.531353
    0.772500     17.750244     3.140487
    0.780000     19.330850     3.600377
    0.787500     20.116628     2.575489
    0.795000     19.846312     1.366167
    0.802500     19.933203     1.301414
    0.810000     21.076340     1.269636
    0.817500     23.286717     1.131677
    0.825000     25.906085     1.655053
    0.832500     27.372090     2.487884
    0.840000     27.617291     2.300642
    0.847500     27.903644     2.324044
    0.855000     28.632718     2.868389
    0.862500     29.551637     3.774768
    0.870000     30.256550     4.464197
    0.877500     30.719987     4.828701
    0.885000     31.025254     5.321589
    0.892500     31.115695     5.839003
    0.900000     31.031130     5.798157
    0.907500     30.895812     5.256456
    0.915000     30.794531     4.823455
    0.922500     30.750207     4.936581
    0.930000     30.821651     5.561368
    0.937500     31.080289     6.085309
    0.945000     31.429519     5.886199
    0.952500     31.734846     5.266776
    0.960000     32.078002     5.020250
    0.967500     32.558532     5.295527
    0.975000     33.046746     5.853604
    0.982500     33.386184     6.333048
    0.990000     33.646200     6.525603
    0.997500     33.948167     6.589882
    1.005000     34.321324     6.659854
    1.012500     34.749757     6.644417
    1.020000     35.197397     6.554006
    1.027500     35.610245     6.680131
    1.035000     35.965404     7.151270
    1.042500     36.341220     7.687533
    1.050000     36.817197     8.100958
    1.057500     37.326656     8.347756
    1.065000     37.800957     8.357637
    1.072500     38.250679     8.326868
    1.080000     38.619581     8.519108
    1.087500     38.835520     8.822317
    1.095000     38.939851     8.819603
    1.102500     39.016833     8.337722
    1.110000     39.150991     7.899061
    1.117500     39.434430     7.967491
    1.125000     39.807332     8.284392
    1.132500     40.106592     8.595709
    1.140000     40.363504     8.976889
    1.147500     40.702460     9.152002
    1.155000     41.126949     8.755773
    1.162500     41.538559     8.125953
    1.170000     41.881617     7.986256
    1.177500     42.202260     8.257390
    1.185000     42.527272     8.432072
    1.192500     42.849206     8.470477
    1.200000     43.127789     8.487343
    1.207500     43.324155     8.326864
    1.215000     43.510850     7.957227
    1.222500     43.795144     7.622965
    1.230000     44.162897     7.356675
    1.237500     44.433376     7.121177
    1.245000     44.524540     7.069030
    1.252500     44.621202     7.390049
    1.260000     44.856876     8.138488
    1.267500     45.229207     8.712425
    1.275000     45.668480     8.338155
    1.282500     46.014471     7.187758
    1.290000     46.134689     6.440609
    1.297500     45.994527     6.628622
    1.305000     45.779709     6.880965
    1.312500     45.773881     6.824501
    1.320000     46.021679     7.005470
    1.327500     46.308847     7.688457
    1.335000     46.342327     8.262144
    1.342500     46.101395     8.116134
    1.350000     45.817885     7.580086
    1.357500     45.625922     7.233176
    1.365000     45.592703     7.186382
    1.372500     45.753799     7.210118
    1.380000     45.880179     7.353634
    1.387500     45.696513     7.766513
    1.395000     45.351207     8.103302
    1.402500     45.037617     8.229044
    1.410000     44.808971     8.515029
    1.417500     44.673846     9.209648
    1.425000     44.558689     9.995582
    1.432500     44.492617    10.305233
    1.440000     44.618612     9.899663
    1.447500     44.890187     8.933138
    1.455000     45.094481     7.987310
    1.462500     45.103849     7.490950
    1.470000     44.909638     7.401207
    1.477500     44.653049     7.722090
    1.485000     44.564096     8.321830
    1.492500     44.684093     8.992071
    1.500000     44.884584     9.525267
    1.507500     45.014792     9.688029
    1.515000     45.011876     9.440971
    1.522500     44.986808     8.945351
    1.530000     44.999204     8.526677
    1.537500     45.073893     8.462894
    1.545000     45.278416     8.617764
    1.552500     45.461088     8.927295
    1.560000     45.344482     9.599566
    1.567500     45.032253    10.334567
    1.575000     44.852795    10.726309
    1.582500     44.866301    10.803635
    1.590000     44.890977    10.709846
    1.597500     44.805714    10.599783
    1.605000     44.658347    10.619475
    1.612500     44.498818    10.848160
    1.620000     44.358365    11.170777
    1.627500     44.315874    11.271693
    1.635000     44.341888    11.138949
    1.642500     44.271399    11.104843
    1.650000     44.135049    11.160992
    1.657500     44.171230    11.004807
    1.665000     44.434582    10.572273
    1.672500     44.637655    10.184353
    1.680000     44.552147    10.234598
    1.687500     44.364873    10.496392
    1.695000     44.272866    10.637171
    1.702500     44.252508    10.721818
    1.710000     44.241938    10.979224
    1.717500     44.177665    11.448791
    1.725000     44.033852    11.885350
    1.732500     43.980506    12.015417
    1.740000     44.113024    11.756428
    1.747500     44.304997    11.303442
    1.755000     44.404338    11.106007
    1.762500     44.376398    11.319183
    1.770000     44.268456    11.599667
    1.777500     44.116424    11.595902
    1.785000     43.936829    11.488502
    1.792500     43.824121    11.630678
    1.800000     43.929648    11.877673
