#! FIELDS cyl.z file.free uncertainty
#! SET sample_size 14997
#! SET effective_sample_size 68.0959
#! SET fundeltaF 20.4949
#! SET blocks_num 3
#! SET blocks_effective_num 1.18758
#! SET min_cyl.z 0.3
#! SET max_cyl.z 1.8
#! SET nbins_cyl.z 201
#! SET periodic_cyl.z false
    0.300000    139.662253     1.771248
    0.307500    123.109811     1.771247
    0.315000    107.957310     1.771247
    0.322500     94.203032     1.771241
    0.330000     81.844345     1.771209
    0.337500     70.877237     1.771023
    0.345000     61.295634     1.769946
    0.352500     53.090182     1.763782
    0.360000     46.244956     1.729163
    0.367500     40.723720     1.541449
    0.375000     36.406987     0.615837
    0.382500     32.880469     2.815737
    0.390000     29.359908     8.556361
    0.397500     25.720853    10.873929
    0.405000     22.377261     8.177645
    0.412500     19.192208     3.052912
    0.420000     16.152900     0.199379
    0.427500     13.604444     1.029354
    0.435000     11.646456     0.997218
    0.442500     10.182018     0.864321
    0.450000      9.135046     0.848617
    0.457500      8.304450     0.922618
    0.465000      7.232800     0.977640
    0.472500      5.767529     0.936291
    0.480000      4.317069     0.893274
    0.487500      3.203644     0.869677
    0.495000      2.412620     0.765844
    0.502500      1.787101     0.579140
    0.510000      1.281469     0.453883
    0.517500      0.918946     0.423489
    0.525000      0.733049     0.335739
    0.532500      0.801542     0.115426
    0.540000      1.033183     0.702147
    0.547500      1.136919     1.109366
    0.555000      0.908680     0.690803
    0.562500      0.401506     0.152933
    0.570000      0.000000     0.520908
    0.577500      0.075925     0.542716
    0.585000      0.664745     0.471112
    0.592500      1.577080     0.381555
    0.600000      2.743999     0.119097
    0.607500      4.152919     1.146937
    0.615000      5.400371     2.615914
    0.622500      5.965756     3.325903
    0.630000      5.770625     2.619426
    0.637500      5.121560     1.409442
    0.645000      4.744765     0.768594
    0.652500      4.976585     0.639317
    0.660000      5.561794     0.630042
    0.667500      6.367776     0.504696
    0.675000      7.750932     0.555409
    0.682500      9.877886     1.153697
    0.690000     12.136987     2.009328
    0.697500     13.058941     2.437019
    0.705000     12.893549     3.686888
    0.712500     12.838582     5.871419
    0.720000     13.067628     8.311427
    0.727500     13.283158    10.129858
    0.735000     13.057177    10.500480
    0.742500     12.494687    10.873937
    0.750000     12.126401    12.582205
    0.757500     12.221486    15.457969
    0.765000     12.783965    18.492114
    0.772500     13.588404    18.401979
    0.780000     14.207491    13.371060
    0.787500     14.537093     9.200480
    0.795000     14.988789    10.309572
    0.802500     15.704012    17.260825
    0.810000     16.465244    28.384319
    0.817500     17.188113    37.752421
    0.825000     17.815222    37.826395
    0.832500     18.194826    27.677966
    0.840000     18.365769    16.881043
    0.847500     18.559398    11.304333
    0.855000     18.824449     9.426913
    0.862500     19.072396     9.188120
    0.870000     19.491433    11.426471
    0.877500     20.233952    18.058623
    0.885000     20.926457    29.379047
    0.892500     20.965700    41.513637
    0.900000     20.726542    53.202742
    0.907500     20.907306    66.827196
    0.915000     21.547529    82.859756
    0.922500     22.080146    95.690055
    0.930000     22.036801    97.549202
    0.937500     21.668908    97.913815
    0.945000     21.320526   103.888331
    0.952500     21.191158   111.084634
    0.960000     21.375137   116.775033
    0.967500     21.761723   120.571997
    0.975000     22.079878   118.787676
    0.982500     22.284105   109.764487
    0.990000     22.545712   101.238367
    0.997500     22.819333   105.401144
    1.005000     22.956286   120.669472
    1.012500     23.047656   128.019095
    1.020000     23.256759   123.394406
    1.027500     23.583055   123.120059
    1.035000     24.074083   134.583821
    1.042500     24.882547   147.953881
    1.050000     25.869120   156.446772
    1.057500     26.647189   162.999467
    1.065000     27.135278   174.156238
    1.072500     27.438913   178.867420
    1.080000     27.590525   170.985559
    1.087500     27.612164   173.041406
    1.095000     27.651073   183.728545
    1.102500     27.921868   180.504245
    1.110000     28.460487   164.023103
    1.117500     29.061320   155.175812
    1.125000     29.594096   163.391994
    1.132500     30.120083   179.131046
    1.140000     30.494071   188.887194
    1.147500     30.492380   182.604508
    1.155000     30.300828   174.949114
    1.162500     30.258345   174.445481
    1.170000     30.537161   172.715445
    1.177500     31.094295   166.983623
    1.185000     31.639986   166.914787
    1.192500     31.888199   169.794323
    1.200000     31.785704   158.367220
    1.207500     31.604331   144.681918
    1.215000     31.671369   144.251311
    1.222500     31.918282   146.057181
    1.230000     32.016161   131.122452
    1.237500     31.884336   108.685568
    1.245000     31.677308    96.529340
    1.252500     31.352758    98.392368
    1.260000     31.072370   109.646887
    1.267500     31.239102   123.077868
    1.275000     31.660873   135.589639
    1.282500     31.591513   145.537425
    1.290000     31.260231   147.662508
    1.297500     31.294965   140.170418
    1.305000     31.629149   131.615535
    1.312500     31.732517   138.901428
    1.320000     31.338628   154.213116
    1.327500     30.749493   153.400211
    1.335000     30.263225   138.895543
    1.342500     30.038027   130.108822
    1.350000     30.068070   136.340831
    1.357500     30.109302   141.575971
    1.365000     29.986652   124.151342
    1.372500     29.859630    93.883146
    1.380000     29.958521    71.744193
    1.387500     30.417503    72.110013
    1.395000     31.027204   102.395085
    1.402500     31.236112   135.945338
    1.410000     31.190408   141.364226
    1.417500     31.337959   131.887320
    1.425000     31.483601   104.792510
    1.432500     31.163270    62.578447
    1.440000     30.594212    35.001560
    1.447500     30.282981    23.378213
    1.455000     30.434986    19.410376
    1.462500     30.975345    21.474077
    1.470000     31.308966    26.834560
    1.477500     31.008272    29.407788
    1.485000     30.796440    36.086569
    1.492500     31.043297    51.421402
    1.500000     31.286931    59.270964
    1.507500     31.060179    45.550715
    1.515000     30.846614    34.721521
    1.522500     31.284327    39.135030
    1.530000     32.417795    60.360692
    1.537500     33.446996    91.217470
    1.545000     33.368691    94.485737
    1.552500     32.800182    73.971010
    1.560000     32.583709    51.665062
    1.567500     32.868907    36.430304
    1.575000     33.445047    37.190611
    1.582500     34.027584    57.999521
    1.590000     34.425556    84.940220
    1.597500     34.421434   100.474743
    1.605000     33.991430   114.328706
    1.612500     33.490110   150.819034
    1.620000     33.030275   201.166750
    1.627500     32.728957   225.175586
    1.635000     32.763317   205.545185
    1.642500     32.796282   153.902167
    1.650000     32.371839   127.259929
    1.657500     31.920514   137.594002
    1.665000     31.940579   149.071687
    1.672500     32.383553   143.128998
    1.680000     33.026788   124.028219
    1.687500     33.763920   115.981426
    1.695000     34.183931   130.089811
    1.702500     33.781820   124.080666
    1.710000     32.962361    96.127910
    1.717500     32.424918    87.770378
    1.725000     32.402012   101.964252
    1.732500     32.669724   120.503479
    1.740000     32.856995   121.357595
    1.747500     32.799889   102.502225
    1.755000     32.761378    88.836450
    1.762500     33.066336   100.920458
    1.770000     33.578988   135.323374
    1.777500     33.735118   145.275458
    1.785000     33.341163   111.486014
    1.792500     32.891352    91.137365
    1.800000     32.807586    99.234588
