#! FIELDS cyl.z file.free uncertainty
#! SET sample_size 89997
#! SET effective_sample_size 361.24
#! SET fundeltaF 17.2726
#! SET blocks_num 3
#! SET blocks_effective_num 2.06086
#! SET min_cyl.z 0.3
#! SET max_cyl.z 1.8
#! SET nbins_cyl.z 201
#! SET periodic_cyl.z false
    0.300000     64.130896    10.500051
    0.307500     58.237455    10.500051
    0.315000     53.338371    10.500051
    0.322500     49.089450    10.500051
    0.330000     45.266792    10.500050
    0.337500     41.928464    10.500037
    0.345000     39.203296    10.499832
    0.352500     37.095229    10.497452
    0.360000     35.443221    10.477896
    0.367500     34.043294    10.367389
    0.375000     32.806386     9.869450
    0.382500     31.401435     7.800052
    0.390000     28.683257     3.217896
    0.397500     24.357350     1.162303
    0.405000     19.692551     1.537366
    0.412500     15.510612     1.724114
    0.420000     12.131722     1.775579
    0.427500      9.640920     1.774434
    0.435000      7.984694     1.744709
    0.442500      6.984739     1.684141
    0.450000      6.302891     1.581641
    0.457500      5.491540     1.441824
    0.465000      4.398713     1.301299
    0.472500      3.287553     1.183705
    0.480000      2.423889     1.059078
    0.487500      1.872300     0.844347
    0.495000      1.505084     0.479342
    0.502500      1.120382     0.092814
    0.510000      0.638445     0.093391
    0.517500      0.199116     0.098904
    0.525000      0.000000     0.070660
    0.532500      0.073696     0.048312
    0.540000      0.280582     0.182055
    0.547500      0.469117     0.381924
    0.555000      0.545117     0.436228
    0.562500      0.576534     0.366604
    0.570000      0.794464     0.338289
    0.577500      1.298142     0.352943
    0.585000      1.987873     0.357103
    0.592500      2.791080     0.344445
    0.600000      3.743959     0.281132
    0.607500      4.771932     0.428213
    0.615000      5.610861     0.693380
    0.622500      6.217750     0.681439
    0.630000      6.843143     0.406505
    0.637500      7.460795     0.227878
    0.645000      7.914951     0.845901
    0.652500      8.336848     1.042446
    0.660000      8.776355     0.982908
    0.667500      9.232988     0.914720
    0.675000      9.768982     0.846425
    0.682500     10.288542     0.923918
    0.690000     10.674775     1.369214
    0.697500     10.880422     2.014922
    0.705000     10.866249     2.582161
    0.712500     10.681729     2.874900
    0.720000     10.467539     2.858230
    0.727500     10.391022     2.748347
    0.735000     10.493758     2.764125
    0.742500     10.644280     2.961484
    0.750000     10.761017     3.200512
    0.757500     10.911921     3.344636
    0.765000     11.142504     3.499048
    0.772500     11.415921     3.665882
    0.780000     11.736090     3.664234
    0.787500     12.128348     3.531850
    0.795000     12.561188     3.443519
    0.802500     12.979864     3.446432
    0.810000     13.362828     3.589991
    0.817500     13.793088     3.886686
    0.825000     14.381007     4.119572
    0.832500     15.095337     4.126082
    0.840000     15.790158     3.940649
    0.847500     16.390611     3.576170
    0.855000     16.953887     3.189569
    0.862500     17.538719     2.987262
    0.870000     18.125339     2.890748
    0.877500     18.692401     2.735101
    0.885000     19.163939     2.628255
    0.892500     19.307688     3.037115
    0.900000     19.098407     3.918402
    0.907500     18.897491     4.353843
    0.915000     19.027467     4.052044
    0.922500     19.511895     3.538369
    0.930000     20.116844     3.348220
    0.937500     20.589809     3.498047
    0.945000     20.869336     3.739005
    0.952500     21.037100     3.877238
    0.960000     21.212178     3.934457
    0.967500     21.409278     4.179261
    0.975000     21.537684     4.646306
    0.982500     21.620338     5.065704
    0.990000     21.798890     5.298077
    0.997500     22.129137     5.291526
    1.005000     22.525733     4.985783
    1.012500     22.837377     4.525757
    1.020000     23.024226     4.206124
    1.027500     23.154580     4.123457
    1.035000     23.254687     4.208451
    1.042500     23.393953     4.369509
    1.050000     23.661258     4.539827
    1.057500     23.980441     4.690888
    1.065000     24.252953     4.875038
    1.072500     24.535953     5.228191
    1.080000     24.852222     5.690143
    1.087500     25.114726     5.946698
    1.095000     25.286796     5.863589
    1.102500     25.463544     5.660189
    1.110000     25.763411     5.575831
    1.117500     26.192131     5.675428
    1.125000     26.630266     5.914051
    1.132500     26.973944     6.112288
    1.140000     27.210908     6.102060
    1.147500     27.330149     6.018119
    1.155000     27.353433     5.949251
    1.162500     27.405507     5.712271
    1.170000     27.568850     5.305812
    1.177500     27.787794     4.984616
    1.185000     28.003593     4.859865
    1.192500     28.204072     4.889461
    1.200000     28.341190     5.162806
    1.207500     28.378132     5.636308
    1.215000     28.360110     5.974449
    1.222500     28.279209     6.045804
    1.230000     28.064236     6.052650
    1.237500     27.827328     6.087756
    1.245000     27.757069     6.065798
    1.252500     27.908556     5.998981
    1.260000     28.208846     6.072132
    1.267500     28.496630     6.350329
    1.275000     28.590675     6.539122
    1.282500     28.375309     6.454384
    1.290000     27.993353     6.445363
    1.297500     27.762081     6.705446
    1.305000     27.767740     6.971950
    1.312500     27.844016     6.964653
    1.320000     27.867631     6.820057
    1.327500     27.838935     6.746980
    1.335000     27.780737     6.697250
    1.342500     27.750335     6.647102
    1.350000     27.847878     6.529085
    1.357500     28.091468     6.230408
    1.365000     28.308833     5.791467
    1.372500     28.338427     5.405110
    1.380000     28.259494     5.241844
    1.387500     28.166833     5.416163
    1.395000     28.091425     5.879809
    1.402500     28.171755     6.254857
    1.410000     28.446843     6.158341
    1.417500     28.701697     5.619054
    1.425000     28.758100     5.265880
    1.432500     28.688363     5.416049
    1.440000     28.644967     5.621484
    1.447500     28.729311     5.397249
    1.455000     28.944276     4.841415
    1.462500     29.189618     4.471256
    1.470000     29.344670     4.409345
    1.477500     29.359480     4.336923
    1.485000     29.292961     4.228329
    1.492500     29.263312     4.190259
    1.500000     29.274662     4.223709
    1.507500     29.239793     4.489520
    1.515000     29.191161     5.177139
    1.522500     29.149377     6.053259
    1.530000     29.087523     6.579711
    1.537500     29.101533     6.568841
    1.545000     29.239295     6.137960
    1.552500     29.388119     5.595440
    1.560000     29.459560     5.446077
    1.567500     29.446184     5.725529
    1.575000     29.400896     6.063553
    1.582500     29.422959     6.320674
    1.590000     29.572989     6.513212
    1.597500     29.825821     6.487680
    1.605000     30.102149     6.098747
    1.612500     30.280426     5.646528
    1.620000     30.215662     5.622847
    1.627500     29.917394     6.038268
    1.635000     29.590193     6.501971
    1.642500     29.384999     6.619323
    1.650000     29.291731     6.396034
    1.657500     29.274440     6.192218
    1.665000     29.385332     5.989885
    1.672500     29.665292     5.503366
    1.680000     29.997341     4.925186
    1.687500     30.102904     4.823494
    1.695000     29.870277     5.231868
    1.702500     29.549933     5.698055
    1.710000     29.353150     5.975510
    1.717500     29.320685     6.074599
    1.725000     29.407682     6.179103
    1.732500     29.464973     6.413277
    1.740000     29.435053     6.555816
    1.747500     29.439708     6.237909
    1.755000     29.536272     5.479637
    1.762500     29.657148     4.748565
    1.770000     29.689500     4.578067
    1.777500     29.593490     5.057505
    1.785000     29.478242     5.596826
    1.792500     29.418493     5.723562
    1.800000     29.431589     5.476081
