#! FIELDS cyl.z file.free uncertainty
#! SET sample_size 14997
#! SET effective_sample_size 83.1587
#! SET fundeltaF 14.6781
#! SET blocks_num 3
#! SET blocks_effective_num 1.01002
#! SET min_cyl.z 0.3
#! SET max_cyl.z 1.8
#! SET nbins_cyl.z 201
#! SET periodic_cyl.z false
    0.300000    165.320995     1.763547
    0.307500    145.639641     1.763579
    0.315000    127.331780     1.763598
    0.322500    110.403345     1.763608
    0.330000     94.859177     1.763613
    0.337500     80.702983     1.763616
    0.345000     67.937366     1.763617
    0.352500     56.563866     1.763616
    0.360000     46.582960     1.763609
    0.367500     37.993958     1.763590
    0.375000     30.794700     1.763531
    0.382500     24.980741     1.763324
    0.390000     20.543236     1.762493
    0.397500     17.462909     1.758623
    0.405000     15.691567     1.738639
    0.412500     15.087460     1.634634
    0.420000     15.158804     1.207948
    0.427500     14.541760     0.580329
    0.435000     12.547487     0.610657
    0.442500     10.468993     0.785690
    0.450000      9.042034     0.766351
    0.457500      8.296908     0.563153
    0.465000      7.884502     0.385877
    0.472500      7.283811     0.392888
    0.480000      6.089139     0.557890
    0.487500      4.418437     0.657311
    0.495000      2.949761     0.626993
    0.502500      2.048542     0.633981
    0.510000      1.513634     0.805547
    0.517500      0.990285     1.104607
    0.525000      0.517482     1.327934
    0.532500      0.311460     1.412927
    0.540000      0.340263     1.413034
    0.547500      0.308568     1.394753
    0.555000      0.112325     1.380886
    0.562500      0.000000     1.381032
    0.570000      0.125925     1.437184
    0.577500      0.561792     1.526810
    0.585000      1.408693     1.574783
    0.592500      2.533850     1.554680
    0.600000      3.543265     1.454867
    0.607500      4.269754     1.236325
    0.615000      4.762118     0.978092
    0.622500      5.155220     0.717501
    0.630000      5.591936     0.228964
    0.637500      6.112133     0.658709
    0.645000      6.666990     1.486125
    0.652500      6.988904     1.993768
    0.660000      6.773012     2.241680
    0.667500      6.454464     2.592073
    0.675000      6.620373     3.842560
    0.682500      7.403831     8.163717
    0.690000      8.701266    21.478527
    0.697500     10.068241    50.948656
    0.705000     10.596353    71.137363
    0.712500     10.503548    63.507132
    0.720000     10.589861    53.360575
    0.727500     10.981351    52.015600
    0.735000     11.480141    64.310452
    0.742500     11.849408    88.621534
    0.750000     12.009610   115.287636
    0.757500     12.123495   135.165871
    0.765000     12.467932   144.445745
    0.772500     13.038956   143.076615
    0.780000     13.485345   136.406366
    0.787500     13.820075   131.748406
    0.795000     14.191434   112.786701
    0.802500     14.143259    64.958196
    0.810000     13.826547    33.802832
    0.817500     14.127337    31.607719
    0.825000     15.341769    50.390257
    0.832500     16.828947    82.121225
    0.840000     17.290321    82.548819
    0.847500     17.279460    70.768861
    0.855000     17.890120    85.823508
    0.862500     19.216721   144.570447
    0.870000     20.431601   218.393686
    0.877500     20.571667   217.332585
    0.885000     20.331773   212.071234
    0.892500     20.319517   202.687276
    0.900000     20.324893   144.956391
    0.907500     20.233903    78.539346
    0.915000     20.570129    52.043941
    0.922500     21.701156    63.986205
    0.930000     23.222550   118.543477
    0.937500     23.890619   184.655928
    0.945000     23.586272   193.952489
    0.952500     23.278771   173.855185
    0.960000     23.357934   171.169504
    0.967500     23.813304   203.363696
    0.975000     24.551281   251.013291
    0.982500     25.498216   299.275182
    0.990000     26.376663   354.559773
    0.997500     26.596443   403.606050
    1.005000     26.034135   389.106490
    1.012500     25.286746   331.672685
    1.020000     24.837159   290.403682
    1.027500     24.803096   297.469368
    1.035000     24.956515   337.319412
    1.042500     25.112060   357.793647
    1.050000     25.446321   352.883616
    1.057500     26.034385   364.595587
    1.065000     26.574704   408.014423
    1.072500     26.749249   423.415915
    1.080000     26.569908   382.483378
    1.087500     26.320850   344.975546
    1.095000     26.341353   332.353634
    1.102500     26.799781   342.688936
    1.110000     27.594357   396.042186
    1.117500     28.293426   469.315341
    1.125000     28.612291   506.234113
    1.132500     28.879536   498.607281
    1.140000     29.239827   426.489289
    1.147500     29.456290   327.838816
    1.155000     29.529381   278.410412
    1.162500     29.792603   279.439856
    1.170000     30.340118   308.465484
    1.177500     30.802938   369.236945
    1.185000     30.927136   471.354472
    1.192500     30.801548   585.142876
    1.200000     30.511339   613.747442
    1.207500     30.372891   561.194522
    1.215000     30.685923   547.324210
    1.222500     31.363527   649.760634
    1.230000     31.878369   739.178355
    1.237500     31.744221   610.135675
    1.245000     31.410667   452.340445
    1.252500     31.505348   390.653639
    1.260000     31.964565   387.979536
    1.267500     31.993149   339.090995
    1.275000     31.321389   258.052247
    1.282500     30.813204   250.026935
    1.290000     30.840887   309.323441
    1.297500     30.992421   430.187562
    1.305000     30.794292   568.905581
    1.312500     30.594685   642.800046
    1.320000     30.745992   646.951469
    1.327500     31.012024   609.832299
    1.335000     30.993119   555.357397
    1.342500     30.669175   488.611242
    1.350000     30.435100   400.548330
    1.357500     30.398409   289.686722
    1.365000     30.206468   220.117246
    1.372500     29.894737   241.489733
    1.380000     29.867228   323.553005
    1.387500     30.032573   361.417066
    1.395000     29.808280   246.529195
    1.402500     29.202969   131.582047
    1.410000     28.707599   104.332679
    1.417500     28.481650   111.822216
    1.425000     28.584354   120.342544
    1.432500     29.068604   131.533950
    1.440000     29.753452   172.603942
    1.447500     30.184803   255.642944
    1.455000     29.863924   258.945436
    1.462500     28.822891   159.012095
    1.470000     27.738199    99.881362
    1.477500     27.016821    89.666212
    1.485000     26.757220    96.201936
    1.492500     26.945066   109.060634
    1.500000     27.311155   135.357361
    1.507500     27.476718   169.297670
    1.515000     27.497039   179.036151
    1.522500     27.635125   159.834983
    1.530000     28.003048   143.603295
    1.537500     28.511015   156.814642
    1.545000     29.011958   178.905480
    1.552500     29.396317   167.010820
    1.560000     29.131554   114.676823
    1.567500     28.190888    75.692785
    1.575000     27.458110    68.620299
    1.582500     27.288991    82.638589
    1.590000     27.418427   115.420075
    1.597500     27.458924   135.695588
    1.605000     27.355038   116.159402
    1.612500     27.200657    87.440930
    1.620000     27.042990    77.877567
    1.627500     26.871174    73.207858
    1.635000     26.541599    61.489771
    1.642500     26.205411    57.473042
    1.650000     26.150085    68.519223
    1.657500     26.397912    85.029984
    1.665000     26.783839    93.796058
    1.672500     26.946557    86.257034
    1.680000     26.722921    72.999706
    1.687500     26.481450    72.494067
    1.695000     26.533431    81.866345
    1.702500     26.882900    94.401996
    1.710000     27.233700   105.521735
    1.717500     27.079958    99.563295
    1.725000     26.442963    80.497338
    1.732500     25.947208    71.388661
    1.740000     25.860504    75.487362
    1.747500     26.056100    80.200681
    1.755000     26.440499    70.971816
    1.762500     26.913822    50.318389
    1.770000     27.250799    34.377412
    1.777500     27.406871    32.346627
    1.785000     27.305198    40.393406
    1.792500     26.766050    45.395909
    1.800000     26.057222    39.438394
