#! FIELDS cyl.z file.free uncertainty
#! SET sample_size 189999
#! SET effective_sample_size 606.481
#! SET fundeltaF 16.2359
#! SET blocks_num 3
#! SET blocks_effective_num 2.37142
#! SET min_cyl.z 0.3
#! SET max_cyl.z 1.8
#! SET nbins_cyl.z 201
#! SET periodic_cyl.z false
    0.300000     80.287941     3.169575
    0.307500     72.128326     3.097507
    0.315000     65.259656     2.965556
    0.322500     59.631691     2.797953
    0.330000     55.160162     2.635830
    0.337500     51.703460     2.519495
    0.345000     49.024964     2.449151
    0.352500     46.811100     2.346768
    0.360000     44.754598     1.943687
    0.367500     41.966971     0.671523
    0.375000     36.850862     0.327732
    0.382500     31.062863     0.397312
    0.390000     26.111120     0.470699
    0.397500     22.188542     0.633756
    0.405000     19.124289     0.778446
    0.412500     16.612835     0.903509
    0.420000     14.463726     0.981823
    0.427500     12.669669     0.782158
    0.435000     11.112472     0.402940
    0.442500      9.589551     0.146518
    0.450000      8.104056     0.208892
    0.457500      6.780218     0.420881
    0.465000      5.664317     0.482399
    0.472500      4.667791     0.434174
    0.480000      3.651192     0.399743
    0.487500      2.658651     0.430203
    0.495000      1.850912     0.432475
    0.502500      1.245222     0.319311
    0.510000      0.762745     0.130983
    0.517500      0.365132     0.013643
    0.525000      0.085190     0.034161
    0.532500      0.000000     0.056628
    0.540000      0.140137     0.071708
    0.547500      0.448912     0.066910
    0.555000      0.834160     0.233150
    0.562500      1.254163     0.345867
    0.570000      1.726154     0.354833
    0.577500      2.294687     0.323292
    0.585000      2.998752     0.276941
    0.592500      3.824635     0.247788
    0.600000      4.758848     0.286351
    0.607500      5.721675     0.347314
    0.615000      6.497077     0.451399
    0.622500      7.050533     0.507653
    0.630000      7.586605     0.519628
    0.637500      8.191596     0.519046
    0.645000      8.820677     0.523279
    0.652500      9.410846     0.508860
    0.660000      9.882105     0.484857
    0.667500     10.280529     0.599860
    0.675000     10.707027     0.684333
    0.682500     11.001809     0.508195
    0.690000     10.943716     0.385520
    0.697500     10.669167     0.453061
    0.705000     10.405420     0.509603
    0.712500     10.222206     0.546963
    0.720000     10.068794     0.629203
    0.727500      9.890615     0.745890
    0.735000      9.717750     0.817285
    0.742500      9.609741     0.841678
    0.750000      9.598387     0.846696
    0.757500      9.680493     0.865269
    0.765000      9.817258     0.895093
    0.772500     10.001858     0.893639
    0.780000     10.279282     0.826876
    0.787500     10.653561     0.723066
    0.795000     11.073168     0.657551
    0.802500     11.501654     0.641268
    0.810000     11.935853     0.617584
    0.817500     12.399015     0.594171
    0.825000     12.902220     0.630151
    0.832500     13.448583     0.670582
    0.840000     14.095976     0.618247
    0.847500     14.819288     0.501845
    0.855000     15.449245     0.481666
    0.862500     15.937172     0.571578
    0.870000     16.328698     0.603946
    0.877500     16.635392     0.723350
    0.885000     17.002211     1.031282
    0.892500     17.579634     1.182145
    0.900000     18.267816     0.982970
    0.907500     18.895325     0.669397
    0.915000     19.480691     0.496004
    0.922500     19.969536     0.447394
    0.930000     20.222319     0.420919
    0.937500     20.316963     0.453275
    0.945000     20.377847     0.552242
    0.952500     20.411413     0.608044
    0.960000     20.418953     0.598024
    0.967500     20.453040     0.580913
    0.975000     20.544317     0.552280
    0.982500     20.692395     0.515566
    0.990000     20.917015     0.513670
    0.997500     21.216053     0.609583
    1.005000     21.518959     0.773112
    1.012500     21.763751     0.863718
    1.020000     21.931898     0.856096
    1.027500     22.033876     0.830776
    1.035000     22.145452     0.848248
    1.042500     22.351055     0.914620
    1.050000     22.623236     0.994840
    1.057500     22.877384     1.033105
    1.065000     23.130191     1.014135
    1.072500     23.440572     0.989697
    1.080000     23.763941     1.033052
    1.087500     24.042418     1.150156
    1.095000     24.312747     1.280373
    1.102500     24.603475     1.358259
    1.110000     24.908370     1.339053
    1.117500     25.231901     1.270014
    1.125000     25.554226     1.244223
    1.132500     25.853238     1.254090
    1.140000     26.110628     1.213266
    1.147500     26.310833     1.105432
    1.155000     26.469818     1.039818
    1.162500     26.601241     1.101565
    1.170000     26.760190     1.207957
    1.177500     27.009089     1.244758
    1.185000     27.328330     1.199287
    1.192500     27.652779     1.146613
    1.200000     27.899784     1.143920
    1.207500     28.049621     1.193298
    1.215000     28.205239     1.284871
    1.222500     28.380755     1.380482
    1.230000     28.428245     1.436373
    1.237500     28.354507     1.441008
    1.245000     28.322151     1.394275
    1.252500     28.332649     1.315839
    1.260000     28.349618     1.259286
    1.267500     28.466879     1.218240
    1.275000     28.703405     1.154401
    1.282500     28.887608     1.135091
    1.290000     28.866157     1.229859
    1.297500     28.681917     1.348645
    1.305000     28.484082     1.423421
    1.312500     28.424944     1.462062
    1.320000     28.521662     1.454349
    1.327500     28.596335     1.358750
    1.335000     28.518680     1.220359
    1.342500     28.390853     1.113583
    1.350000     28.338183     1.037676
    1.357500     28.317818     0.981828
    1.365000     28.253060     1.051856
    1.372500     28.181899     1.237222
    1.380000     28.126183     1.397537
    1.387500     28.075032     1.385510
    1.395000     28.005851     1.181794
    1.402500     27.871767     0.982947
    1.410000     27.771142     0.995285
    1.417500     27.873555     1.131753
    1.425000     28.128213     1.230149
    1.432500     28.250563     1.257582
    1.440000     28.120737     1.185945
    1.447500     27.985543     1.053429
    1.455000     28.043249     0.952644
    1.462500     28.202076     0.966215
    1.470000     28.271590     1.090899
    1.477500     28.262846     1.215469
    1.485000     28.288742     1.299388
    1.492500     28.324776     1.360061
    1.500000     28.314375     1.392497
    1.507500     28.301192     1.385209
    1.515000     28.358997     1.343002
    1.522500     28.503803     1.265475
    1.530000     28.644037     1.191063
    1.537500     28.703409     1.199447
    1.545000     28.753907     1.235168
    1.552500     28.891067     1.194168
    1.560000     29.055490     1.097983
    1.567500     29.086947     0.970935
    1.575000     29.024353     0.775050
    1.582500     29.030699     0.587893
    1.590000     29.104845     0.555843
    1.597500     29.083229     0.648795
    1.605000     28.957540     0.679018
    1.612500     28.907534     0.625487
    1.620000     28.977761     0.593593
    1.627500     29.062014     0.646122
    1.635000     29.069871     0.715274
    1.642500     29.007342     0.763207
    1.650000     28.938267     0.842140
    1.657500     28.918617     0.921554
    1.665000     28.946288     0.952925
    1.672500     28.946716     0.980384
    1.680000     28.856874     1.070387
    1.687500     28.765436     1.155377
    1.695000     28.780106     1.164269
    1.702500     28.855931     1.117099
    1.710000     28.941225     1.015310
    1.717500     29.054953     0.894504
    1.725000     29.164618     0.862743
    1.732500     29.220187     0.983202
    1.740000     29.211703     1.159168
    1.747500     29.145053     1.242705
    1.755000     29.027536     1.231429
    1.762500     28.870969     1.221439
    1.770000     28.722123     1.252462
    1.777500     28.622497     1.270063
    1.785000     28.617543     1.268174
    1.792500     28.764437     1.282809
    1.800000     29.098243     1.305749
