#! FIELDS cyl.z file.free uncertainty
#! SET sample_size 89997
#! SET effective_sample_size 308.006
#! SET fundeltaF 15.7098
#! SET blocks_num 3
#! SET blocks_effective_num 2.61443
#! SET min_cyl.z 0.3
#! SET max_cyl.z 1.8
#! SET nbins_cyl.z 201
#! SET periodic_cyl.z false
    0.300000     78.083982     4.489895
    0.307500     69.979393     4.489895
    0.315000     63.221014     4.489895
    0.322500     57.757752     4.489895
    0.330000     53.490634     4.489895
    0.337500     50.234164     4.489890
    0.345000     47.691218     4.489759
    0.352500     45.555359     4.485791
    0.360000     43.693527     4.394705
    0.367500     41.586136     3.230929
    0.375000     36.993102     0.736160
    0.382500     31.069252     0.164267
    0.390000     25.837002     0.398088
    0.397500     21.512666     0.601765
    0.405000     17.967457     0.501112
    0.412500     15.080229     0.428643
    0.420000     12.853619     0.695177
    0.427500     11.282546     0.762973
    0.435000     10.112118     0.580665
    0.442500      8.955272     0.503231
    0.450000      7.700716     0.648282
    0.457500      6.489885     0.893958
    0.465000      5.502384     0.928514
    0.472500      4.730283     0.746981
    0.480000      3.980452     0.556912
    0.487500      3.177868     0.560167
    0.495000      2.332963     0.612444
    0.502500      1.461952     0.492511
    0.510000      0.709296     0.268618
    0.517500      0.211929     0.108010
    0.525000      0.000000     0.108464
    0.532500      0.055483     0.113992
    0.540000      0.297925     0.044201
    0.547500      0.559588     0.183029
    0.555000      0.754846     0.395829
    0.562500      1.002564     0.452402
    0.570000      1.439483     0.397395
    0.577500      2.102389     0.391698
    0.585000      2.985550     0.452297
    0.592500      4.035690     0.494109
    0.600000      5.053960     0.541708
    0.607500      5.892452     0.636253
    0.615000      6.576972     0.752623
    0.622500      7.079633     0.819061
    0.630000      7.542567     0.770672
    0.637500      8.168137     0.708933
    0.645000      8.895721     0.635630
    0.652500      9.512427     0.578521
    0.660000      9.778851     0.594751
    0.667500      9.809240     0.596217
    0.675000     10.032750     0.539205
    0.682500     10.470452     0.537177
    0.690000     10.695593     0.898812
    0.697500     10.604396     1.277221
    0.705000     10.450934     1.431141
    0.712500     10.235026     1.393388
    0.720000      9.872541     1.293688
    0.727500      9.480553     1.233289
    0.735000      9.201622     1.224359
    0.742500      9.094756     1.228575
    0.750000      9.151758     1.226313
    0.757500      9.312690     1.254489
    0.765000      9.503729     1.333979
    0.772500      9.713474     1.428048
    0.780000     10.006889     1.489378
    0.787500     10.406211     1.530083
    0.795000     10.867933     1.594993
    0.802500     11.340403     1.680611
    0.810000     11.784679     1.781732
    0.817500     12.214558     1.877229
    0.825000     12.724469     1.921008
    0.832500     13.407285     1.853234
    0.840000     14.206928     1.634197
    0.847500     14.878652     1.434536
    0.855000     15.234829     1.481793
    0.862500     15.437098     1.605283
    0.870000     15.674127     1.541719
    0.877500     15.894507     1.278556
    0.885000     16.200872     1.115605
    0.892500     16.850760     1.163839
    0.900000     17.780665     1.365548
    0.907500     18.715430     1.518966
    0.915000     19.553289     1.433004
    0.922500     20.167602     1.304308
    0.930000     20.443308     1.322128
    0.937500     20.541942     1.400672
    0.945000     20.621542     1.439007
    0.952500     20.686513     1.498403
    0.960000     20.715740     1.625492
    0.967500     20.822628     1.692094
    0.975000     21.113648     1.598197
    0.982500     21.469742     1.401738
    0.990000     21.736969     1.215027
    0.997500     21.943794     1.126879
    1.005000     22.162262     1.150297
    1.012500     22.412896     1.238558
    1.020000     22.662261     1.312067
    1.027500     22.873028     1.302983
    1.035000     23.063638     1.254881
    1.042500     23.285012     1.240067
    1.050000     23.590403     1.269058
    1.057500     23.980580     1.309911
    1.065000     24.370458     1.328530
    1.072500     24.672626     1.333058
    1.080000     24.879622     1.354084
    1.087500     25.024974     1.369068
    1.095000     25.186634     1.341418
    1.102500     25.448633     1.313285
    1.110000     25.837752     1.315786
    1.117500     26.315261     1.295699
    1.125000     26.763169     1.226468
    1.132500     27.085307     1.187338
    1.140000     27.293070     1.203192
    1.147500     27.412031     1.222923
    1.155000     27.467998     1.239211
    1.162500     27.553491     1.207935
    1.170000     27.728965     1.101434
    1.177500     27.948629     0.993133
    1.185000     28.194541     0.946959
    1.192500     28.495723     0.979669
    1.200000     28.777084     1.065059
    1.207500     28.899172     1.152343
    1.215000     28.880102     1.213701
    1.222500     28.842890     1.240275
    1.230000     28.842766     1.210506
    1.237500     28.911019     1.130739
    1.245000     29.013730     1.029876
    1.252500     29.006516     0.931510
    1.260000     28.922015     0.863120
    1.267500     28.912630     0.801872
    1.275000     28.928920     0.698307
    1.282500     28.828626     0.626383
    1.290000     28.634778     0.696313
    1.297500     28.474635     0.831388
    1.305000     28.418042     0.961418
    1.312500     28.471262     1.025010
    1.320000     28.557198     0.897823
    1.327500     28.531168     0.489753
    1.335000     28.403692     0.044742
    1.342500     28.372226     0.189046
    1.350000     28.422198     0.257436
    1.357500     28.265699     0.260676
    1.365000     27.965522     0.247790
    1.372500     27.840460     0.193282
    1.380000     27.892401     0.392154
    1.387500     27.958057     0.628298
    1.395000     27.909820     0.484144
    1.402500     27.628323     0.140126
    1.410000     27.259889     0.410632
    1.417500     27.134659     0.562854
    1.425000     27.303761     0.461754
    1.432500     27.528003     0.450582
    1.440000     27.694981     0.647828
    1.447500     27.863109     0.645485
    1.455000     27.972727     0.462365
    1.462500     27.968660     0.270602
    1.470000     27.903607     0.179123
    1.477500     27.832851     0.181155
    1.485000     27.810812     0.280312
    1.492500     27.864733     0.432166
    1.500000     27.996551     0.521471
    1.507500     28.154024     0.592157
    1.515000     28.230541     0.718302
    1.522500     28.273539     0.809229
    1.530000     28.403572     0.812189
    1.537500     28.581199     0.751153
    1.545000     28.771570     0.722654
    1.552500     28.981570     0.736530
    1.560000     29.023425     0.688870
    1.567500     28.798321     0.560462
    1.575000     28.598783     0.471726
    1.582500     28.600154     0.400913
    1.590000     28.620966     0.330684
    1.597500     28.481880     0.529920
    1.605000     28.346832     0.841166
    1.612500     28.380865     1.069400
    1.620000     28.467467     1.155735
    1.627500     28.441314     1.059235
    1.635000     28.361075     0.844272
    1.642500     28.305203     0.684959
    1.650000     28.219481     0.657120
    1.657500     28.183192     0.642847
    1.665000     28.324778     0.609724
    1.672500     28.563915     0.653300
    1.680000     28.688529     0.823544
    1.687500     28.602911     0.949008
    1.695000     28.389283     0.886514
    1.702500     28.217847     0.797577
    1.710000     28.252271     0.824950
    1.717500     28.452590     0.841633
    1.725000     28.596353     0.801828
    1.732500     28.625373     0.757271
    1.740000     28.595523     0.695348
    1.747500     28.472327     0.632418
    1.755000     28.258541     0.488439
    1.762500     27.982904     0.366974
    1.770000     27.717260     0.456336
    1.777500     27.559396     0.456797
    1.785000     27.574042     0.345024
    1.792500     27.792722     0.266505
    1.800000     28.235370     0.249012
