#! FIELDS cyl.z file.free uncertainty
#! SET sample_size 189999
#! SET effective_sample_size 837.226
#! SET fundeltaF 16.8588
#! SET blocks_num 3
#! SET blocks_effective_num 2.84851
#! SET min_cyl.z 0.3
#! SET max_cyl.z 1.8
#! SET nbins_cyl.z 201
#! SET periodic_cyl.z false
    0.300000     82.167771     3.396982
    0.307500     74.439679     3.390607
    0.315000     67.457966     3.384827
    0.322500     61.177927     3.377638
    0.330000     55.682136     3.354317
    0.337500     51.011882     3.278326
    0.345000     47.108699     3.094228
    0.352500     43.908682     2.774162
    0.360000     41.382657     2.312837
    0.367500     39.015097     1.340372
    0.375000     35.018243     0.572846
    0.382500     30.053288     0.879747
    0.390000     25.778264     0.963671
    0.397500     22.436901     0.994078
    0.405000     19.830089     0.965755
    0.412500     17.613645     0.888668
    0.420000     15.500122     0.763149
    0.427500     13.411863     0.570508
    0.435000     11.456891     0.411799
    0.442500      9.774500     0.315855
    0.450000      8.306342     0.249271
    0.457500      6.866415     0.509890
    0.465000      5.477509     0.722405
    0.472500      4.312768     0.678642
    0.480000      3.398699     0.456401
    0.487500      2.633019     0.275329
    0.495000      1.957207     0.228159
    0.502500      1.368514     0.191832
    0.510000      0.856690     0.138411
    0.517500      0.433326     0.080262
    0.525000      0.140425     0.043370
    0.532500      0.000000     0.073110
    0.540000      0.015425     0.116035
    0.547500      0.195847     0.096089
    0.555000      0.531247     0.050859
    0.562500      0.966519     0.023850
    0.570000      1.466266     0.038236
    0.577500      2.062729     0.064979
    0.585000      2.758518     0.122567
    0.592500      3.488197     0.212943
    0.600000      4.180966     0.256484
    0.607500      4.815952     0.217548
    0.615000      5.447727     0.233901
    0.622500      6.159035     0.283191
    0.630000      6.969200     0.284048
    0.637500      7.769879     0.233118
    0.645000      8.406342     0.169785
    0.652500      8.764822     0.177992
    0.660000      8.881418     0.347988
    0.667500      9.088830     0.423157
    0.675000      9.596091     0.371925
    0.682500     10.128433     0.413970
    0.690000     10.230704     0.662976
    0.697500     10.002940     0.814529
    0.705000      9.816850     0.764578
    0.712500      9.784805     0.668934
    0.720000      9.867183     0.710781
    0.727500      9.965314     0.844352
    0.735000      9.999247     0.919721
    0.742500     10.003942     0.917814
    0.750000     10.070776     0.894050
    0.757500     10.249187     0.874842
    0.765000     10.493604     0.865450
    0.772500     10.736688     0.870252
    0.780000     11.008565     0.889537
    0.787500     11.346099     0.916158
    0.795000     11.715408     0.933487
    0.802500     12.112233     0.922634
    0.810000     12.574473     0.887327
    0.817500     13.122221     0.870325
    0.825000     13.718377     0.892319
    0.832500     14.331866     0.908117
    0.840000     14.994071     0.889809
    0.847500     15.698555     0.843704
    0.855000     16.382189     0.794069
    0.862500     17.011280     0.843816
    0.870000     17.596057     0.997349
    0.877500     18.088638     1.155595
    0.885000     18.477528     1.216409
    0.892500     18.831244     1.104028
    0.900000     19.151432     0.942533
    0.907500     19.413429     0.915361
    0.915000     19.610236     1.032527
    0.922500     19.831097     1.160439
    0.930000     20.212371     1.166566
    0.937500     20.688157     1.097929
    0.945000     20.971162     1.124515
    0.952500     20.912048     1.300341
    0.960000     20.756664     1.479959
    0.967500     20.803324     1.548186
    0.975000     21.080004     1.504966
    0.982500     21.464040     1.378629
    0.990000     21.871757     1.204147
    0.997500     22.247491     1.051679
    1.005000     22.566712     0.968834
    1.012500     22.858184     0.951014
    1.020000     23.159452     0.959572
    1.027500     23.454353     0.963348
    1.035000     23.677042     0.959382
    1.042500     23.841232     0.934813
    1.050000     24.029108     0.894417
    1.057500     24.277065     0.861369
    1.065000     24.571993     0.811425
    1.072500     24.876740     0.722450
    1.080000     25.145888     0.648082
    1.087500     25.372264     0.651565
    1.095000     25.574350     0.713868
    1.102500     25.772443     0.791490
    1.110000     26.014439     0.880179
    1.117500     26.341844     0.967195
    1.125000     26.706148     1.020249
    1.132500     26.965029     1.027612
    1.140000     27.044931     1.011293
    1.147500     27.081957     0.975055
    1.155000     27.235211     0.925693
    1.162500     27.511663     0.897760
    1.170000     27.818677     0.897916
    1.177500     28.058537     0.883084
    1.185000     28.202314     0.855202
    1.192500     28.273972     0.859271
    1.200000     28.321425     0.900062
    1.207500     28.395884     0.960971
    1.215000     28.507673     1.017520
    1.222500     28.675461     1.057122
    1.230000     28.924157     1.087263
    1.237500     29.139436     1.109510
    1.245000     29.183438     1.128394
    1.252500     29.155695     1.166572
    1.260000     29.223372     1.191650
    1.267500     29.390366     1.123014
    1.275000     29.521133     0.944932
    1.282500     29.508412     0.782891
    1.290000     29.384464     0.738682
    1.297500     29.251736     0.756263
    1.305000     29.177251     0.760047
    1.312500     29.168789     0.747862
    1.320000     29.219646     0.741625
    1.327500     29.367641     0.735244
    1.335000     29.599018     0.720794
    1.342500     29.749567     0.687938
    1.350000     29.684625     0.612990
    1.357500     29.484128     0.484868
    1.365000     29.310657     0.379724
    1.372500     29.234839     0.382659
    1.380000     29.280503     0.488200
    1.387500     29.395143     0.594276
    1.395000     29.422709     0.638428
    1.402500     29.372564     0.626644
    1.410000     29.400676     0.579984
    1.417500     29.508741     0.557768
    1.425000     29.600705     0.580081
    1.432500     29.633247     0.619707
    1.440000     29.554766     0.665716
    1.447500     29.390505     0.700134
    1.455000     29.256426     0.733451
    1.462500     29.215888     0.737563
    1.470000     29.275320     0.682227
    1.477500     29.394520     0.628458
    1.485000     29.513324     0.653859
    1.492500     29.575389     0.692477
    1.500000     29.555580     0.701068
    1.507500     29.502541     0.718103
    1.515000     29.447290     0.760117
    1.522500     29.401907     0.817387
    1.530000     29.409941     0.881688
    1.537500     29.509027     0.965373
    1.545000     29.722873     0.990642
    1.552500     29.970505     0.882506
    1.560000     30.025989     0.762029
    1.567500     29.874742     0.700105
    1.575000     29.802630     0.637215
    1.582500     29.929026     0.584373
    1.590000     30.073384     0.604475
    1.597500     30.067921     0.684447
    1.605000     29.942980     0.769654
    1.612500     29.792959     0.822433
    1.620000     29.674947     0.811786
    1.627500     29.587326     0.755733
    1.635000     29.497605     0.678975
    1.642500     29.407208     0.599909
    1.650000     29.313520     0.575314
    1.657500     29.214007     0.624316
    1.665000     29.163794     0.675129
    1.672500     29.168923     0.641114
    1.680000     29.179321     0.544783
    1.687500     29.207128     0.495463
    1.695000     29.280981     0.549387
    1.702500     29.367363     0.638057
    1.710000     29.396155     0.703120
    1.717500     29.301570     0.707507
    1.725000     29.103027     0.652257
    1.732500     28.915240     0.619566
    1.740000     28.817506     0.630378
    1.747500     28.831110     0.582011
    1.755000     28.962411     0.508968
    1.762500     29.104256     0.577488
    1.770000     29.140489     0.696051
    1.777500     29.092863     0.761846
    1.785000     28.959755     0.760342
    1.792500     28.797538     0.686900
    1.800000     28.797350     0.530796
