#! FIELDS cyl.z file.free uncertainty
#! SET sample_size 14997
#! SET effective_sample_size 36.1513
#! SET fundeltaF 10.7751
#! SET blocks_num 3
#! SET blocks_effective_num 1.14507
#! SET min_cyl.z 0.3
#! SET max_cyl.z 1.8
#! SET nbins_cyl.z 201
#! SET periodic_cyl.z false
    0.300000    167.143069    25.294856
    0.307500    149.012527    25.162557
    0.315000    132.264229    24.809563
    0.322500    116.864118    23.894676
    0.330000    102.729607    21.694840
    0.337500     89.693611    17.249548
    0.345000     77.533968    10.779892
    0.352500     66.154598     4.801307
    0.360000     55.691019     1.277283
    0.367500     46.340222     0.619709
    0.375000     38.214770     1.088635
    0.382500     31.342992     1.233187
    0.390000     25.706186     1.206328
    0.397500     21.261252     1.015474
    0.405000     17.936139     0.539772
    0.412500     15.575537     1.505370
    0.420000     13.854844     4.851384
    0.427500     12.411651     8.749230
    0.435000     11.205232    11.114323
    0.442500     10.213688    12.308316
    0.450000      8.981074    12.327494
    0.457500      7.158495     9.040784
    0.465000      4.909430     3.975622
    0.472500      2.852629     0.931830
    0.480000      1.603686     0.611619
    0.487500      1.324907     0.851779
    0.495000      1.512069     0.806769
    0.502500      1.140393     0.662827
    0.510000      0.384443     0.619228
    0.517500      0.000000     0.714809
    0.525000      0.153979     0.875689
    0.532500      0.807752     0.831458
    0.540000      1.892209     0.195140
    0.547500      2.780916     1.266918
    0.555000      2.681947     1.676870
    0.562500      2.399829     1.058203
    0.570000      2.381931     0.403802
    0.577500      2.235516     0.292359
    0.585000      2.099590     0.447423
    0.592500      2.528106     0.472058
    0.600000      3.623272     0.468852
    0.607500      4.793490     0.476837
    0.615000      5.166544     0.560072
    0.622500      5.095379     0.798695
    0.630000      5.250482     1.095933
    0.637500      5.715471     1.299657
    0.645000      6.353774     1.252967
    0.652500      6.936443     0.979796
    0.660000      7.323693     0.580717
    0.667500      7.796572     0.140604
    0.675000      8.549836     1.416942
    0.682500      9.266990     3.010583
    0.690000      9.614017     4.035327
    0.697500      9.785410     5.457632
    0.705000      9.656594     6.874065
    0.712500      8.883199     5.688732
    0.720000      7.927340     3.919382
    0.727500      7.322245     3.057070
    0.735000      7.260969     3.071778
    0.742500      7.744795     3.685406
    0.750000      8.507180     4.215209
    0.757500      9.041534     4.389922
    0.765000      9.345187     5.484404
    0.772500      9.831901     7.518170
    0.780000     10.460673     8.513874
    0.787500     10.971982     7.089559
    0.795000     11.360416     4.994861
    0.802500     11.538958     3.597842
    0.810000     11.282282     2.711135
    0.817500     10.858050     2.056421
    0.825000     10.871957     1.785248
    0.832500     11.670937     2.028374
    0.840000     13.113951     3.168506
    0.847500     14.539361     5.090024
    0.855000     15.561784     6.843784
    0.862500     16.469374    10.085907
    0.870000     17.223877    14.077788
    0.877500     17.485838    13.958726
    0.885000     17.250487    11.898308
    0.892500     16.979727    11.788103
    0.900000     17.178471    14.754093
    0.907500     17.864091    24.763192
    0.915000     18.361114    40.475357
    0.922500     18.261062    45.369731
    0.930000     18.170033    40.626452
    0.937500     18.506095    35.324952
    0.945000     19.081808    33.661770
    0.952500     19.392376    36.052532
    0.960000     19.354711    38.051949
    0.967500     19.224499    37.334183
    0.975000     19.030419    35.924366
    0.982500     18.719403    35.492284
    0.990000     18.417975    34.887855
    0.997500     18.328150    33.396501
    1.005000     18.528491    31.472409
    1.012500     19.023067    30.877674
    1.020000     19.680861    32.887112
    1.027500     20.162065    34.497469
    1.035000     20.359747    33.636381
    1.042500     20.522512    32.906782
    1.050000     20.806762    33.081774
    1.057500     21.158960    34.023122
    1.065000     21.394120    35.018302
    1.072500     21.461173    34.417311
    1.080000     21.551080    33.187258
    1.087500     21.784701    32.680090
    1.095000     22.127375    33.373552
    1.102500     22.501685    34.733999
    1.110000     22.823304    33.350779
    1.117500     22.989113    28.073032
    1.125000     23.098055    24.861026
    1.132500     23.460339    26.718845
    1.140000     24.117906    31.669281
    1.147500     24.687616    37.117385
    1.155000     24.870685    39.121529
    1.162500     24.869571    36.904048
    1.170000     24.938798    33.765781
    1.177500     25.154484    30.577955
    1.185000     25.513206    26.881088
    1.192500     25.905495    24.722322
    1.200000     25.966829    24.913024
    1.207500     25.724057    24.113032
    1.215000     25.762285    23.419888
    1.222500     26.135756    25.939431
    1.230000     26.199863    29.290920
    1.237500     25.951544    28.958935
    1.245000     25.864906    28.139482
    1.252500     25.767827    28.187384
    1.260000     25.544032    26.806601
    1.267500     25.322352    23.662998
    1.275000     24.952596    21.932867
    1.282500     24.459886    24.137569
    1.290000     24.160907    26.877800
    1.297500     24.152492    26.611667
    1.305000     24.298808    23.019535
    1.312500     24.320027    18.312872
    1.320000     23.820401    15.361758
    1.327500     22.970432    13.456113
    1.335000     22.412051    11.434455
    1.342500     22.460085    10.076949
    1.350000     22.713973     9.058646
    1.357500     22.217890     6.762894
    1.365000     21.452024     5.642778
    1.372500     21.355148     6.518686
    1.380000     21.990161     8.473329
    1.387500     22.691399     9.429141
    1.395000     22.313604     6.827898
    1.402500     21.113348     3.925619
    1.410000     20.148937     2.883970
    1.417500     19.879028     2.979001
    1.425000     20.371167     3.700243
    1.432500     21.395932     4.958264
    1.440000     22.471566     7.056681
    1.447500     23.035169     9.433899
    1.455000     22.822969     9.676731
    1.462500     22.302120     7.554780
    1.470000     21.863465     4.869187
    1.477500     21.505157     2.814562
    1.485000     21.396526     1.838741
    1.492500     21.669634     2.114089
    1.500000     22.280538     3.436087
    1.507500     23.317795     5.867783
    1.515000     24.783653    11.529880
    1.522500     25.989858    22.475317
    1.530000     25.974095    26.809995
    1.537500     25.252331    22.275449
    1.545000     24.781155    20.128024
    1.552500     24.679862    22.481599
    1.560000     24.340859    23.206684
    1.567500     23.605817    17.213974
    1.575000     23.040931    10.952116
    1.582500     22.879357     8.204269
    1.590000     22.955250     8.476106
    1.597500     23.107326     9.874031
    1.605000     23.484482    11.155153
    1.612500     24.067763    12.145326
    1.620000     24.262714    12.852754
    1.627500     23.855250    13.084602
    1.635000     23.402854    12.322686
    1.642500     23.173197    10.558354
    1.650000     23.031596     8.219447
    1.657500     22.921853     7.071869
    1.665000     23.006542     8.729418
    1.672500     23.399521    12.564689
    1.680000     23.925330    16.163425
    1.687500     24.048819    16.118789
    1.695000     23.673609    13.993162
    1.702500     23.440599    14.005281
    1.710000     23.612885    17.460723
    1.717500     23.806993    23.447194
    1.725000     23.676791    26.522376
    1.732500     23.381430    23.452533
    1.740000     22.902775    17.336001
    1.747500     22.350061    14.032104
    1.755000     22.098926    14.292974
    1.762500     22.087595    16.547601
    1.770000     21.989364    18.418581
    1.777500     21.775439    18.178764
    1.785000     21.567224    16.934661
    1.792500     21.453673    16.469237
    1.800000     21.607304    17.627112
