#! FIELDS cyl.z file.free uncertainty
#! SET sample_size 189999
#! SET effective_sample_size 81.287
#! SET fundeltaF 12.9281
#! SET blocks_num 3
#! SET blocks_effective_num 1.7463
#! SET min_cyl.z 0.3
#! SET max_cyl.z 1.8
#! SET nbins_cyl.z 201
#! SET periodic_cyl.z false
    0.300000    110.183489     1.687757
    0.307500     96.852889     1.684531
    0.315000     84.924958     1.680669
    0.322500     74.398930     1.674802
    0.330000     65.271973     1.661522
    0.337500     57.532656     1.618074
    0.345000     51.131573     1.447804
    0.352500     45.858186     0.846776
    0.360000     41.048949     1.411237
    0.367500     35.969449     3.068688
    0.375000     31.007060     3.233378
    0.382500     26.695220     2.534831
    0.390000     23.054934     1.650300
    0.397500     19.891482     1.134383
    0.405000     16.985542     1.135464
    0.412500     14.204367     1.155805
    0.420000     11.501059     0.818437
    0.427500      8.858630     0.482792
    0.435000      6.412670     0.610053
    0.442500      4.438334     0.769596
    0.450000      3.104228     0.803402
    0.457500      2.332285     0.744491
    0.465000      1.815227     0.653206
    0.472500      1.251652     0.583605
    0.480000      0.632534     0.527760
    0.487500      0.168550     0.495320
    0.495000      0.000000     0.384095
    0.502500      0.076484     0.096397
    0.510000      0.273847     0.184617
    0.517500      0.547707     0.355446
    0.525000      0.988894     0.504020
    0.532500      1.682270     0.702093
    0.540000      2.557409     0.960163
    0.547500      3.451962     1.158793
    0.555000      4.321147     1.148134
    0.562500      5.220041     1.055207
    0.570000      6.168147     1.052747
    0.577500      7.138444     0.970055
    0.585000      8.029861     0.640609
    0.592500      8.838516     0.257218
    0.600000      9.681844     0.154231
    0.607500     10.503063     0.177164
    0.615000     11.251380     0.737417
    0.622500     12.066615     1.143269
    0.630000     12.958567     1.199000
    0.637500     13.783044     1.090079
    0.645000     14.516765     1.061047
    0.652500     15.250483     1.162832
    0.660000     15.982965     1.316539
    0.667500     16.641186     1.490242
    0.675000     17.272133     1.593310
    0.682500     17.901976     1.539719
    0.690000     18.392415     1.413587
    0.697500     18.610251     1.378524
    0.705000     18.683474     1.419058
    0.712500     18.880504     1.648658
    0.720000     19.139213     2.075184
    0.727500     19.092879     2.373694
    0.735000     18.686513     2.404091
    0.742500     18.266312     2.418072
    0.750000     18.010976     2.465758
    0.757500     17.807439     2.470201
    0.765000     17.558610     2.501342
    0.772500     17.244345     2.579280
    0.780000     16.818436     2.546032
    0.787500     16.368867     2.422170
    0.795000     16.059485     2.302643
    0.802500     15.928869     2.176492
    0.810000     15.870767     2.077045
    0.817500     15.767933     2.083151
    0.825000     15.621768     2.283375
    0.832500     15.488957     2.628315
    0.840000     15.377014     2.873029
    0.847500     15.284750     2.968893
    0.855000     15.271596     3.070990
    0.862500     15.373554     3.273126
    0.870000     15.484464     3.609089
    0.877500     15.467229     3.919678
    0.885000     15.391735     3.987992
    0.892500     15.367292     3.905513
    0.900000     15.378906     3.813607
    0.907500     15.402941     3.704319
    0.915000     15.430265     3.558067
    0.922500     15.446285     3.382754
    0.930000     15.448970     3.239991
    0.937500     15.440515     3.190927
    0.945000     15.432351     3.175402
    0.952500     15.448200     3.148722
    0.960000     15.505497     3.154180
    0.967500     15.586596     3.208401
    0.975000     15.672268     3.282937
    0.982500     15.794200     3.372008
    0.990000     15.991094     3.497848
    0.997500     16.236634     3.626351
    1.005000     16.459322     3.651478
    1.012500     16.636175     3.564166
    1.020000     16.820274     3.496250
    1.027500     17.051443     3.526445
    1.035000     17.303535     3.636903
    1.042500     17.549749     3.771457
    1.050000     17.800016     3.895445
    1.057500     18.065480     4.032779
    1.065000     18.346594     4.154573
    1.072500     18.630122     4.165780
    1.080000     18.919690     4.076587
    1.087500     19.264219     3.977541
    1.095000     19.677386     3.927841
    1.102500     20.103577     3.961419
    1.110000     20.504083     4.075431
    1.117500     20.901416     4.215976
    1.125000     21.330639     4.295282
    1.132500     21.781834     4.262189
    1.140000     22.205304     4.205399
    1.147500     22.581433     4.220763
    1.155000     22.948916     4.233065
    1.162500     23.334292     4.196837
    1.170000     23.708202     4.148748
    1.177500     24.046973     4.079091
    1.185000     24.356632     4.026460
    1.192500     24.612924     4.090167
    1.200000     24.795378     4.288789
    1.207500     24.957252     4.528629
    1.215000     25.164702     4.691458
    1.222500     25.415464     4.719128
    1.230000     25.656710     4.599264
    1.237500     25.860272     4.393005
    1.245000     26.032637     4.264039
    1.252500     26.174686     4.292977
    1.260000     26.286056     4.382536
    1.267500     26.356382     4.393697
    1.275000     26.362323     4.288737
    1.282500     26.336129     4.140549
    1.290000     26.347608     4.035283
    1.297500     26.398086     4.023174
    1.305000     26.409365     4.085519
    1.312500     26.338355     4.133496
    1.320000     26.240071     4.123770
    1.327500     26.190812     4.077588
    1.335000     26.191366     4.017317
    1.342500     26.181556     3.971033
    1.350000     26.133987     3.943084
    1.357500     26.066784     3.935743
    1.365000     25.998849     3.986917
    1.372500     25.933095     4.100227
    1.380000     25.873746     4.195786
    1.387500     25.830231     4.187788
    1.395000     25.784760     4.095359
    1.402500     25.729420     4.001497
    1.410000     25.691210     3.950419
    1.417500     25.681357     3.936075
    1.425000     25.700407     3.926400
    1.432500     25.748702     3.910899
    1.440000     25.802960     3.924031
    1.447500     25.841170     4.003507
    1.455000     25.854193     4.123114
    1.462500     25.839933     4.205213
    1.470000     25.811414     4.202416
    1.477500     25.780441     4.123620
    1.485000     25.767376     4.039818
    1.492500     25.792150     4.017770
    1.500000     25.839659     4.041871
    1.507500     25.872850     4.074988
    1.515000     25.877084     4.108052
    1.522500     25.874283     4.109587
    1.530000     25.891801     4.064361
    1.537500     25.928627     4.028221
    1.545000     25.967300     4.031982
    1.552500     26.005652     4.016518
    1.560000     26.045933     3.961543
    1.567500     26.080856     3.950114
    1.575000     26.108896     4.032539
    1.582500     26.128526     4.124318
    1.590000     26.121499     4.110226
    1.597500     26.081044     4.006878
    1.605000     26.048549     3.909238
    1.612500     26.052381     3.864937
    1.620000     26.055076     3.864700
    1.627500     26.018206     3.876811
    1.635000     25.960058     3.890080
    1.642500     25.907147     3.938779
    1.650000     25.862425     4.022100
    1.657500     25.838507     4.085151
    1.665000     25.837841     4.118927
    1.672500     25.826466     4.143171
    1.680000     25.792433     4.139521
    1.687500     25.767778     4.065166
    1.695000     25.753127     3.927507
    1.702500     25.723883     3.799638
    1.710000     25.707808     3.743544
    1.717500     25.746150     3.767405
    1.725000     25.799296     3.814049
    1.732500     25.787538     3.809047
    1.740000     25.720458     3.779871
    1.747500     25.668040     3.802782
    1.755000     25.648288     3.873806
    1.762500     25.640127     3.927744
    1.770000     25.643085     3.914337
    1.777500     25.669378     3.839201
    1.785000     25.708044     3.757633
    1.792500     25.763907     3.715499
    1.800000     25.907109     3.690953
