#! FIELDS cyl.z file.free uncertainty
#! SET sample_size 14997
#! SET effective_sample_size 28.1059
#! SET fundeltaF 8.12538
#! SET blocks_num 3
#! SET blocks_effective_num 1.04075
#! SET min_cyl.z 0.3
#! SET max_cyl.z 1.8
#! SET nbins_cyl.z 201
#! SET periodic_cyl.z false
    0.300000    414.732464     1.759527
    0.307500    381.947501     1.759527
    0.315000    350.565603     1.759527
    0.322500    320.586770     1.759527
    0.330000    292.011003     1.759527
    0.337500    264.838302     1.759527
    0.345000    239.068666     1.759527
    0.352500    214.702095     1.759527
    0.360000    191.738590     1.759527
    0.367500    170.178151     1.759527
    0.375000    150.020777     1.759527
    0.382500    131.266468     1.759527
    0.390000    113.915225     1.759527
    0.397500     97.967047     1.759527
    0.405000     83.421933     1.759527
    0.412500     70.279877     1.759527
    0.420000     58.540860     1.759527
    0.427500     48.204791     1.759527
    0.435000     39.271286     1.759527
    0.442500     31.738691     1.759527
    0.450000     25.599753     1.759527
    0.457500     20.822068     1.759527
    0.465000     17.261193     1.759527
    0.472500     14.368945     1.759527
    0.480000     11.121398     1.759527
    0.487500      7.480321     1.759527
    0.495000      4.253709     1.759527
    0.502500      1.886362     1.759527
    0.510000      0.527259     1.759527
    0.517500      0.078639     1.759527
    0.525000      0.090357     1.759527
    0.532500      0.042440     1.759527
    0.540000      0.000000     1.759527
    0.547500      0.195952     1.759527
    0.555000      0.692168     1.759527
    0.562500      1.558104     1.759527
    0.570000      2.821590     1.759527
    0.577500      4.419042     1.759527
    0.585000      6.353996     1.759527
    0.592500      8.740213     1.759527
    0.600000     11.529310     1.759527
    0.607500     14.477754     1.759527
    0.615000     16.583652     1.759527
    0.622500     16.627707     1.759527
    0.630000     16.639918     1.759527
    0.637500     17.652605     1.759527
    0.645000     19.560920     1.759527
    0.652500     22.049027     1.759527
    0.660000     25.056317     1.759523
    0.667500     28.489775     1.758935
    0.675000     28.854798     1.744756
    0.682500     25.555706     1.709771
    0.690000     23.107379     1.620707
    0.697500     22.023072     1.377212
    0.705000     22.297290     1.293237
    0.712500     23.658422     6.082333
    0.720000     24.345232    17.138710
    0.727500     22.922891    18.498777
    0.735000     21.288154    17.574126
    0.742500     19.495339    13.762641
    0.750000     17.672241     8.551120
    0.757500     16.534593     5.640344
    0.765000     16.255411     5.040467
    0.772500     16.492232     5.719216
    0.780000     16.762337     6.000820
    0.787500     16.722558     6.968534
    0.795000     16.362289     9.208925
    0.802500     16.231041    11.386312
    0.810000     16.552873    13.549640
    0.817500     16.671774    16.303368
    0.825000     16.037897    19.927738
    0.832500     15.327046    23.567155
    0.840000     14.947459    28.482878
    0.847500     14.595902    37.136980
    0.855000     14.053117    46.386214
    0.862500     13.614946    50.516152
    0.870000     13.604391    50.997781
    0.877500     14.060338    51.239185
    0.885000     14.564267    48.970000
    0.892500     14.550033    43.876000
    0.900000     14.095100    44.147322
    0.907500     13.414549    48.099940
    0.915000     12.669387    48.700076
    0.922500     12.148281    46.217255
    0.930000     11.948654    44.701510
    0.937500     11.888773    46.323544
    0.945000     11.699932    49.197149
    0.952500     11.388217    51.273122
    0.960000     11.185242    53.698384
    0.967500     11.108024    57.484342
    0.975000     11.070434    61.290887
    0.982500     11.172852    61.736155
    0.990000     11.446594    56.364301
    0.997500     11.686614    48.136784
    1.005000     11.743695    44.558219
    1.012500     11.689841    49.664134
    1.020000     11.666889    58.170972
    1.027500     11.824228    62.835600
    1.035000     12.244069    63.514652
    1.042500     12.743967    64.271330
    1.050000     13.040417    65.894016
    1.057500     13.220261    66.116325
    1.065000     13.469578    65.780985
    1.072500     13.746455    66.743669
    1.080000     13.979777    69.441720
    1.087500     14.233501    72.150845
    1.095000     14.574728    73.214576
    1.102500     14.944751    75.212064
    1.110000     15.285853    78.446057
    1.117500     15.704816    78.689317
    1.125000     16.307168    77.253559
    1.132500     16.933856    76.661626
    1.140000     17.307849    76.889951
    1.147500     17.508483    77.165448
    1.155000     17.712984    77.510442
    1.162500     17.938283    77.757921
    1.170000     18.206434    77.600419
    1.177500     18.534455    76.790906
    1.185000     18.890987    75.339956
    1.192500     19.227816    74.297834
    1.200000     19.518767    74.347178
    1.207500     19.764987    74.659152
    1.215000     19.965024    75.200675
    1.222500     20.110588    76.019738
    1.230000     20.231690    75.924346
    1.237500     20.403836    74.853800
    1.245000     20.679887    74.035834
    1.252500     21.002520    74.820247
    1.260000     21.266169    75.953652
    1.267500     21.382977    76.101100
    1.275000     21.260117    76.342079
    1.282500     21.013339    77.568417
    1.290000     20.935942    78.667577
    1.297500     21.151300    78.036636
    1.305000     21.480645    76.568433
    1.312500     21.674363    76.449508
    1.320000     21.715295    77.454077
    1.327500     21.673414    77.723652
    1.335000     21.524473    76.872093
    1.342500     21.306969    76.296213
    1.350000     21.171022    76.476866
    1.357500     21.162146    76.896949
    1.365000     21.216963    77.071864
    1.372500     21.231615    76.420088
    1.380000     21.128412    76.315563
    1.387500     20.960270    78.121586
    1.395000     20.811938    80.591822
    1.402500     20.752706    82.467964
    1.410000     20.759964    82.829878
    1.417500     20.699298    82.887067
    1.425000     20.632483    84.130569
    1.432500     20.795651    85.023843
    1.440000     21.143110    83.593649
    1.447500     21.324390    81.340424
    1.455000     21.221501    80.817889
    1.462500     21.080628    80.939866
    1.470000     21.044274    80.702121
    1.477500     21.007537    80.189903
    1.485000     20.914607    79.537023
    1.492500     20.872889    79.611523
    1.500000     20.954316    81.580046
    1.507500     21.052289    84.387148
    1.515000     20.944991    87.022624
    1.522500     20.659824    90.106419
    1.530000     20.492240    92.935940
    1.537500     20.604384    94.165590
    1.545000     20.909610    93.044255
    1.552500     21.201739    90.153184
    1.560000     21.379919    87.583531
    1.567500     21.466040    85.917458
    1.575000     21.461313    83.901342
    1.582500     21.353727    80.292710
    1.590000     21.117865    76.099886
    1.597500     20.866159    74.082966
    1.605000     20.839472    75.101938
    1.612500     21.065522    78.712229
    1.620000     21.286682    83.793618
    1.627500     21.353091    86.176078
    1.635000     21.405226    83.887469
    1.642500     21.546256    79.084167
    1.650000     21.745406    76.455440
    1.657500     21.957197    78.221579
    1.665000     22.136653    83.015485
    1.672500     22.219270    85.489359
    1.680000     22.168640    83.510541
    1.687500     21.951595    81.474026
    1.695000     21.653157    81.704909
    1.702500     21.502123    83.224670
    1.710000     21.562943    83.957699
    1.717500     21.729745    82.304262
    1.725000     21.930705    77.427051
    1.732500     22.067059    69.933590
    1.740000     21.995889    63.920249
    1.747500     21.798943    62.575770
    1.755000     21.710162    64.354061
    1.762500     21.730523    66.928337
    1.770000     21.730261    68.026921
    1.777500     21.742369    66.974164
    1.785000     21.776027    65.020063
    1.792500     21.761097    63.356625
    1.800000     21.804598    62.080318
