#! FIELDS cyl.z file.free uncertainty
#! SET sample_size 189999
#! SET effective_sample_size 292.129
#! SET fundeltaF 33.6428
#! SET blocks_num 3
#! SET blocks_effective_num 1.1754
#! SET min_cyl.z 0.3
#! SET max_cyl.z 1.8
#! SET nbins_cyl.z 201
#! SET periodic_cyl.z false
    0.300000    521.569898     1.767589
    0.307500    488.017925     1.767589
    0.315000    455.869018     1.767589
    0.322500    425.123177     1.767589
    0.330000    395.780401     1.767589
    0.337500    367.840690     1.767589
    0.345000    341.304045     1.767589
    0.352500    316.170466     1.767589
    0.360000    292.439951     1.767589
    0.367500    270.112503     1.767589
    0.375000    249.188119     1.767589
    0.382500    229.666801     1.767589
    0.390000    211.548547     1.767589
    0.397500    194.833354     1.767589
    0.405000    179.521208     1.767589
    0.412500    165.612061     1.767589
    0.420000    153.105731     1.767589
    0.427500    142.001528     1.767589
    0.435000    132.296773     1.767589
    0.442500    123.980842     1.767589
    0.450000    117.010558     1.767589
    0.457500    111.212275     1.767589
    0.465000    106.012427     1.767588
    0.472500    100.518030     1.767525
    0.480000     94.745708     1.765411
    0.487500     89.216665     1.718530
    0.495000     83.595413     1.109097
    0.502500     76.312529     1.338184
    0.510000     67.885352     3.982783
    0.517500     59.769185     6.241868
    0.525000     52.310991     7.604879
    0.532500     45.606739     7.740870
    0.540000     39.686103     6.956632
    0.547500     34.479423     5.877457
    0.555000     29.865208     5.060562
    0.562500     25.727832     4.657383
    0.570000     21.928387     4.434992
    0.577500     18.335221     4.106230
    0.585000     14.953527     3.582392
    0.592500     11.877247     2.985034
    0.600000      9.171381     2.462870
    0.607500      6.875863     1.947976
    0.615000      5.007553     1.292338
    0.622500      3.528028     0.637073
    0.630000      2.359762     0.321774
    0.637500      1.441750     0.355983
    0.645000      0.731696     0.441349
    0.652500      0.221785     0.507493
    0.660000      0.000000     0.515834
    0.667500      0.145271     0.464634
    0.675000      0.590102     0.386062
    0.682500      1.175170     0.314761
    0.690000      1.808222     0.377184
    0.697500      2.524738     0.450257
    0.705000      3.389164     0.369820
    0.712500      4.413796     0.318056
    0.720000      5.597009     0.371339
    0.727500      6.888002     0.318518
    0.735000      8.146547     0.936491
    0.742500      9.302976     1.602846
    0.750000     10.341985     1.829071
    0.757500     11.162864     2.269558
    0.765000     11.778234     3.133392
    0.772500     12.275265     3.659150
    0.780000     12.539978     4.388709
    0.787500     12.474132     6.368984
    0.795000     12.187505     9.295589
    0.802500     11.827547    12.560150
    0.810000     11.489617    14.944251
    0.817500     11.195273    15.889902
    0.825000     10.933076    16.154852
    0.832500     10.726744    16.209773
    0.840000     10.616863    16.141705
    0.847500     10.604557    16.296661
    0.855000     10.677560    16.509901
    0.862500     10.886183    16.614609
    0.870000     11.329284    17.120711
    0.877500     12.048178    18.369927
    0.885000     12.945240    19.803732
    0.892500     13.880969    20.443780
    0.900000     14.850633    19.865410
    0.907500     15.912194    18.330453
    0.915000     17.032905    16.781165
    0.922500     18.172501    16.244537
    0.930000     19.370945    16.720244
    0.937500     20.664856    17.724182
    0.945000     21.992543    19.282623
    0.952500     23.195815    20.682347
    0.960000     24.238715    20.537093
    0.967500     25.274071    19.791216
    0.975000     26.395021    19.764275
    0.982500     27.523135    20.016864
    0.990000     28.542578    20.105763
    0.997500     29.459715    20.700289
    1.005000     30.341026    22.279640
    1.012500     31.179082    23.796808
    1.020000     31.929176    24.436372
    1.027500     32.605374    25.887495
    1.035000     33.204230    29.076905
    1.042500     33.716341    32.310635
    1.050000     34.158687    34.196278
    1.057500     34.533187    35.021372
    1.065000     34.858443    35.632543
    1.072500     35.185946    36.200735
    1.080000     35.553410    36.336865
    1.087500     35.940971    36.408284
    1.095000     36.309924    37.141372
    1.102500     36.677947    38.394953
    1.110000     37.103131    39.589885
    1.117500     37.577378    40.203586
    1.125000     38.042389    40.387021
    1.132500     38.464221    41.053944
    1.140000     38.849299    42.144946
    1.147500     39.248749    42.667847
    1.155000     39.682630    42.754126
    1.162500     40.118026    43.310366
    1.170000     40.536492    44.377469
    1.177500     40.931580    45.121137
    1.185000     41.277250    45.127966
    1.192500     41.562584    44.699642
    1.200000     41.811544    44.327338
    1.207500     42.061378    44.995385
    1.215000     42.320757    47.382350
    1.222500     42.555105    50.353380
    1.230000     42.760490    51.984772
    1.237500     42.969882    51.802555
    1.245000     43.157177    51.199121
    1.252500     43.270697    51.488857
    1.260000     43.334383    51.947023
    1.267500     43.416695    51.795926
    1.275000     43.554213    51.349456
    1.282500     43.728307    50.758688
    1.290000     43.887418    50.687034
    1.297500     44.021450    51.275943
    1.305000     44.170382    50.769249
    1.312500     44.341803    48.767647
    1.320000     44.487710    47.410996
    1.327500     44.571553    47.884564
    1.335000     44.637219    48.732096
    1.342500     44.769267    48.803255
    1.350000     44.987765    48.661899
    1.357500     45.233909    48.692053
    1.365000     45.453855    48.756841
    1.372500     45.623607    49.962415
    1.380000     45.733806    52.774055
    1.387500     45.833675    54.382050
    1.395000     45.983695    52.930423
    1.402500     46.167101    50.731099
    1.410000     46.335879    50.317104
    1.417500     46.467522    51.162545
    1.425000     46.567817    52.131095
    1.432500     46.656122    52.812263
    1.440000     46.734278    53.183491
    1.447500     46.798191    53.645489
    1.455000     46.845632    54.364342
    1.462500     46.875586    55.061694
    1.470000     46.906121    55.478885
    1.477500     46.950610    55.503504
    1.485000     47.007591    55.545384
    1.492500     47.079487    56.032394
    1.500000     47.143383    56.549451
    1.507500     47.144744    56.785009
    1.515000     47.090699    57.213059
    1.522500     47.053782    57.545667
    1.530000     47.061705    56.873499
    1.537500     47.075465    55.477835
    1.545000     47.078328    54.015161
    1.552500     47.119426    52.924873
    1.560000     47.205176    52.870341
    1.567500     47.239955    53.973884
    1.575000     47.184316    55.460949
    1.582500     47.135181    56.232542
    1.590000     47.151568    55.652478
    1.597500     47.178262    54.473311
    1.605000     47.148168    54.233194
    1.612500     47.076095    55.114968
    1.620000     47.023076    56.057259
    1.627500     47.017225    56.699666
    1.635000     47.043895    57.478904
    1.642500     47.066169    58.385479
    1.650000     47.053482    59.009304
    1.657500     47.027480    59.351080
    1.665000     47.021769    59.383007
    1.672500     47.017835    58.961788
    1.680000     47.004927    58.607017
    1.687500     47.016491    59.024878
    1.695000     47.052337    60.308016
    1.702500     47.071441    61.760642
    1.710000     47.059391    62.402084
    1.717500     47.033656    62.361366
    1.725000     47.012670    62.226831
    1.732500     46.997959    61.783377
    1.740000     46.994214    60.969795
    1.747500     47.012973    60.309458
    1.755000     47.054981    60.311500
    1.762500     47.117071    60.786431
    1.770000     47.181819    60.707730
    1.777500     47.216497    59.863170
    1.785000     47.202376    59.344365
    1.792500     47.191835    59.852198
    1.800000     47.293929    60.948669
