#! FIELDS cyl.z file.free uncertainty
#! SET sample_size 189999
#! SET effective_sample_size 322.514
#! SET fundeltaF 19.7959
#! SET blocks_num 3
#! SET blocks_effective_num 2.76334
#! SET min_cyl.z 0.3
#! SET max_cyl.z 1.8
#! SET nbins_cyl.z 201
#! SET periodic_cyl.z false
    0.300000    291.009874     2.574099
    0.307500    266.857457     2.563962
    0.315000    244.105508     2.552721
    0.322500    222.753045     2.540321
    0.330000    202.798625     2.526745
    0.337500    184.240111     2.512042
    0.345000    167.074314     2.496355
    0.352500    151.296428     2.479942
    0.360000    136.899062     2.463038
    0.367500    123.870277     2.445099
    0.375000    112.188742     2.421629
    0.382500    101.809972     2.372923
    0.390000     92.628128     2.232159
    0.397500     84.398660     1.844957
    0.405000     76.719565     1.096016
    0.412500     69.299720     0.340136
    0.420000     62.119137     0.877074
    0.427500     55.207738     1.261645
    0.435000     48.740147     1.167965
    0.442500     43.030446     1.099926
    0.450000     38.256164     1.204998
    0.457500     34.267552     1.120920
    0.465000     30.451897     1.079111
    0.472500     26.378011     1.876015
    0.480000     22.470936     2.247941
    0.487500     19.028987     2.227498
    0.495000     16.020733     2.061767
    0.502500     13.454154     1.877056
    0.510000     11.335432     1.719051
    0.517500      9.543409     1.519529
    0.525000      7.926799     1.183428
    0.532500      6.414215     0.799200
    0.540000      5.027452     0.626234
    0.547500      3.877695     0.748111
    0.555000      3.053314     0.888148
    0.562500      2.473727     0.944802
    0.570000      1.950186     0.976504
    0.577500      1.416437     0.967243
    0.585000      0.973109     0.865488
    0.592500      0.735416     0.729243
    0.600000      0.676580     0.650932
    0.607500      0.640112     0.636449
    0.615000      0.511633     0.562462
    0.622500      0.289252     0.340083
    0.630000      0.088069     0.008820
    0.637500      0.005560     0.358990
    0.645000      0.000000     0.588428
    0.652500      0.003497     0.620290
    0.660000      0.028570     0.590732
    0.667500      0.115412     0.561157
    0.675000      0.320214     0.494457
    0.682500      0.733491     0.427559
    0.690000      1.415824     0.452141
    0.697500      2.328235     0.597200
    0.705000      3.321640     0.766803
    0.712500      4.255270     0.881363
    0.720000      5.121784     0.967537
    0.727500      5.960245     1.054074
    0.735000      6.792062     1.245977
    0.742500      7.729275     1.448903
    0.750000      8.898998     1.404927
    0.757500     10.225040     1.067488
    0.765000     11.534527     0.764020
    0.772500     12.838975     0.812915
    0.780000     14.170306     1.029851
    0.787500     15.392182     1.256506
    0.795000     16.419676     1.326801
    0.802500     17.386230     1.165645
    0.810000     18.325788     0.980038
    0.817500     19.020665     0.986286
    0.825000     19.343157     1.111373
    0.832500     19.457520     1.222275
    0.840000     19.512169     1.287549
    0.847500     19.429010     1.320681
    0.855000     19.154079     1.346573
    0.862500     18.852405     1.363977
    0.870000     18.715561     1.360338
    0.877500     18.793025     1.331031
    0.885000     19.003862     1.295821
    0.892500     19.224690     1.259822
    0.900000     19.376647     1.221333
    0.907500     19.470965     1.201305
    0.915000     19.586038     1.202149
    0.922500     19.798560     1.197271
    0.930000     20.102346     1.167960
    0.937500     20.451425     1.129712
    0.945000     20.849836     1.092142
    0.952500     21.300312     1.065396
    0.960000     21.758225     1.057865
    0.967500     22.156604     1.053768
    0.975000     22.511883     1.052319
    0.982500     22.930066     1.072242
    0.990000     23.462986     1.110460
    0.997500     24.047100     1.139561
    1.005000     24.546327     1.137917
    1.012500     24.912047     1.098093
    1.020000     25.210615     1.059301
    1.027500     25.477686     1.076102
    1.035000     25.734746     1.109806
    1.042500     26.022330     1.053668
    1.050000     26.321960     0.939744
    1.057500     26.563394     0.906610
    1.065000     26.762557     0.950833
    1.072500     27.019648     0.998596
    1.080000     27.331635     1.046951
    1.087500     27.590581     1.099988
    1.095000     27.765084     1.119764
    1.102500     27.904035     1.086382
    1.110000     28.033574     1.039066
    1.117500     28.162212     1.021331
    1.125000     28.290267     1.042109
    1.132500     28.430689     1.077930
    1.140000     28.638983     1.098286
    1.147500     28.954350     1.112069
    1.155000     29.317368     1.127501
    1.162500     29.608419     1.107802
    1.170000     29.810438     1.016600
    1.177500     29.988110     0.922108
    1.185000     30.151555     0.930973
    1.192500     30.278939     1.018228
    1.200000     30.361064     1.092758
    1.207500     30.424031     1.114832
    1.215000     30.516053     1.104606
    1.222500     30.670268     1.111529
    1.230000     30.912351     1.144014
    1.237500     31.201391     1.158005
    1.245000     31.405322     1.128191
    1.252500     31.468536     1.097460
    1.260000     31.445727     1.113674
    1.267500     31.395071     1.179063
    1.275000     31.353086     1.253597
    1.282500     31.310317     1.266637
    1.290000     31.255118     1.211376
    1.297500     31.229485     1.167540
    1.305000     31.292122     1.182973
    1.312500     31.441472     1.218750
    1.320000     31.574269     1.170939
    1.327500     31.589695     1.070297
    1.335000     31.545893     1.054052
    1.342500     31.554906     1.110936
    1.350000     31.598498     1.161575
    1.357500     31.525482     1.186752
    1.365000     31.290303     1.210168
    1.372500     31.095238     1.230159
    1.380000     31.092310     1.225686
    1.387500     31.235652     1.197004
    1.395000     31.420363     1.151318
    1.402500     31.580001     1.091241
    1.410000     31.654647     1.033560
    1.417500     31.643276     1.000455
    1.425000     31.609598     1.020290
    1.432500     31.555794     1.089903
    1.440000     31.489899     1.188488
    1.447500     31.447874     1.291051
    1.455000     31.401132     1.325654
    1.462500     31.340512     1.258040
    1.470000     31.324773     1.119519
    1.477500     31.380112     0.985198
    1.485000     31.469755     0.935640
    1.492500     31.547377     0.976112
    1.500000     31.612080     1.051352
    1.507500     31.672905     1.088529
    1.515000     31.660759     1.062524
    1.522500     31.520940     1.036262
    1.530000     31.351568     1.050654
    1.537500     31.288090     1.082361
    1.545000     31.383777     1.118273
    1.552500     31.569877     1.163671
    1.560000     31.673316     1.204928
    1.567500     31.619004     1.234703
    1.575000     31.512482     1.243362
    1.582500     31.479396     1.188629
    1.590000     31.579326     1.082773
    1.597500     31.774592     0.989923
    1.605000     31.913079     0.996260
    1.612500     31.857286     1.055622
    1.620000     31.683266     1.022701
    1.627500     31.549400     0.943525
    1.635000     31.464887     0.957179
    1.642500     31.389566     1.029726
    1.650000     31.330439     1.051864
    1.657500     31.273955     0.993282
    1.665000     31.223498     0.892700
    1.672500     31.236312     0.836100
    1.680000     31.346828     0.864220
    1.687500     31.532863     0.909349
    1.695000     31.680519     0.917612
    1.702500     31.665806     0.922731
    1.710000     31.551946     0.954105
    1.717500     31.479917     0.969102
    1.725000     31.466721     0.903501
    1.732500     31.457536     0.791973
    1.740000     31.428240     0.735803
    1.747500     31.379298     0.733547
    1.755000     31.312077     0.743750
    1.762500     31.237431     0.807751
    1.770000     31.190576     0.884115
    1.777500     31.237435     0.871475
    1.785000     31.402173     0.797096
    1.792500     31.595824     0.770798
    1.800000     31.757163     0.815498
