#! FIELDS cyl.z file.free uncertainty
#! SET sample_size 89997
#! SET effective_sample_size 383.54
#! SET fundeltaF 17.8123
#! SET blocks_num 3
#! SET blocks_effective_num 2.47354
#! SET min_cyl.z 0.3
#! SET max_cyl.z 1.8
#! SET nbins_cyl.z 201
#! SET periodic_cyl.z false
    0.300000    269.056131     3.738644
    0.307500    246.541607     3.738644
    0.315000    225.430149     3.738644
    0.322500    205.721755     3.738643
    0.330000    187.416427     3.738641
    0.337500    170.514161     3.738634
    0.345000    155.014950     3.738610
    0.352500    140.918767     3.738526
    0.360000    128.225500     3.738238
    0.367500    116.934649     3.737245
    0.375000    107.043809     3.733830
    0.382500     98.540280     3.722190
    0.390000     91.353342     3.684388
    0.397500     85.115631     3.589824
    0.405000     78.703396     3.519043
    0.412500     71.493530     3.596070
    0.420000     64.240684     3.672720
    0.427500     57.422712     3.693410
    0.435000     51.413175     3.678476
    0.442500     46.452910     3.601827
    0.450000     42.188613     3.186984
    0.457500     37.182724     2.177134
    0.465000     31.447344     1.538878
    0.472500     26.314192     1.256183
    0.480000     22.135072     1.101683
    0.487500     18.878880     0.974905
    0.495000     16.400160     0.743743
    0.502500     14.421563     0.378958
    0.510000     12.688032     0.498719
    0.517500     11.130987     0.583612
    0.525000      9.659021     0.528791
    0.532500      8.176984     0.822482
    0.540000      6.793959     1.012447
    0.547500      5.719938     0.991770
    0.555000      5.000639     0.789001
    0.562500      4.397151     0.595689
    0.570000      3.815222     0.600046
    0.577500      3.469129     0.675292
    0.585000      3.287933     0.702328
    0.592500      2.906904     0.697882
    0.600000      2.402971     0.685383
    0.607500      2.100635     0.525332
    0.615000      1.870534     0.159592
    0.622500      1.426706     0.128900
    0.630000      0.902543     0.147811
    0.637500      0.493642     0.106046
    0.645000      0.206345     0.082587
    0.652500      0.021737     0.030816
    0.660000      0.000000     0.074935
    0.667500      0.193737     0.192979
    0.675000      0.491178     0.343316
    0.682500      0.766372     0.391498
    0.690000      1.161987     0.397207
    0.697500      1.864786     0.461164
    0.705000      2.802964     0.499534
    0.712500      3.752016     0.352095
    0.720000      4.627968     0.255378
    0.727500      5.496332     0.446257
    0.735000      6.422016     0.569745
    0.742500      7.530832     0.527235
    0.750000      8.903403     0.307613
    0.757500     10.388572     0.220848
    0.765000     11.750804     0.562435
    0.772500     12.778586     0.761298
    0.780000     13.479211     0.750017
    0.787500     14.278550     0.708658
    0.795000     15.296208     0.745214
    0.802500     16.205587     0.993314
    0.810000     17.051702     1.077435
    0.817500     18.044084     0.781520
    0.825000     18.962745     0.607431
    0.832500     19.532611     0.728982
    0.840000     19.699141     0.962510
    0.847500     19.645075     1.093156
    0.855000     19.546823     1.005442
    0.862500     19.319388     0.931927
    0.870000     18.937547     1.107142
    0.877500     18.660604     1.228966
    0.885000     18.693158     1.080391
    0.892500     18.948138     0.803616
    0.900000     19.233763     0.631673
    0.907500     19.514621     0.604474
    0.915000     19.816442     0.640620
    0.922500     20.077600     0.683529
    0.930000     20.270700     0.717879
    0.937500     20.487873     0.706340
    0.945000     20.810267     0.650238
    0.952500     21.227702     0.603284
    0.960000     21.662420     0.617305
    0.967500     22.032628     0.723732
    0.975000     22.328168     0.872980
    0.982500     22.667052     0.932037
    0.990000     23.169224     0.835930
    0.997500     23.781088     0.658552
    1.005000     24.322202     0.550782
    1.012500     24.686835     0.547279
    1.020000     24.958718     0.538519
    1.027500     25.253110     0.476150
    1.035000     25.579980     0.403568
    1.042500     25.922243     0.379362
    1.050000     26.238224     0.404482
    1.057500     26.431189     0.407756
    1.065000     26.525764     0.419948
    1.072500     26.658590     0.502040
    1.080000     26.874037     0.571764
    1.087500     27.140577     0.598579
    1.095000     27.419424     0.596159
    1.102500     27.635202     0.580427
    1.110000     27.698352     0.600419
    1.117500     27.627476     0.675595
    1.125000     27.600308     0.719404
    1.132500     27.746411     0.668623
    1.140000     27.987814     0.589006
    1.147500     28.207235     0.554846
    1.155000     28.445777     0.505666
    1.162500     28.803991     0.368158
    1.170000     29.224034     0.222293
    1.177500     29.517180     0.235242
    1.185000     29.677815     0.492480
    1.192500     29.907343     0.749044
    1.200000     30.292997     0.792548
    1.207500     30.646422     0.650818
    1.215000     30.815638     0.515861
    1.222500     30.936230     0.496226
    1.230000     31.098622     0.547240
    1.237500     31.229935     0.642838
    1.245000     31.215337     0.825566
    1.252500     31.070671     1.027447
    1.260000     30.999720     1.124310
    1.267500     31.059431     1.206824
    1.275000     31.117495     1.374203
    1.282500     31.191826     1.525933
    1.290000     31.285090     1.557199
    1.297500     31.175843     1.366729
    1.305000     30.888306     1.084476
    1.312500     30.767743     0.989191
    1.320000     30.907912     1.107381
    1.327500     31.017946     1.320589
    1.335000     30.954485     1.345374
    1.342500     30.912490     1.174016
    1.350000     30.865700     0.956260
    1.357500     30.602194     0.786093
    1.365000     30.228783     0.686580
    1.372500     30.048913     0.635686
    1.380000     30.084083     0.583598
    1.387500     30.061612     0.482209
    1.395000     29.909403     0.422843
    1.402500     29.821618     0.437824
    1.410000     29.853515     0.483013
    1.417500     29.965572     0.648980
    1.425000     30.129168     0.798824
    1.432500     30.221599     0.827452
    1.440000     30.118602     0.744962
    1.447500     29.908751     0.635422
    1.455000     29.801918     0.517280
    1.462500     29.916195     0.406379
    1.470000     30.106794     0.385749
    1.477500     30.106564     0.503852
    1.485000     29.983590     0.673182
    1.492500     29.920567     0.791067
    1.500000     29.849798     0.825782
    1.507500     29.780273     0.777163
    1.515000     29.887210     0.660272
    1.522500     30.159297     0.553843
    1.530000     30.364956     0.530109
    1.537500     30.373710     0.533231
    1.545000     30.277973     0.554060
    1.552500     30.224537     0.644317
    1.560000     30.253018     0.799836
    1.567500     30.266426     0.920981
    1.575000     30.245976     0.910301
    1.582500     30.281971     0.843592
    1.590000     30.377384     0.808789
    1.597500     30.430459     0.812749
    1.605000     30.354125     0.914263
    1.612500     30.223901     0.955787
    1.620000     30.194984     0.898254
    1.627500     30.297153     0.847770
    1.635000     30.438916     0.841129
    1.642500     30.499559     0.895569
    1.650000     30.385984     0.937986
    1.657500     30.130402     0.964482
    1.665000     29.943814     1.000113
    1.672500     29.956349     0.968698
    1.680000     30.033648     0.850905
    1.687500     30.020819     0.784597
    1.695000     29.895480     0.819979
    1.702500     29.722723     0.865761
    1.710000     29.675332     0.896646
    1.717500     29.837321     1.015044
    1.725000     30.079627     1.224867
    1.732500     30.174747     1.298384
    1.740000     30.062485     1.250449
    1.747500     29.927834     1.278649
    1.755000     29.912689     1.358365
    1.762500     29.994093     1.372164
    1.770000     30.107242     1.295358
    1.777500     30.240428     1.189142
    1.785000     30.379922     1.138445
    1.792500     30.466649     1.099279
    1.800000     30.557933     1.079388
