#! FIELDS cyl.z file.free uncertainty
#! SET sample_size 89997
#! SET effective_sample_size 256.219
#! SET fundeltaF 22.6181
#! SET blocks_num 3
#! SET blocks_effective_num 2.02828
#! SET min_cyl.z 0.3
#! SET max_cyl.z 1.8
#! SET nbins_cyl.z 201
#! SET periodic_cyl.z false
    0.300000    257.472426     3.907315
    0.307500    236.644558     3.907882
    0.315000    217.166204     3.907376
    0.322500    198.962783     3.902900
    0.330000    181.888185     3.884751
    0.337500    165.745794     3.830736
    0.345000    150.430111     3.711713
    0.352500    136.031461     3.502632
    0.360000    122.715224     3.175578
    0.367500    110.583261     2.700067
    0.375000     99.660961     2.073403
    0.382500     89.937620     1.369515
    0.390000     81.404586     0.806252
    0.397500     74.070489     0.772102
    0.405000     67.918214     1.094260
    0.412500     62.608623     1.423633
    0.420000     56.746103     1.651172
    0.427500     49.919119     1.689443
    0.435000     43.661840     1.665106
    0.442500     38.513916     1.620339
    0.450000     34.340296     1.555028
    0.457500     30.677298     1.440791
    0.465000     27.161412     1.171165
    0.472500     23.939631     0.696024
    0.480000     21.224145     0.487234
    0.487500     19.031894     0.684481
    0.495000     17.210939     0.627386
    0.502500     15.490958     0.605737
    0.510000     13.781947     0.766889
    0.517500     12.079834     0.969129
    0.525000     10.282962     1.153109
    0.532500      8.594543     1.245105
    0.540000      7.313963     1.159456
    0.547500      6.482189     0.902321
    0.555000      5.893179     0.597783
    0.562500      5.172381     0.561859
    0.570000      4.217177     0.743853
    0.577500      3.391874     0.725186
    0.585000      2.915435     0.531577
    0.592500      2.634141     0.530833
    0.600000      2.299566     0.767151
    0.607500      1.794120     0.597637
    0.615000      1.189739     0.163497
    0.622500      0.740769     0.219374
    0.630000      0.532212     0.351853
    0.637500      0.375973     0.312033
    0.645000      0.175245     0.249365
    0.652500      0.033657     0.221282
    0.660000      0.000000     0.195175
    0.667500      0.045005     0.121980
    0.675000      0.204354     0.183262
    0.682500      0.582694     0.493159
    0.690000      1.201276     0.725630
    0.697500      1.872119     0.553054
    0.705000      2.320529     0.074609
    0.712500      2.621818     0.727102
    0.720000      3.199316     1.120972
    0.727500      4.388520     1.238884
    0.735000      6.129805     1.091248
    0.742500      7.871831     0.740959
    0.750000      8.985117     0.619984
    0.757500      9.412531     0.869834
    0.765000      9.967714     1.149320
    0.772500     11.355825     1.203143
    0.780000     13.509407     1.043481
    0.787500     15.383229     0.949321
    0.795000     16.408312     0.899530
    0.802500     17.609419     0.722018
    0.810000     19.247402     0.758881
    0.817500     20.638739     1.453790
    0.825000     21.492972     1.822594
    0.832500     22.224826     2.035397
    0.840000     22.814259     2.674000
    0.847500     22.980850     3.357050
    0.855000     22.870067     3.535387
    0.862500     22.849108     3.386926
    0.870000     22.985316     3.104630
    0.877500     23.088552     2.818214
    0.885000     23.089948     2.628601
    0.892500     23.079100     2.530795
    0.900000     23.098835     2.526012
    0.907500     23.161869     2.583929
    0.915000     23.309870     2.626289
    0.922500     23.581422     2.631168
    0.930000     23.989378     2.624756
    0.937500     24.474879     2.571664
    0.945000     24.938420     2.423374
    0.952500     25.347590     2.202783
    0.960000     25.755718     1.968627
    0.967500     26.229135     1.839491
    0.975000     26.777922     1.959137
    0.982500     27.346509     2.334143
    0.990000     27.863794     2.794341
    0.997500     28.335073     3.102939
    1.005000     28.820500     3.096772
    1.012500     29.270659     2.855531
    1.020000     29.621203     2.651875
    1.027500     29.958267     2.667598
    1.035000     30.340556     2.811719
    1.042500     30.673920     2.923227
    1.050000     30.851442     3.048543
    1.057500     30.943539     3.255508
    1.065000     31.111496     3.513489
    1.072500     31.365240     3.785515
    1.080000     31.596174     4.025844
    1.087500     31.793675     4.120749
    1.095000     32.025368     3.962381
    1.102500     32.284664     3.584448
    1.110000     32.513881     3.234113
    1.117500     32.707553     3.133627
    1.125000     32.910077     3.190844
    1.132500     33.151336     3.196002
    1.140000     33.432561     3.139939
    1.147500     33.693776     3.147161
    1.155000     33.866488     3.120328
    1.162500     34.022365     2.893491
    1.170000     34.238972     2.596533
    1.177500     34.448465     2.401252
    1.185000     34.619335     2.248805
    1.192500     34.795192     2.070509
    1.200000     35.004612     2.048025
    1.207500     35.237373     2.348743
    1.215000     35.371305     2.699016
    1.222500     35.427921     2.692819
    1.230000     35.597087     2.503897
    1.237500     35.843892     2.431461
    1.245000     36.010209     2.509901
    1.252500     36.115364     2.671818
    1.260000     36.252611     2.977114
    1.267500     36.393434     3.607824
    1.275000     36.394338     4.324703
    1.282500     36.213708     4.424945
    1.290000     35.991731     3.839075
    1.297500     35.851579     3.192976
    1.305000     35.842882     2.893358
    1.312500     35.942978     2.802159
    1.320000     35.996153     2.719792
    1.327500     35.889152     2.670665
    1.335000     35.687559     2.760134
    1.342500     35.446223     3.001880
    1.350000     35.202741     3.132245
    1.357500     35.075222     2.956397
    1.365000     35.158020     2.641542
    1.372500     35.325739     2.456618
    1.380000     35.318675     2.476615
    1.387500     35.173543     2.552747
    1.395000     35.064882     2.605668
    1.402500     34.960751     2.604569
    1.410000     34.822933     2.458786
    1.417500     34.719635     2.174112
    1.425000     34.746738     1.962005
    1.432500     34.978265     1.974742
    1.440000     35.342363     2.119567
    1.447500     35.576580     2.140372
    1.455000     35.556651     1.888474
    1.462500     35.418989     1.513944
    1.470000     35.189238     1.190997
    1.477500     34.968069     0.985221
    1.485000     34.960397     1.002263
    1.492500     35.133460     1.349492
    1.500000     35.256718     1.755254
    1.507500     35.260605     1.825109
    1.515000     35.270239     1.647474
    1.522500     35.270190     1.372765
    1.530000     35.121652     1.073585
    1.537500     34.889831     0.924033
    1.545000     34.749144     0.918395
    1.552500     34.776163     0.952904
    1.560000     34.970814     0.980942
    1.567500     35.242052     0.959801
    1.575000     35.392693     1.014093
    1.582500     35.375398     1.120438
    1.590000     35.335342     1.135497
    1.597500     35.285580     1.112211
    1.605000     35.098516     1.134458
    1.612500     34.820510     1.243997
    1.620000     34.594225     1.357729
    1.627500     34.415726     1.419232
    1.635000     34.252178     1.437186
    1.642500     34.189552     1.489589
    1.650000     34.292049     1.500158
    1.657500     34.443904     1.300885
    1.665000     34.508130     1.070945
    1.672500     34.454313     1.041535
    1.680000     34.384895     1.183158
    1.687500     34.434774     1.368913
    1.695000     34.508091     1.533449
    1.702500     34.436518     1.636007
    1.710000     34.333751     1.640168
    1.717500     34.442133     1.616655
    1.725000     34.755439     1.750175
    1.732500     35.007874     2.059261
    1.740000     35.002082     2.227404
    1.747500     34.791196     2.047421
    1.755000     34.570906     1.737493
    1.762500     34.485504     1.596252
    1.770000     34.523451     1.641154
    1.777500     34.561866     1.718384
    1.785000     34.577067     1.724012
    1.792500     34.683357     1.652538
    1.800000     34.931443     1.534521
