#! FIELDS cyl.z file.free uncertainty
#! SET sample_size 89997
#! SET effective_sample_size 148.188
#! SET fundeltaF 21.5486
#! SET blocks_num 3
#! SET blocks_effective_num 1.98509
#! SET min_cyl.z 0.3
#! SET max_cyl.z 1.8
#! SET nbins_cyl.z 201
#! SET periodic_cyl.z false
    0.300000    299.365918     3.909097
    0.307500    274.936383     3.909092
    0.315000    251.908453     3.909077
    0.322500    230.282289     3.909036
    0.330000    210.058008     3.908912
    0.337500    191.235623     3.908507
    0.345000    173.814828     3.907108
    0.352500    157.794237     3.902154
    0.360000    143.168663     3.884482
    0.367500    129.919487     3.823147
    0.375000    117.982305     3.638089
    0.382500    107.158689     3.372924
    0.390000     97.022018     4.183683
    0.397500     87.218099     5.877142
    0.405000     77.922477     6.239320
    0.412500     69.393732     5.152666
    0.420000     61.585681     3.322690
    0.427500     54.358922     1.713878
    0.435000     47.775256     0.734890
    0.442500     42.041815     0.513445
    0.450000     37.278459     0.847382
    0.457500     33.338273     0.765056
    0.465000     29.645625     0.845241
    0.472500     25.735932     2.316322
    0.480000     21.965013     3.075156
    0.487500     18.630044     3.277428
    0.495000     15.727087     3.262655
    0.502500     13.271809     3.158749
    0.510000     11.191789     2.921319
    0.517500      9.294182     2.405130
    0.525000      7.510377     1.629358
    0.532500      5.871249     0.841229
    0.540000      4.408257     0.358106
    0.547500      3.218066     0.611754
    0.555000      2.377453     0.872835
    0.562500      1.783049     0.956773
    0.570000      1.223049     0.954339
    0.577500      0.659442     0.888551
    0.585000      0.238425     0.743191
    0.592500      0.064319     0.585193
    0.600000      0.064910     0.502336
    0.607500      0.075160     0.516425
    0.615000      0.039063     0.508409
    0.622500      0.000000     0.362215
    0.630000      0.069806     0.078102
    0.637500      0.313799     0.357555
    0.645000      0.554441     0.721790
    0.652500      0.613795     0.870406
    0.660000      0.622934     0.908500
    0.667500      0.688183     0.873470
    0.675000      0.824389     0.744260
    0.682500      1.166641     0.625775
    0.690000      1.875480     0.650512
    0.697500      2.956442     0.867029
    0.705000      4.198945     1.127099
    0.712500      5.358319     1.228000
    0.720000      6.346919     1.324586
    0.727500      7.051511     1.786966
    0.735000      7.512314     2.463006
    0.742500      8.128453     2.783513
    0.750000      9.181180     2.611871
    0.757500     10.597551     2.029965
    0.765000     12.189915     1.475966
    0.772500     13.904576     1.331994
    0.780000     15.610053     1.475375
    0.787500     16.967236     1.752505
    0.795000     17.868730     1.795677
    0.802500     18.592774     1.913112
    0.810000     19.370310     2.118508
    0.817500     20.113926     2.306915
    0.825000     20.573505     2.605071
    0.832500     20.791405     2.781163
    0.840000     20.992426     2.734257
    0.847500     21.141501     2.618802
    0.855000     21.076191     2.555124
    0.862500     20.877713     2.526234
    0.870000     20.747913     2.477788
    0.877500     20.727134     2.420285
    0.885000     20.765844     2.371823
    0.892500     20.826811     2.318838
    0.900000     20.859084     2.293599
    0.907500     20.846147     2.336495
    0.915000     20.861579     2.374140
    0.922500     21.020368     2.351081
    0.930000     21.348384     2.326952
    0.937500     21.761217     2.330292
    0.945000     22.215742     2.294072
    0.952500     22.740877     2.211959
    0.960000     23.289698     2.180465
    0.967500     23.712040     2.278674
    0.975000     23.988840     2.443692
    0.982500     24.314554     2.556002
    0.990000     24.834593     2.599811
    0.997500     25.473693     2.641503
    1.005000     26.051388     2.695198
    1.012500     26.508989     2.753240
    1.020000     26.892466     2.916019
    1.027500     27.228187     3.177199
    1.035000     27.483900     3.309926
    1.042500     27.676805     3.201185
    1.050000     27.927303     2.977679
    1.057500     28.268664     2.789975
    1.065000     28.609600     2.719670
    1.072500     28.936811     2.807301
    1.080000     29.296844     2.982704
    1.087500     29.573286     3.048423
    1.095000     29.673013     3.003952
    1.102500     29.725478     3.022121
    1.110000     29.842385     3.179317
    1.117500     30.003379     3.420018
    1.125000     30.139427     3.546607
    1.132500     30.270776     3.498064
    1.140000     30.495547     3.427664
    1.147500     30.819703     3.411047
    1.155000     31.122022     3.390792
    1.162500     31.300823     3.426472
    1.170000     31.399356     3.697915
    1.177500     31.545769     4.151350
    1.185000     31.814067     4.474787
    1.192500     32.134480     4.462058
    1.200000     32.361314     4.186940
    1.207500     32.436145     4.015911
    1.215000     32.488674     4.163116
    1.222500     32.694533     4.384104
    1.230000     33.031660     4.275558
    1.237500     33.255466     3.820004
    1.245000     33.214277     3.452344
    1.252500     33.067411     3.319835
    1.260000     32.969132     3.268301
    1.267500     32.927652     3.208013
    1.275000     32.967085     3.139601
    1.282500     33.113864     3.132886
    1.290000     33.223961     3.351476
    1.297500     33.095192     3.611947
    1.305000     32.835947     3.571524
    1.312500     32.704894     3.449047
    1.320000     32.740175     3.464800
    1.327500     32.852088     3.584452
    1.335000     33.063869     3.617500
    1.342500     33.427297     3.534421
    1.350000     33.776695     3.455088
    1.357500     33.791127     3.481864
    1.365000     33.510171     3.485147
    1.372500     33.267435     3.366458
    1.380000     33.232014     3.291652
    1.387500     33.371063     3.415390
    1.395000     33.522258     3.612462
    1.402500     33.522716     3.669176
    1.410000     33.394865     3.717814
    1.417500     33.312402     3.893463
    1.425000     33.391274     4.090375
    1.432500     33.586213     4.155358
    1.440000     33.829625     4.138283
    1.447500     34.062845     4.230139
    1.455000     34.112759     4.344416
    1.462500     33.883664     4.343600
    1.470000     33.486767     4.447692
    1.477500     33.170554     4.575216
    1.485000     33.111402     4.454844
    1.492500     33.273237     4.099878
    1.500000     33.489996     3.729151
    1.507500     33.591907     3.521067
    1.515000     33.541665     3.508106
    1.522500     33.425358     3.680882
    1.530000     33.334173     3.962186
    1.537500     33.335560     4.206504
    1.545000     33.496605     4.319269
    1.552500     33.812992     4.230090
    1.560000     34.105034     4.017941
    1.567500     34.191399     3.835254
    1.575000     34.112607     3.652981
    1.582500     33.972751     3.571205
    1.590000     33.845258     3.738586
    1.597500     33.795978     4.160734
    1.605000     33.837362     4.697396
    1.612500     33.818739     5.032886
    1.620000     33.558005     4.897703
    1.627500     33.187796     4.482720
    1.635000     32.962246     4.056202
    1.642500     32.962025     3.767707
    1.650000     33.063501     3.907027
    1.657500     33.013885     4.726000
    1.665000     32.776964     5.567409
    1.672500     32.632507     5.720276
    1.680000     32.731140     5.355136
    1.687500     32.958582     4.892413
    1.695000     33.105023     4.619435
    1.702500     33.153086     4.619080
    1.710000     33.206032     4.713874
    1.717500     33.166894     4.730985
    1.725000     32.940436     4.825775
    1.732500     32.706972     5.148151
    1.740000     32.618211     5.574998
    1.747500     32.571034     5.916230
    1.755000     32.509701     6.061055
    1.762500     32.579470     6.103047
    1.770000     32.746686     6.238400
    1.777500     32.805566     6.453411
    1.785000     32.780165     6.441108
    1.792500     32.802681     5.980807
    1.800000     32.907242     5.251611
