#! FIELDS cyl.z file.free uncertainty
#! SET sample_size 14997
#! SET effective_sample_size 91.6934
#! SET fundeltaF 15.4084
#! SET blocks_num 3
#! SET blocks_effective_num 1.47312
#! SET min_cyl.z 0.3
#! SET max_cyl.z 1.8
#! SET nbins_cyl.z 201
#! SET periodic_cyl.z false
    0.300000    346.003605     1.737662
    0.307500    317.895500     1.737562
    0.315000    291.190424     1.737326
    0.322500    265.888326     1.736767
    0.330000    241.989089     1.735442
    0.337500    219.492430     1.732308
    0.345000    198.397686     1.724913
    0.352500    178.703284     1.707552
    0.360000    160.405527     1.667325
    0.367500    143.495783     1.577286
    0.375000    127.954327     1.396275
    0.382500    113.738150     1.184650
    0.390000    100.762945     1.698878
    0.397500     88.897075     3.583349
    0.405000     78.013400     6.183189
    0.412500     68.092828     8.514964
    0.420000     59.243537    10.028315
    0.427500     51.604334    10.821183
    0.435000     45.272494    11.188769
    0.442500     40.296825    11.331455
    0.450000     36.666511    11.192629
    0.457500     33.997943     9.141127
    0.465000     30.163342     2.381169
    0.472500     24.733083     1.317679
    0.480000     20.046051     1.414051
    0.487500     16.664572     1.366401
    0.495000     14.602138     1.240219
    0.502500     13.670330     1.363148
    0.510000     13.279074     3.524699
    0.517500     12.768186     5.960490
    0.525000     12.297121     5.677982
    0.532500     11.781807     2.954993
    0.540000     10.504393     1.202405
    0.547500      8.845935     1.218285
    0.555000      7.746487     1.188383
    0.562500      7.534456     1.052821
    0.570000      7.968451     0.732226
    0.577500      8.139518     1.214279
    0.585000      7.181368     3.026658
    0.592500      5.679819     3.278425
    0.600000      4.387926     2.658936
    0.607500      3.445107     1.989848
    0.615000      2.695854     1.381230
    0.622500      2.074561     0.779075
    0.630000      1.592870     0.365615
    0.637500      1.150994     0.183932
    0.645000      0.707899     0.333636
    0.652500      0.314307     0.558648
    0.660000      0.029922     0.586792
    0.667500      0.000000     0.622758
    0.675000      0.308544     0.680115
    0.682500      0.817822     0.744715
    0.690000      1.446535     0.795268
    0.697500      2.331385     0.585064
    0.705000      3.386956     0.319116
    0.712500      4.333734     1.287209
    0.720000      5.268833     1.974202
    0.727500      6.454603     2.534969
    0.735000      7.907588     2.943752
    0.742500      9.258526     2.453713
    0.750000     10.046800     1.925900
    0.757500     10.480352     2.787894
    0.765000     11.100594     3.565012
    0.772500     12.180007     4.043554
    0.780000     13.600323     3.974024
    0.787500     15.003136     3.255241
    0.795000     16.211326     3.513073
    0.802500     17.304534     4.833732
    0.810000     18.260963     7.039741
    0.817500     19.074250     8.246992
    0.825000     19.282910     7.622385
    0.832500     18.557806     6.773534
    0.840000     17.892899     6.445708
    0.847500     17.962986     6.398417
    0.855000     18.622161     6.734115
    0.862500     19.034490     7.490843
    0.870000     18.743047     8.083799
    0.877500     18.300638     8.323962
    0.885000     18.145358     8.253564
    0.892500     18.327473     7.901305
    0.900000     18.671781     7.335953
    0.907500     19.022597     6.699323
    0.915000     19.256385     6.150757
    0.922500     19.316334     5.824274
    0.930000     19.498959     5.658646
    0.937500     20.057556     5.535338
    0.945000     20.837990     5.730251
    0.952500     21.602054     5.923765
    0.960000     22.344872     5.527946
    0.967500     23.030070     4.706185
    0.975000     23.477884     4.157394
    0.982500     23.663965     4.301952
    0.990000     23.762957     4.794550
    0.997500     23.946664     4.925710
    1.005000     24.293235     4.619096
    1.012500     24.758127     4.299118
    1.020000     25.123695     4.250219
    1.027500     25.243931     4.622353
    1.035000     25.281192     5.002582
    1.042500     25.358666     5.043363
    1.050000     25.501519     4.945053
    1.057500     25.838558     4.917714
    1.065000     26.431237     4.799616
    1.072500     27.046423     4.415833
    1.080000     27.391881     4.104225
    1.087500     27.542141     4.136856
    1.095000     27.675852     4.341241
    1.102500     27.784098     4.329755
    1.110000     27.845187     3.937651
    1.117500     27.900472     3.338317
    1.125000     27.987079     2.796762
    1.132500     28.169155     2.673696
    1.140000     28.423491     3.037774
    1.147500     28.630616     3.445042
    1.155000     28.814755     3.559528
    1.162500     29.020175     3.375594
    1.170000     29.124798     3.121267
    1.177500     29.146631     3.215341
    1.185000     29.370575     3.430472
    1.192500     29.949637     3.444974
    1.200000     30.606309     2.845495
    1.207500     30.633951     1.253686
    1.215000     30.126939     0.140877
    1.222500     29.766017     0.291357
    1.230000     29.505184     1.035839
    1.237500     29.329492     2.050752
    1.245000     29.542856     3.016824
    1.252500     30.026104     3.369844
    1.260000     30.378173     2.632130
    1.267500     30.552736     1.954321
    1.275000     30.723824     2.169621
    1.282500     31.005293     2.885695
    1.290000     31.378808     3.469959
    1.297500     31.704320     3.151238
    1.305000     31.895743     1.854895
    1.312500     32.172611     0.705212
    1.320000     32.734841     0.325335
    1.327500     33.339575     1.147733
    1.335000     33.598257     1.680753
    1.342500     33.293316     1.334325
    1.350000     32.319759     0.920655
    1.357500     31.015553     1.004834
    1.365000     29.909219     1.005024
    1.372500     29.283919     0.796690
    1.380000     29.104583     0.571206
    1.387500     29.154372     0.373023
    1.395000     29.156264     1.171575
    1.402500     28.909375     3.509347
    1.410000     28.532626     4.918059
    1.417500     28.394100     4.448228
    1.425000     28.648459     3.195314
    1.432500     29.084429     2.462708
    1.440000     29.436284     3.214881
    1.447500     29.566511     5.502306
    1.455000     29.408887     7.649520
    1.462500     29.256958     8.166676
    1.470000     29.334206     7.655930
    1.477500     29.483215     7.531017
    1.485000     29.646905     8.045744
    1.492500     29.953668     8.161856
    1.500000     30.295070     7.622316
    1.507500     30.371891     7.109480
    1.515000     30.069822     7.050421
    1.522500     29.620489     7.078027
    1.530000     29.312254     6.590380
    1.537500     29.222373     5.767234
    1.545000     29.353380     5.494189
    1.552500     29.584155     6.304260
    1.560000     29.533176     7.288782
    1.567500     29.022359     7.045936
    1.575000     28.301115     6.409490
    1.582500     27.727517     6.202933
    1.590000     27.609518     6.114469
    1.597500     28.082466     6.101508
    1.605000     28.846407     6.405083
    1.612500     28.991754     6.383352
    1.620000     28.541896     5.813140
    1.627500     28.467921     5.461627
    1.635000     28.964171     4.964958
    1.642500     29.318430     3.625348
    1.650000     29.050253     2.759170
    1.657500     28.800497     3.398618
    1.665000     28.772373     5.276502
    1.672500     28.508141     7.377655
    1.680000     28.027578     8.224700
    1.687500     27.844940     8.086746
    1.695000     27.934212     7.484388
    1.702500     27.872950     6.496759
    1.710000     27.519549     5.106781
    1.717500     27.050852     3.725789
    1.725000     26.820644     2.909246
    1.732500     26.977652     2.794383
    1.740000     27.328831     3.018225
    1.747500     27.631755     2.702847
    1.755000     27.626802     1.619268
    1.762500     27.353917     0.924723
    1.770000     27.290545     0.951524
    1.777500     27.668397     1.675111
    1.785000     28.193637     2.695186
    1.792500     28.215731     2.673361
    1.800000     27.869891     1.885401
