#! FIELDS cyl.z file.free uncertainty
#! SET sample_size 189999
#! SET effective_sample_size 460.898
#! SET fundeltaF 21.1474
#! SET blocks_num 3
#! SET blocks_effective_num 2.51247
#! SET min_cyl.z 0.3
#! SET max_cyl.z 1.8
#! SET nbins_cyl.z 201
#! SET periodic_cyl.z false
    0.300000    258.391776     3.448772
    0.307500    237.563894     3.449230
    0.315000    218.085503     3.448734
    0.322500    199.881993     3.444770
    0.330000    182.807203     3.429012
    0.337500    166.664501     3.382607
    0.345000    151.348457     3.281084
    0.352500    136.949450     3.103767
    0.360000    123.632721     2.828134
    0.367500    111.499597     2.431447
    0.375000    100.573884     1.919733
    0.382500     90.840326     1.373308
    0.390000     82.277782     0.971014
    0.397500     74.862654     0.843085
    0.405000     68.507408     0.812630
    0.412500     62.839121     0.895246
    0.420000     56.934659     1.056852
    0.427500     50.456752     1.295935
    0.435000     44.267043     1.531984
    0.442500     38.724244     1.593924
    0.450000     33.565467     1.613499
    0.457500     28.754847     1.641634
    0.465000     24.716144     1.619945
    0.472500     21.734280     1.470130
    0.480000     19.750828     1.092450
    0.487500     18.345705     0.489263
    0.495000     16.844768     0.028897
    0.502500     14.955896     0.270032
    0.510000     12.990088     0.345823
    0.517500     11.212583     0.396333
    0.525000      9.614997     0.471660
    0.532500      8.200954     0.594873
    0.540000      7.077389     0.656875
    0.547500      6.266079     0.607799
    0.555000      5.607316     0.541024
    0.562500      4.862399     0.523236
    0.570000      4.025216     0.515487
    0.577500      3.344909     0.436342
    0.585000      2.957018     0.216658
    0.592500      2.733805     0.137527
    0.600000      2.439481     0.414905
    0.607500      1.952801     0.356155
    0.615000      1.379950     0.188284
    0.622500      0.943944     0.247524
    0.630000      0.683439     0.255749
    0.637500      0.446477     0.154261
    0.645000      0.195056     0.054563
    0.652500      0.032577     0.037386
    0.660000      0.000000     0.063697
    0.667500      0.069414     0.026172
    0.675000      0.250416     0.116921
    0.682500      0.616148     0.343417
    0.690000      1.198398     0.534677
    0.697500      1.870991     0.483727
    0.705000      2.429929     0.152165
    0.712500      2.891300     0.448765
    0.720000      3.532306     0.783823
    0.727500      4.608647     0.839886
    0.735000      6.089156     0.718981
    0.742500      7.664537     0.634764
    0.750000      8.936852     0.458163
    0.757500      9.618194     0.526626
    0.765000     10.261376     0.781875
    0.772500     11.570812     0.784278
    0.780000     13.467143     0.630508
    0.787500     15.044696     0.721552
    0.795000     16.026795     0.728863
    0.802500     17.174327     0.651874
    0.810000     18.509187     0.723489
    0.817500     19.398195     1.037455
    0.825000     19.769017     1.405125
    0.832500     20.076304     1.726197
    0.840000     20.458340     1.821794
    0.847500     20.746364     1.643192
    0.855000     20.797543     1.395198
    0.862500     20.724741     1.272391
    0.870000     20.692869     1.287557
    0.877500     20.726038     1.336357
    0.885000     20.791100     1.353543
    0.892500     20.895513     1.351222
    0.900000     21.029654     1.340831
    0.907500     21.148158     1.337001
    0.915000     21.252194     1.364585
    0.922500     21.373211     1.415895
    0.930000     21.519842     1.478445
    0.937500     21.714809     1.549665
    0.945000     22.024586     1.625068
    0.952500     22.476572     1.678038
    0.960000     23.000543     1.657207
    0.967500     23.524057     1.555250
    0.975000     24.030251     1.446659
    0.982500     24.516660     1.388371
    0.990000     25.004767     1.372894
    0.997500     25.514717     1.390289
    1.005000     26.034607     1.429399
    1.012500     26.542976     1.480196
    1.020000     27.013968     1.551545
    1.027500     27.427930     1.632414
    1.035000     27.789576     1.697039
    1.042500     28.066481     1.739692
    1.050000     28.247773     1.735668
    1.057500     28.423066     1.672553
    1.065000     28.662531     1.631873
    1.072500     28.949736     1.674302
    1.080000     29.247412     1.714526
    1.087500     29.537436     1.695676
    1.095000     29.795361     1.707607
    1.102500     29.992587     1.779834
    1.110000     30.149236     1.815411
    1.117500     30.325960     1.784816
    1.125000     30.532739     1.769791
    1.132500     30.741175     1.819534
    1.140000     30.942290     1.915403
    1.147500     31.104666     2.034943
    1.155000     31.226074     2.118806
    1.162500     31.386901     2.115896
    1.170000     31.614665     2.061606
    1.177500     31.858368     2.020017
    1.185000     32.077973     2.039965
    1.192500     32.226594     2.135073
    1.200000     32.319986     2.232979
    1.207500     32.456470     2.267203
    1.215000     32.644646     2.240931
    1.222500     32.835620     2.194429
    1.230000     33.020421     2.163780
    1.237500     33.189439     2.136098
    1.245000     33.372131     2.084223
    1.252500     33.558956     2.040626
    1.260000     33.670942     2.020471
    1.267500     33.742223     1.950023
    1.275000     33.825674     1.829696
    1.282500     33.868733     1.743254
    1.290000     33.806726     1.724881
    1.297500     33.652362     1.753619
    1.305000     33.522685     1.796137
    1.312500     33.500651     1.852450
    1.320000     33.513085     1.938576
    1.327500     33.447982     2.011110
    1.335000     33.344461     1.963498
    1.342500     33.321292     1.751949
    1.350000     33.377113     1.478244
    1.357500     33.448375     1.297464
    1.365000     33.517574     1.301723
    1.372500     33.514665     1.499860
    1.380000     33.405550     1.706152
    1.387500     33.317974     1.765235
    1.395000     33.313460     1.726162
    1.402500     33.319202     1.646982
    1.410000     33.292977     1.528487
    1.417500     33.276800     1.374819
    1.425000     33.309330     1.227099
    1.432500     33.351411     1.164299
    1.440000     33.349375     1.264075
    1.447500     33.322290     1.483621
    1.455000     33.344616     1.667408
    1.462500     33.439756     1.680583
    1.470000     33.498041     1.511994
    1.477500     33.459095     1.355981
    1.485000     33.444454     1.356741
    1.492500     33.546615     1.403255
    1.500000     33.694876     1.352225
    1.507500     33.748179     1.255687
    1.515000     33.684769     1.222950
    1.522500     33.610527     1.192579
    1.530000     33.593443     1.085416
    1.537500     33.607882     0.977618
    1.545000     33.615282     0.959191
    1.552500     33.656296     0.994302
    1.560000     33.747114     1.037737
    1.567500     33.769989     1.162770
    1.575000     33.687864     1.360311
    1.582500     33.629565     1.445418
    1.590000     33.620504     1.415569
    1.597500     33.572408     1.405957
    1.605000     33.464175     1.379498
    1.612500     33.362416     1.266314
    1.620000     33.311213     1.145973
    1.627500     33.269023     1.093180
    1.635000     33.205659     1.090890
    1.642500     33.174191     1.132723
    1.650000     33.192318     1.222216
    1.657500     33.209968     1.299369
    1.665000     33.219025     1.276200
    1.672500     33.221618     1.181494
    1.680000     33.237889     1.154975
    1.687500     33.288227     1.242630
    1.695000     33.286291     1.365204
    1.702500     33.196218     1.396947
    1.710000     33.132437     1.335538
    1.717500     33.177459     1.345673
    1.725000     33.285461     1.507954
    1.732500     33.339302     1.709974
    1.740000     33.251331     1.834864
    1.747500     33.073009     1.829560
    1.755000     32.952538     1.711913
    1.762500     32.948613     1.564711
    1.770000     32.967425     1.481255
    1.777500     32.935793     1.468545
    1.785000     32.974895     1.441142
    1.792500     33.196595     1.390901
    1.800000     33.525592     1.401825
