#! FIELDS cyl.z file.free uncertainty
#! SET sample_size 189999
#! SET effective_sample_size 764.151
#! SET fundeltaF 18.3107
#! SET blocks_num 3
#! SET blocks_effective_num 2.16318
#! SET min_cyl.z 0.3
#! SET max_cyl.z 1.8
#! SET nbins_cyl.z 201
#! SET periodic_cyl.z false
    0.300000    270.078474     2.194802
    0.307500    247.830491     2.449579
    0.315000    226.965667     2.725637
    0.322500    207.483509     3.015040
    0.330000    189.383713     3.309776
    0.337500    172.666020     3.601775
    0.345000    157.329731     3.882173
    0.352500    143.371560     4.137035
    0.360000    130.773209     4.320780
    0.367500    119.420674     4.187111
    0.375000    108.683209     2.732141
    0.382500     97.147293     1.408952
    0.390000     85.192313     2.471407
    0.397500     74.087778     3.027723
    0.405000     64.223009     3.341086
    0.412500     55.685574     3.526415
    0.420000     48.508228     3.632151
    0.427500     42.706737     3.684626
    0.435000     38.283150     3.686397
    0.442500     35.209353     3.582291
    0.450000     33.322297     3.095102
    0.457500     31.725446     1.454541
    0.465000     28.284766     0.681067
    0.472500     23.699163     0.798585
    0.480000     19.662607     0.870902
    0.487500     16.549215     0.950037
    0.495000     14.222359     0.990771
    0.502500     12.355255     0.976366
    0.510000     10.747984     0.922413
    0.517500      9.387455     0.847978
    0.525000      8.190933     0.762406
    0.532500      7.025040     0.697993
    0.540000      5.942512     0.642663
    0.547500      5.153970     0.550210
    0.555000      4.709487     0.407706
    0.562500      4.372999     0.287643
    0.570000      3.963102     0.282429
    0.577500      3.606250     0.312048
    0.585000      3.373052     0.302337
    0.592500      3.098709     0.295341
    0.600000      2.703079     0.306657
    0.607500      2.258216     0.201547
    0.615000      1.732247     0.143198
    0.622500      1.175221     0.176961
    0.630000      0.726184     0.100869
    0.637500      0.390123     0.015414
    0.645000      0.135555     0.040547
    0.652500      0.000000     0.048326
    0.660000      0.002578     0.059435
    0.667500      0.118112     0.086240
    0.675000      0.336787     0.136671
    0.682500      0.660124     0.162853
    0.690000      1.120002     0.188000
    0.697500      1.793321     0.207341
    0.705000      2.708199     0.218409
    0.712500      3.773893     0.173911
    0.720000      4.870148     0.100894
    0.727500      5.937246     0.322382
    0.735000      6.907545     0.570677
    0.742500      7.805660     0.618348
    0.750000      8.760264     0.507069
    0.757500      9.779064     0.394618
    0.765000     10.645436     0.491394
    0.772500     11.246179     0.933725
    0.780000     11.999354     1.376590
    0.787500     13.286219     1.468250
    0.795000     14.951009     1.077025
    0.802500     16.418772     0.717016
    0.810000     17.430449     0.810869
    0.817500     18.168426     0.692081
    0.825000     18.631707     0.443130
    0.832500     18.813563     0.234722
    0.840000     18.897688     0.253649
    0.847500     18.980270     0.401072
    0.855000     18.996443     0.462822
    0.862500     18.922663     0.477716
    0.870000     18.784179     0.561009
    0.877500     18.645833     0.643175
    0.885000     18.634502     0.614340
    0.892500     18.775356     0.516388
    0.900000     18.958729     0.427010
    0.907500     19.129963     0.375554
    0.915000     19.310055     0.346813
    0.922500     19.493831     0.332089
    0.930000     19.721770     0.331000
    0.937500     20.054707     0.313001
    0.945000     20.459163     0.273584
    0.952500     20.876954     0.280492
    0.960000     21.301921     0.358475
    0.967500     21.738283     0.400651
    0.975000     22.171768     0.375769
    0.982500     22.598421     0.328859
    0.990000     23.072560     0.260250
    0.997500     23.614849     0.209122
    1.005000     24.100497     0.201016
    1.012500     24.427566     0.189867
    1.020000     24.710487     0.190372
    1.027500     25.074142     0.211995
    1.035000     25.469674     0.197832
    1.042500     25.822943     0.125223
    1.050000     26.107516     0.090802
    1.057500     26.268125     0.075391
    1.065000     26.360684     0.090960
    1.072500     26.513885     0.164727
    1.080000     26.732710     0.190516
    1.087500     26.963611     0.168605
    1.095000     27.203957     0.141132
    1.102500     27.438693     0.141427
    1.110000     27.601329     0.201414
    1.117500     27.667510     0.317245
    1.125000     27.719640     0.423437
    1.132500     27.827013     0.470030
    1.140000     27.956579     0.466389
    1.147500     28.071358     0.418069
    1.155000     28.205451     0.320948
    1.162500     28.386242     0.221362
    1.170000     28.572520     0.221734
    1.177500     28.728253     0.239179
    1.185000     28.869070     0.196745
    1.192500     29.023462     0.178071
    1.200000     29.224476     0.217187
    1.207500     29.474177     0.255722
    1.215000     29.731211     0.248611
    1.222500     29.955037     0.226139
    1.230000     30.123165     0.215028
    1.237500     30.253914     0.189348
    1.245000     30.307466     0.142652
    1.252500     30.226507     0.111614
    1.260000     30.152440     0.077080
    1.267500     30.220072     0.032780
    1.275000     30.384361     0.073879
    1.282500     30.563953     0.130734
    1.290000     30.734446     0.164661
    1.297500     30.872053     0.215040
    1.305000     30.945440     0.313497
    1.312500     30.985338     0.389414
    1.320000     31.035190     0.372737
    1.327500     31.081208     0.371166
    1.335000     31.072426     0.381598
    1.342500     31.009255     0.288866
    1.350000     30.924674     0.193997
    1.357500     30.803109     0.254136
    1.365000     30.667856     0.430680
    1.372500     30.578927     0.549674
    1.380000     30.524833     0.527831
    1.387500     30.448721     0.491809
    1.395000     30.349084     0.539175
    1.402500     30.273866     0.562531
    1.410000     30.223810     0.530920
    1.417500     30.208110     0.518222
    1.425000     30.272648     0.478481
    1.432500     30.372827     0.432666
    1.440000     30.379691     0.413894
    1.447500     30.288172     0.397426
    1.455000     30.259870     0.374142
    1.462500     30.399752     0.345148
    1.470000     30.617551     0.363012
    1.477500     30.726874     0.512521
    1.485000     30.698964     0.677217
    1.492500     30.635298     0.705413
    1.500000     30.558223     0.643044
    1.507500     30.478951     0.584578
    1.515000     30.482375     0.542569
    1.522500     30.596620     0.486195
    1.530000     30.725315     0.425753
    1.537500     30.794465     0.402419
    1.545000     30.804147     0.421417
    1.552500     30.758746     0.445674
    1.560000     30.678344     0.464635
    1.567500     30.579840     0.488472
    1.575000     30.525137     0.521734
    1.582500     30.611912     0.571520
    1.590000     30.814625     0.622173
    1.597500     30.984861     0.650404
    1.605000     30.985727     0.663530
    1.612500     30.840968     0.663998
    1.620000     30.704889     0.624196
    1.627500     30.635991     0.511806
    1.635000     30.620266     0.380297
    1.642500     30.602372     0.320426
    1.650000     30.498730     0.338017
    1.657500     30.383077     0.412631
    1.665000     30.418361     0.521999
    1.672500     30.577394     0.608088
    1.680000     30.685755     0.662753
    1.687500     30.734463     0.775418
    1.695000     30.779275     0.973095
    1.702500     30.768080     1.109262
    1.710000     30.703572     1.089557
    1.717500     30.641206     1.010396
    1.725000     30.600902     0.919867
    1.732500     30.577607     0.858170
    1.740000     30.530110     0.864863
    1.747500     30.416865     0.866887
    1.755000     30.278304     0.812212
    1.762500     30.165898     0.718993
    1.770000     30.108858     0.599470
    1.777500     30.147962     0.480116
    1.785000     30.293663     0.425257
    1.792500     30.488150     0.468697
    1.800000     30.717343     0.559290
