#! FIELDS cyl.z file.free uncertainty
#! SET sample_size 14997
#! SET effective_sample_size 58.0744
#! SET fundeltaF 26.1122
#! SET blocks_num 3
#! SET blocks_effective_num 1.0208
#! SET min_cyl.z 0.3
#! SET max_cyl.z 1.8
#! SET nbins_cyl.z 201
#! SET periodic_cyl.z false
    0.300000    402.497765     1.762102
    0.307500    370.910084     1.762102
    0.315000    340.725468     1.762102
    0.322500    311.943918     1.762102
    0.330000    284.565434     1.762102
    0.337500    258.590015     1.762102
    0.345000    234.017662     1.762102
    0.352500    210.848374     1.762102
    0.360000    189.082151     1.762102
    0.367500    168.718994     1.762102
    0.375000    149.758903     1.762102
    0.382500    132.201877     1.762102
    0.390000    116.047916     1.762102
    0.397500    101.297020     1.762102
    0.405000     87.949188     1.762102
    0.412500     76.004416     1.762102
    0.420000     65.462682     1.762102
    0.427500     56.323904     1.762102
    0.435000     48.587727     1.762102
    0.442500     42.252646     1.762100
    0.450000     37.312301     1.762094
    0.457500     33.740119     1.762065
    0.465000     31.430913     1.761947
    0.472500     30.044031     1.761565
    0.480000     28.961526     1.760906
    0.487500     27.704403     1.760667
    0.495000     24.981127     1.761492
    0.502500     20.596617     1.761958
    0.510000     16.247735     1.762035
    0.517500     12.416800     1.762045
    0.525000      9.256679     1.762004
    0.532500      6.723809     1.761802
    0.540000      4.672302     1.760853
    0.547500      3.112163     1.755795
    0.555000      2.102977     1.729352
    0.562500      1.480136     1.627056
    0.570000      0.933423     1.404241
    0.577500      0.401801     1.160981
    0.585000      0.064673     1.006701
    0.592500      0.000801     0.927925
    0.600000      0.052516     0.903452
    0.607500      0.035835     0.914416
    0.615000      0.000000     0.890122
    0.622500      0.065069     0.765079
    0.630000      0.367003     0.907787
    0.637500      0.988390     2.021662
    0.645000      1.618820     3.096476
    0.652500      1.840998     2.609372
    0.660000      1.905857     1.502071
    0.667500      2.001467     1.811798
    0.675000      2.062752     2.901438
    0.682500      2.320396     3.596836
    0.690000      3.123409     4.772685
    0.697500      4.579216     7.987225
    0.705000      6.324102    12.434561
    0.712500      7.638617    11.340455
    0.720000      8.652500     6.375362
    0.727500     10.115880     4.648359
    0.735000     12.221130     6.989550
    0.742500     14.345415    10.630245
    0.750000     15.612106    11.382389
    0.757500     16.162785    10.763114
    0.765000     16.668433    11.341931
    0.772500     17.722605    13.992871
    0.780000     19.394741    25.269282
    0.787500     20.798877    46.054049
    0.795000     21.512726    45.173340
    0.802500     22.621861    33.792526
    0.810000     24.347475    28.208290
    0.817500     25.616652    40.963198
    0.825000     26.098588    62.272239
    0.832500     26.538480    91.998377
    0.840000     26.791522   126.429254
    0.847500     26.707220   142.858415
    0.855000     26.475301   149.130525
    0.862500     26.083161   154.659862
    0.870000     25.556464   159.819126
    0.877500     25.156879   169.368707
    0.885000     25.029293   186.474094
    0.892500     25.049665   205.601297
    0.900000     25.179052   212.563270
    0.907500     25.572041   203.838766
    0.915000     26.119199   190.824409
    0.922500     26.444693   190.035803
    0.930000     26.498211   200.637935
    0.937500     26.439774   213.091674
    0.945000     26.351686   225.486490
    0.952500     26.415075   233.527027
    0.960000     26.818711   232.757888
    0.967500     27.579439   223.139761
    0.975000     28.536690   208.305244
    0.982500     29.402679   199.754700
    0.990000     30.015163   207.454820
    0.997500     30.547176   216.985677
    1.005000     31.109131   208.401589
    1.012500     31.646650   186.889968
    1.020000     32.329727   173.201873
    1.027500     33.291581   173.928764
    1.035000     34.116354   186.349908
    1.042500     34.194245   201.245093
    1.050000     33.593429   224.796643
    1.057500     32.803017   256.415044
    1.065000     32.298786   280.542303
    1.072500     32.398414   291.088418
    1.080000     33.161104   289.678760
    1.087500     34.148009   280.294987
    1.095000     34.567396   275.042345
    1.102500     34.558367   277.025708
    1.110000     34.789411   276.532096
    1.117500     35.452626   268.229944
    1.125000     36.179356   260.199420
    1.132500     36.388276   267.627040
    1.140000     36.364471   274.605560
    1.147500     36.713445   266.058179
    1.155000     37.336382   242.194623
    1.162500     37.734970   214.299813
    1.170000     37.919479   192.993009
    1.177500     38.222308   180.810752
    1.185000     38.680031   172.972719
    1.192500     38.969971   161.108775
    1.200000     38.881473   153.678787
    1.207500     38.625903   152.451824
    1.215000     38.462405   154.026106
    1.222500     38.575621   156.170316
    1.230000     38.818718   157.089128
    1.237500     38.711990   157.485041
    1.245000     38.286149   160.268714
    1.252500     37.932133   163.143206
    1.260000     37.741194   165.612315
    1.267500     37.714826   166.827798
    1.275000     37.793991   166.529335
    1.282500     37.803678   167.252988
    1.290000     37.907874   164.187415
    1.297500     38.401621   150.443283
    1.305000     39.121304   134.196293
    1.312500     39.577497   134.422392
    1.320000     39.600338   148.867125
    1.327500     39.527946   159.607707
    1.335000     39.655284   164.500940
    1.342500     39.776729   167.774239
    1.350000     39.751356   168.762091
    1.357500     39.956221   161.364403
    1.365000     40.430958   164.027880
    1.372500     40.659860   206.561959
    1.380000     40.522954   234.689388
    1.387500     40.425455   236.080782
    1.395000     40.304444   225.658065
    1.402500     40.012997   217.293332
    1.410000     39.986070   219.488216
    1.417500     40.468676   228.117817
    1.425000     41.017855   224.848713
    1.432500     40.935475   201.057553
    1.440000     40.475013   184.814057
    1.447500     40.164832   182.733019
    1.455000     39.891169   193.683248
    1.462500     39.397000   213.661740
    1.470000     38.830594   228.201746
    1.477500     38.350539   228.920810
    1.485000     37.926673   217.758332
    1.492500     37.617236   201.582710
    1.500000     37.548699   189.382609
    1.507500     37.522922   190.272373
    1.515000     37.234981   205.713886
    1.522500     37.018033   218.036439
    1.530000     37.230193   212.747080
    1.537500     37.665475   194.010023
    1.545000     37.973640   178.890399
    1.552500     38.151320   169.693233
    1.560000     38.263079   160.699255
    1.567500     38.228844   154.590290
    1.575000     37.966060   153.809137
    1.582500     37.520375   157.027504
    1.590000     37.175847   160.384431
    1.597500     37.258844   160.927477
    1.605000     37.748196   160.287559
    1.612500     38.211944   161.103825
    1.620000     38.333299   158.353325
    1.627500     38.321350   149.285907
    1.635000     38.261364   135.415601
    1.642500     38.020268   127.140509
    1.650000     37.736396   133.641499
    1.657500     37.632918   144.883740
    1.665000     37.762015   153.290252
    1.672500     38.118381   159.085480
    1.680000     38.631818   157.116483
    1.687500     39.045726   153.609269
    1.695000     39.083521   154.468974
    1.702500     38.887260   156.432844
    1.710000     38.768555   158.061963
    1.717500     38.785640   163.283809
    1.725000     38.803407   178.689156
    1.732500     38.662654   184.770803
    1.740000     38.467883   170.118969
    1.747500     38.435856   165.131058
    1.755000     38.537472   176.437996
    1.762500     38.664825   184.777173
    1.770000     38.806430   183.606470
    1.777500     38.842430   175.138329
    1.785000     38.726227   167.170975
    1.792500     38.586767   163.838069
    1.800000     38.521444   164.216943
