#! FIELDS cyl.z file.free uncertainty
#! SET sample_size 89997
#! SET effective_sample_size 281.686
#! SET fundeltaF 20.0469
#! SET blocks_num 3
#! SET blocks_effective_num 1.97073
#! SET min_cyl.z 0.3
#! SET max_cyl.z 1.8
#! SET nbins_cyl.z 201
#! SET periodic_cyl.z false
    0.300000    719.107451     4.571968
    0.307500    677.717020     4.571968
    0.315000    637.729653     4.571968
    0.322500    599.145353     4.571968
    0.330000    561.964117     4.571968
    0.337500    526.185947     4.571968
    0.345000    491.810843     4.571968
    0.352500    458.838803     4.571968
    0.360000    427.269828     4.571968
    0.367500    397.103917     4.571968
    0.375000    368.341067     4.571968
    0.382500    340.981271     4.571968
    0.390000    315.024514     4.571968
    0.397500    290.470742     4.571968
    0.405000    267.319790     4.571968
    0.412500    245.571108     4.571968
    0.420000    225.222836     4.571967
    0.427500    206.268580     4.571962
    0.435000    188.686491     4.571935
    0.442500    172.404789     4.571788
    0.450000    157.218934     4.571092
    0.457500    142.742717     4.568740
    0.465000    128.742020     4.563758
    0.472500    115.486533     4.555885
    0.480000    103.351075     4.543701
    0.487500     92.522634     4.523675
    0.495000     83.062998     4.488612
    0.502500     74.982822     4.417836
    0.510000     68.231997     4.187626
    0.517500     62.260419     3.192109
    0.525000     54.674286     5.843486
    0.532500     45.814355     7.321425
    0.540000     37.893150     7.496814
    0.547500     31.322768     7.508815
    0.555000     26.139194     7.471137
    0.562500     22.337116     7.367433
    0.570000     19.886537     7.115842
    0.577500     18.672242     6.471974
    0.585000     18.138339     4.891028
    0.592500     16.587436     3.378460
    0.600000     13.782696     3.344487
    0.607500     11.311877     3.268375
    0.615000      9.662627     2.802601
    0.622500      8.645635     2.001049
    0.630000      7.726793     1.236842
    0.637500      6.580702     0.974013
    0.645000      5.368090     0.854492
    0.652500      4.264931     0.686895
    0.660000      3.318486     0.562290
    0.667500      2.433504     0.410601
    0.675000      1.532786     0.290662
    0.682500      0.756154     0.393076
    0.690000      0.250584     0.517343
    0.697500      0.014986     0.580585
    0.705000      0.000000     0.571290
    0.712500      0.164050     0.506177
    0.720000      0.429872     0.435939
    0.727500      0.713920     0.380379
    0.735000      1.020436     0.290706
    0.742500      1.377653     0.147097
    0.750000      1.697002     0.284199
    0.757500      1.910597     0.335995
    0.765000      2.094241     0.310680
    0.772500      2.328140     0.382770
    0.780000      2.592969     0.492840
    0.787500      2.778010     0.418799
    0.795000      2.828338     0.281392
    0.802500      2.871701     0.387468
    0.810000      3.057816     0.525062
    0.817500      3.403902     0.628519
    0.825000      3.740012     0.733891
    0.832500      3.918085     0.821391
    0.840000      4.119545     0.957876
    0.847500      4.487846     1.146640
    0.855000      4.936459     1.259337
    0.862500      5.434476     1.328081
    0.870000      5.967480     1.451056
    0.877500      6.402923     1.586681
    0.885000      6.755470     1.733358
    0.892500      7.046998     2.056373
    0.900000      7.134786     2.547164
    0.907500      7.265194     3.017649
    0.915000      7.812842     3.529463
    0.922500      8.693166     4.128194
    0.930000      9.565391     4.567842
    0.937500     10.408735     4.650864
    0.945000     11.287428     4.336925
    0.952500     11.943648     3.536204
    0.960000     12.277944     2.792549
    0.967500     12.619642     2.751698
    0.975000     13.268241     3.186241
    0.982500     14.248461     3.423917
    0.990000     15.243852     3.111522
    0.997500     15.966488     2.877286
    1.005000     16.597672     2.729758
    1.012500     16.789692     1.977592
    1.020000     16.134610     1.366070
    1.027500     15.691126     1.265661
    1.035000     16.232394     1.214924
    1.042500     17.812586     1.049115
    1.050000     19.672069     1.301025
    1.057500     20.457425     1.752433
    1.065000     20.891811     1.452036
    1.072500     21.920826     1.213765
    1.080000     23.350212     1.287910
    1.087500     24.612522     1.509963
    1.095000     25.482313     1.809757
    1.102500     25.987589     2.056104
    1.110000     26.173668     2.085494
    1.117500     26.225234     2.057575
    1.125000     26.443205     2.017885
    1.132500     26.920072     2.037502
    1.140000     27.382750     2.188218
    1.147500     27.542484     2.196147
    1.155000     27.533816     1.985994
    1.162500     27.673737     1.831310
    1.170000     28.029711     1.877299
    1.177500     28.349324     1.994587
    1.185000     28.439300     2.041038
    1.192500     28.460652     2.030949
    1.200000     28.588077     1.985132
    1.207500     28.873612     1.988773
    1.215000     29.278410     2.102645
    1.222500     29.613224     2.214868
    1.230000     29.793838     2.302818
    1.237500     29.963685     2.429934
    1.245000     30.160475     2.550274
    1.252500     30.336678     2.585520
    1.260000     30.558737     2.586338
    1.267500     30.871669     2.658173
    1.275000     31.160352     2.781143
    1.282500     31.305296     2.802499
    1.290000     31.359264     2.654385
    1.297500     31.409960     2.520414
    1.305000     31.474435     2.462645
    1.312500     31.570971     2.413608
    1.320000     31.703792     2.401701
    1.327500     31.818472     2.398105
    1.335000     31.881370     2.397120
    1.342500     31.949084     2.478215
    1.350000     32.089684     2.634856
    1.357500     32.234614     2.758255
    1.365000     32.262392     2.677519
    1.372500     32.246371     2.376149
    1.380000     32.347404     2.164555
    1.387500     32.530024     2.281903
    1.395000     32.552743     2.651441
    1.402500     32.395575     2.936379
    1.410000     32.291174     2.955624
    1.417500     32.359367     2.822405
    1.425000     32.604591     2.731774
    1.432500     32.947970     2.748559
    1.440000     33.244049     2.829974
    1.447500     33.419996     2.862478
    1.455000     33.488740     2.872936
    1.462500     33.487354     2.902072
    1.470000     33.475998     2.894640
    1.477500     33.452748     2.841062
    1.485000     33.325465     2.761742
    1.492500     33.079702     2.779566
    1.500000     32.897232     2.922385
    1.507500     32.948945     3.166327
    1.515000     33.120631     3.484027
    1.522500     33.122122     3.672141
    1.530000     32.958841     3.539639
    1.537500     32.788494     3.183328
    1.545000     32.592583     2.876449
    1.552500     32.383416     2.706364
    1.560000     32.249830     2.545005
    1.567500     32.217792     2.367205
    1.575000     32.322583     2.243845
    1.582500     32.601492     2.311280
    1.590000     32.865627     2.598501
    1.597500     32.851371     2.768968
    1.605000     32.663810     2.617554
    1.612500     32.513275     2.377585
    1.620000     32.429835     2.285119
    1.627500     32.394383     2.247868
    1.635000     32.407634     2.125933
    1.642500     32.419138     2.112379
    1.650000     32.387789     2.285561
    1.657500     32.419231     2.458431
    1.665000     32.576053     2.579317
    1.672500     32.671091     2.714414
    1.680000     32.613849     2.777660
    1.687500     32.538176     2.749211
    1.695000     32.433462     2.645287
    1.702500     32.282307     2.469165
    1.710000     32.206290     2.291722
    1.717500     32.250410     2.252885
    1.725000     32.324469     2.424309
    1.732500     32.298152     2.677218
    1.740000     32.227370     2.825699
    1.747500     32.287717     2.789018
    1.755000     32.421585     2.613655
    1.762500     32.433100     2.494079
    1.770000     32.352092     2.473347
    1.777500     32.336976     2.436479
    1.785000     32.442540     2.384876
    1.792500     32.609647     2.403986
    1.800000     32.745953     2.494630
