#! FIELDS cyl.z file.free uncertainty
#! SET sample_size 15000
#! SET effective_sample_size 47.9996
#! SET fundeltaF 52.1336
#! SET blocks_num 3
#! SET blocks_effective_num 1.00006
#! SET min_cyl.z 0.3
#! SET max_cyl.z 1.8
#! SET nbins_cyl.z 201
#! SET periodic_cyl.z false
    0.300000   1014.889779     1.763764
    0.307500    964.987337     1.763764
    0.315000    916.487948     1.763764
    0.322500    869.391607     1.763764
    0.330000    823.698313     1.763764
    0.337500    779.408062     1.763764
    0.345000    736.520850     1.763764
    0.352500    695.036672     1.763764
    0.360000    654.955521     1.763764
    0.367500    616.277391     1.763764
    0.375000    579.002272     1.763764
    0.382500    543.130153     1.763764
    0.390000    508.661021     1.763764
    0.397500    475.594857     1.763764
    0.405000    443.931638     1.763764
    0.412500    413.671336     1.763764
    0.420000    384.813912     1.763764
    0.427500    357.359312     1.763764
    0.435000    331.307448     1.763764
    0.442500    306.658063     1.763764
    0.450000    283.409738     1.763764
    0.457500    261.551887     1.763764
    0.465000    241.000639     1.763764
    0.472500    221.189917     1.763764
    0.480000    200.567011     1.763764
    0.487500    179.399876     1.763764
    0.495000    159.124625     1.763764
    0.502500    140.142725     1.763764
    0.510000    122.514660     1.763764
    0.517500    106.254058     1.763764
    0.525000     91.367337     1.763764
    0.532500     77.856809     1.763764
    0.540000     65.718169     1.763764
    0.547500     54.933848     1.763764
    0.555000     45.458902     1.763764
    0.562500     37.197175     1.763764
    0.570000     29.984252     1.763764
    0.577500     23.635667     1.763764
    0.585000     18.071744     1.763764
    0.592500     13.347318     1.763764
    0.600000      9.531186     1.763764
    0.607500      6.620847     1.763764
    0.615000      4.533160     1.763764
    0.622500      3.095622     1.763764
    0.630000      2.067443     1.763764
    0.637500      1.285489     1.763764
    0.645000      0.718170     1.763764
    0.652500      0.316503     1.763764
    0.660000      0.064617     1.763764
    0.667500      0.000000     1.763764
    0.675000      0.069864     1.763764
    0.682500      0.332961     1.763764
    0.690000      0.979290     1.763764
    0.697500      1.786372     1.763764
    0.705000      2.257536     1.763764
    0.712500      2.736879     1.763764
    0.720000      3.846217     1.763759
    0.727500      5.605772     1.763470
    0.735000      7.196154     1.755013
    0.742500      8.078962     1.651771
    0.750000      9.170750     0.869705
    0.757500     10.920779     3.724376
    0.765000     12.731217    21.615491
    0.772500     13.718009    68.618565
    0.780000     13.948468   176.652955
    0.787500     13.811336   322.004206
    0.795000     13.994225   505.811053
    0.802500     15.051246   990.446762
    0.810000     17.023424  2547.425950
    0.817500     19.229165  5725.860607
    0.825000     20.490450  6555.036043
    0.832500     20.835547  4370.821360
    0.840000     20.892521  2765.085105
    0.847500     20.905051  1766.580190
    0.855000     21.041079  1131.045061
    0.862500     21.532814   959.648153
    0.870000     22.487998  1082.076521
    0.877500     23.810550  1266.955264
    0.885000     25.268896  1258.571174
    0.892500     26.650955  1004.564835
    0.900000     28.022322  1152.489959
    0.907500     29.713597  2455.745674
    0.915000     31.669547  5601.795637
    0.922500     33.094218  8952.703758
    0.930000     33.899737  9901.604219
    0.937500     35.083690  12293.222605
    0.945000     36.922282  20036.991286
    0.952500     38.271021  25960.808003
    0.960000     38.681141  23338.531912
    0.967500     39.650446  31430.236248
    0.975000     41.772498  81060.127870
    0.982500     44.789522  312236.493528
    0.990000     47.186948  906113.775949
    0.997500     47.872591  1261230.808722
    1.005000     48.219942  1465080.404680
    1.012500     48.799023  1700412.251877
    1.020000     49.477967  1727243.166701
    1.027500     49.953639  1450970.048704
    1.035000     50.010601  1140013.644482
    1.042500     49.806570  882674.146062
    1.050000     49.749655  656487.498917
    1.057500     49.953961  476030.574903
    1.065000     50.307944  362846.444772
    1.072500     50.924745  334420.730026
    1.080000     51.814272  384708.069601
    1.087500     52.606857  468867.628803
    1.095000     53.269620  528584.798685
    1.102500     53.976203  549124.256358
    1.110000     54.347189  489713.333979
    1.117500     54.262003  422379.269176
    1.125000     54.340409  436402.947609
    1.132500     54.974248  522357.602197
    1.140000     56.070089  676826.048374
    1.147500     57.064188  846248.586030
    1.155000     57.260509  825021.063977
    1.162500     56.941844  672356.063847
    1.170000     56.954085  582161.571661
    1.177500     57.542904  556663.680216
    1.185000     58.257549  582625.042263
    1.192500     58.386942  650337.926584
    1.200000     58.054393  652064.551576
    1.207500     58.059915  614860.839908
    1.215000     58.720343  625989.941542
    1.222500     59.685002  751002.280874
    1.230000     60.401646  1031958.335325
    1.237500     60.782547  1481025.952700
    1.245000     60.976002  1916129.484167
    1.252500     61.088950  1992951.895692
    1.260000     61.038069  1681566.608269
    1.267500     60.797222  1361465.427317
    1.275000     60.756896  1324740.231962
    1.282500     61.216487  1605350.835685
    1.290000     62.056698  2054910.112829
    1.297500     62.844090  2174054.710867
    1.305000     63.174548  1846835.934034
    1.312500     63.023057  1697074.557143
    1.320000     62.690611  1687312.722769
    1.327500     62.418430  1466341.914160
    1.335000     62.278984  1145044.905222
    1.342500     62.445984  1061339.440373
    1.350000     63.084354  1382560.003483
    1.357500     64.038203  2076693.806805
    1.365000     64.854091  2767412.745717
    1.372500     65.082663  3190812.793327
    1.380000     64.717319  3507594.033626
    1.387500     64.265349  3721731.811600
    1.395000     64.084292  3907371.751286
    1.402500     64.095096  4043534.157347
    1.410000     64.038699  4004200.539265
    1.417500     63.934247  3915316.256714
    1.425000     64.103104  3939171.183141
    1.432500     64.577663  4128938.213468
    1.440000     64.832196  4423236.530550
    1.447500     64.434846  4583866.196755
    1.455000     63.684829  4660376.396490
    1.462500     63.144546  4747257.097983
    1.470000     63.175543  4811421.316433
    1.477500     63.700936  4795407.376450
    1.485000     64.025324  4713574.054880
    1.492500     63.679531  4725340.597285
    1.500000     63.345798  4745512.993834
    1.507500     63.418170  4666745.144864
    1.515000     63.679194  4564321.975111
    1.522500     63.949493  4529508.064045
    1.530000     64.324644  4423957.412921
    1.537500     64.684209  4171967.189585
    1.545000     64.723827  3977413.647808
    1.552500     64.733381  3896566.408339
    1.560000     65.209934  3818393.729890
    1.567500     66.006226  3786825.635796
    1.575000     66.228939  4007396.324811
    1.582500     65.600439  4173483.519493
    1.590000     64.830354  4003283.834480
    1.597500     64.495374  3713766.303810
    1.605000     64.869465  3501963.786501
    1.612500     65.769163  3535035.427323
    1.620000     66.378102  4036984.002922
    1.627500     66.388934  4533075.285459
    1.635000     66.460063  4511696.644115
    1.642500     66.600334  4012211.380435
    1.650000     66.269549  3705379.315696
    1.657500     65.553800  4044825.246256
    1.665000     65.010116  4455144.328368
    1.672500     64.855520  4547670.573200
    1.680000     64.992092  4333200.569968
    1.687500     65.388910  3972142.403088
    1.695000     66.062472  3561045.614106
    1.702500     66.631696  3324705.293091
    1.710000     66.581207  3325735.921125
    1.717500     65.986158  3069840.341551
    1.725000     65.088690  2646390.448518
    1.732500     64.173364  2423949.943523
    1.740000     63.468355  2283139.647736
    1.747500     63.053928  2042643.089748
    1.755000     62.987266  1958496.084639
    1.762500     63.327113  2328027.843018
    1.770000     64.071086  2977088.672690
    1.777500     65.040498  3379059.987482
    1.785000     65.904325  3148009.144149
    1.792500     66.733142  2644960.390116
    1.800000     67.815350  2364116.850033
