#! FIELDS cyl.z file.free uncertainty
#! SET sample_size 189999
#! SET effective_sample_size 223.419
#! SET fundeltaF 43.2875
#! SET blocks_num 3
#! SET blocks_effective_num 2.82179
#! SET min_cyl.z 0.3
#! SET max_cyl.z 1.8
#! SET nbins_cyl.z 201
#! SET periodic_cyl.z false
    0.300000    669.883446     2.513655
    0.307500    630.407816     2.508769
    0.315000    592.288091     2.504947
    0.322500    555.525398     2.502267
    0.330000    520.122438     2.500690
    0.337500    486.083115     2.500080
    0.345000    453.412070     2.500226
    0.352500    422.114210     2.500880
    0.360000    392.194322     2.501772
    0.367500    363.656801     2.502633
    0.375000    336.505489     2.503183
    0.382500    310.743611     2.503128
    0.390000    286.373775     2.502129
    0.397500    263.397999     2.499768
    0.405000    241.817752     2.495504
    0.412500    221.633986     2.488608
    0.420000    202.847149     2.478082
    0.427500    185.457154     2.462560
    0.435000    169.463289     2.440178
    0.442500    154.863936     2.408447
    0.450000    141.655610     2.364201
    0.457500    129.829080     2.304068
    0.465000    119.352088     2.227872
    0.472500    110.092862     2.156879
    0.480000    101.574512     2.187143
    0.487500     92.961227     2.385822
    0.495000     84.323042     2.538515
    0.502500     76.432521     2.588237
    0.510000     69.584963     2.600123
    0.517500     63.472796     2.602670
    0.525000     57.101735     2.603032
    0.532500     50.339398     2.602296
    0.540000     44.180432     2.597654
    0.547500     39.038722     2.570578
    0.555000     34.863626     2.413090
    0.562500     31.183172     1.700906
    0.570000     26.819171     1.197130
    0.577500     21.670111     1.680112
    0.585000     16.835159     1.599959
    0.592500     12.696171     1.323857
    0.600000      9.274242     1.042015
    0.607500      6.559648     0.804985
    0.615000      4.525578     0.632096
    0.622500      3.080156     0.540927
    0.630000      2.045743     0.497840
    0.637500      1.240486     0.409681
    0.645000      0.610814     0.233918
    0.652500      0.189594     0.118310
    0.660000      0.000000     0.209079
    0.667500      0.035571     0.270490
    0.675000      0.237685     0.275505
    0.682500      0.579955     0.237950
    0.690000      1.117815     0.147648
    0.697500      1.828936     0.054038
    0.705000      2.636014     0.163930
    0.712500      3.632626     0.493942
    0.720000      5.007089     0.680565
    0.727500      6.687647     0.627076
    0.735000      8.129088     0.539320
    0.742500      9.132973     0.611137
    0.750000     10.300982     0.671687
    0.757500     11.879401     0.593772
    0.765000     13.313650     0.381051
    0.772500     13.901411     0.309200
    0.780000     14.076533     0.520514
    0.787500     14.353592     0.788902
    0.795000     14.793877     0.988709
    0.802500     15.292412     0.762669
    0.810000     15.610515     0.418991
    0.817500     15.831280     0.450914
    0.825000     16.163571     0.331471
    0.832500     16.407123     0.213084
    0.840000     16.356169     0.338136
    0.847500     16.266821     0.623688
    0.855000     16.505654     0.689796
    0.862500     17.145708     0.515517
    0.870000     17.973230     0.300215
    0.877500     18.834588     0.212397
    0.885000     19.804828     0.210193
    0.892500     20.919374     0.218256
    0.900000     22.058552     0.140468
    0.907500     23.141836     0.265364
    0.915000     24.181068     0.473935
    0.922500     25.112131     0.620289
    0.930000     25.977994     0.667700
    0.937500     26.998271     0.705021
    0.945000     28.267031     0.837210
    0.952500     29.646314     1.047407
    0.960000     31.015255     1.090775
    0.967500     32.382228     0.913844
    0.975000     33.666733     0.714500
    0.982500     34.792125     0.701634
    0.990000     36.016720     0.786493
    0.997500     37.614677     0.741065
    1.005000     39.357427     0.765388
    1.012500     40.608509     0.904032
    1.020000     41.154619     0.980624
    1.027500     41.292855     0.977246
    1.035000     41.348848     0.926282
    1.042500     41.581258     0.862901
    1.050000     42.036539     0.824628
    1.057500     42.529466     0.848456
    1.065000     42.890591     0.882732
    1.072500     43.162522     0.849488
    1.080000     43.502067     0.751127
    1.087500     43.991426     0.653940
    1.095000     44.579336     0.588598
    1.102500     45.143781     0.546753
    1.110000     45.588410     0.516262
    1.117500     45.932653     0.477221
    1.125000     46.294675     0.455435
    1.132500     46.745756     0.472869
    1.140000     47.216940     0.504158
    1.147500     47.598889     0.546027
    1.155000     47.918799     0.588794
    1.162500     48.314248     0.607209
    1.170000     48.845581     0.624491
    1.177500     49.464164     0.646260
    1.185000     50.062120     0.630298
    1.192500     50.533591     0.580748
    1.200000     50.918273     0.549611
    1.207500     51.272111     0.540118
    1.215000     51.541458     0.544312
    1.222500     51.722156     0.592516
    1.230000     51.899345     0.679638
    1.237500     52.123212     0.736780
    1.245000     52.354831     0.739644
    1.252500     52.516381     0.717395
    1.260000     52.583934     0.703149
    1.267500     52.645628     0.711074
    1.275000     52.807062     0.730434
    1.282500     53.058044     0.765295
    1.290000     53.335830     0.835771
    1.297500     53.615642     0.899076
    1.305000     53.844253     0.913463
    1.312500     54.002573     0.890452
    1.320000     54.171821     0.845915
    1.327500     54.356727     0.791311
    1.335000     54.495598     0.741508
    1.342500     54.622142     0.742308
    1.350000     54.805691     0.806153
    1.357500     55.040740     0.880432
    1.365000     55.267241     0.911815
    1.372500     55.455520     0.909041
    1.380000     55.619156     0.901456
    1.387500     55.758621     0.890555
    1.395000     55.896433     0.863238
    1.402500     56.105424     0.805858
    1.410000     56.384805     0.721431
    1.417500     56.595858     0.678480
    1.425000     56.629337     0.743397
    1.432500     56.559031     0.842888
    1.440000     56.532714     0.858609
    1.447500     56.587263     0.730005
    1.455000     56.605919     0.516107
    1.462500     56.565915     0.409249
    1.470000     56.617049     0.440449
    1.477500     56.747162     0.505024
    1.485000     56.762535     0.534262
    1.492500     56.608121     0.560926
    1.500000     56.402559     0.631696
    1.507500     56.250263     0.704493
    1.515000     56.245759     0.700317
    1.522500     56.422002     0.579797
    1.530000     56.602659     0.419962
    1.537500     56.611593     0.339989
    1.545000     56.527988     0.312870
    1.552500     56.488480     0.316601
    1.560000     56.532946     0.343731
    1.567500     56.604663     0.438374
    1.575000     56.638824     0.617275
    1.582500     56.647886     0.753891
    1.590000     56.658986     0.755425
    1.597500     56.665332     0.678642
    1.605000     56.676886     0.643623
    1.612500     56.735112     0.684874
    1.620000     56.810969     0.735353
    1.627500     56.788557     0.711897
    1.635000     56.642802     0.591248
    1.642500     56.496629     0.464802
    1.650000     56.467782     0.419379
    1.657500     56.540785     0.455674
    1.665000     56.589666     0.525949
    1.672500     56.518730     0.582923
    1.680000     56.384545     0.653422
    1.687500     56.348653     0.731015
    1.695000     56.417547     0.749603
    1.702500     56.409964     0.668637
    1.710000     56.307791     0.519730
    1.717500     56.291977     0.449377
    1.725000     56.364824     0.492709
    1.732500     56.337251     0.563434
    1.740000     56.192443     0.663866
    1.747500     56.109189     0.725826
    1.755000     56.148018     0.731665
    1.762500     56.207819     0.728664
    1.770000     56.215206     0.727543
    1.777500     56.199261     0.714028
    1.785000     56.196880     0.722037
    1.792500     56.217347     0.723307
    1.800000     56.308558     0.697389
