#! FIELDS cyl.z file.free uncertainty
#! SET sample_size 189999
#! SET effective_sample_size 301.498
#! SET fundeltaF 42.2549
#! SET blocks_num 3
#! SET blocks_effective_num 2.86123
#! SET min_cyl.z 0.3
#! SET max_cyl.z 1.8
#! SET nbins_cyl.z 201
#! SET periodic_cyl.z false
    0.300000    601.994150     2.130333
    0.307500    565.971184     2.129998
    0.315000    531.351009     2.129514
    0.322500    498.133556     2.128814
    0.330000    466.318729     2.127791
    0.337500    435.906394     2.126289
    0.345000    406.896355     2.124073
    0.352500    379.288327     2.120787
    0.360000    353.081877     2.115892
    0.367500    328.276338     2.108569
    0.375000    304.870629     2.097579
    0.382500    282.862916     2.081038
    0.390000    262.249858     2.056104
    0.397500    243.024890     2.018559
    0.405000    225.174157     1.962469
    0.412500    208.667109     1.880787
    0.420000    193.437208     1.769967
    0.427500    179.355439     1.644318
    0.435000    166.238408     1.553481
    0.442500    153.962775     1.552600
    0.450000    142.587071     1.627699
    0.457500    132.271677     1.719040
    0.465000    123.123859     1.792559
    0.472500    115.137589     1.842967
    0.480000    108.189655     1.873925
    0.487500    102.083544     1.882990
    0.495000     96.505425     1.629904
    0.502500     88.742671     2.179809
    0.510000     77.623953     3.094331
    0.517500     67.184795     3.021019
    0.525000     57.955809     2.663790
    0.532500     49.668486     1.860471
    0.540000     41.876128     1.243761
    0.547500     34.509924     1.612185
    0.555000     27.978240     1.840304
    0.562500     22.596500     1.817867
    0.570000     18.444272     1.628690
    0.577500     15.424793     1.279448
    0.585000     13.227898     0.931790
    0.592500     11.345713     0.934444
    0.600000      9.468261     0.872165
    0.607500      7.605405     0.598064
    0.615000      5.715070     0.411872
    0.622500      3.866021     0.393361
    0.630000      2.278788     0.360267
    0.637500      1.089243     0.317014
    0.645000      0.339062     0.272536
    0.652500      0.012542     0.228046
    0.660000      0.000000     0.188036
    0.667500      0.130758     0.150599
    0.675000      0.357531     0.181231
    0.682500      0.796026     0.288583
    0.690000      1.470183     0.410608
    0.697500      2.234825     0.513955
    0.705000      3.092187     0.527252
    0.712500      4.223115     0.511831
    0.720000      5.581045     0.613853
    0.727500      6.885779     0.841996
    0.735000      8.056996     0.927572
    0.742500      9.183681     0.884869
    0.750000     10.119798     0.997394
    0.757500     10.672606     1.183307
    0.765000     11.070790     1.214141
    0.772500     11.565702     1.208421
    0.780000     12.160522     1.310637
    0.787500     12.782046     1.397232
    0.795000     13.376643     1.244574
    0.802500     13.808318     0.898686
    0.810000     14.018214     0.633091
    0.817500     14.103202     0.568345
    0.825000     14.120829     0.593557
    0.832500     14.149745     0.532165
    0.840000     14.291407     0.355922
    0.847500     14.580918     0.263165
    0.855000     15.022007     0.337387
    0.862500     15.577589     0.432312
    0.870000     16.138727     0.555389
    0.877500     16.650794     0.708396
    0.885000     17.237348     0.874009
    0.892500     18.070376     0.993022
    0.900000     19.152144     1.038897
    0.907500     20.333216     1.026702
    0.915000     21.534763     0.963186
    0.922500     22.802003     0.946306
    0.930000     24.204270     0.999380
    0.937500     25.726368     0.984832
    0.945000     27.182649     0.950180
    0.952500     28.319294     1.194442
    0.960000     29.215701     1.492349
    0.967500     30.233928     1.524672
    0.975000     31.491061     1.343487
    0.982500     32.810422     1.218978
    0.990000     33.994991     1.146844
    0.997500     35.056760     1.035658
    1.005000     36.122862     0.906028
    1.012500     37.207150     0.651172
    1.020000     38.183268     0.437193
    1.027500     38.917111     0.409199
    1.035000     39.394367     0.342016
    1.042500     39.700659     0.345967
    1.050000     39.887482     0.476897
    1.057500     39.990876     0.468564
    1.065000     40.184260     0.625056
    1.072500     40.588472     0.779297
    1.080000     40.611793     0.901150
    1.087500     39.714145     1.303348
    1.095000     38.898912     1.632143
    1.102500     38.859248     1.743267
    1.110000     39.365311     1.688118
    1.117500     39.894738     1.574783
    1.125000     40.699616     1.454856
    1.132500     42.249134     1.211200
    1.140000     44.142503     0.686549
    1.147500     45.052764     0.465280
    1.155000     45.057273     0.451752
    1.162500     44.717140     0.820008
    1.170000     44.069791     1.628512
    1.177500     43.826431     1.953345
    1.185000     44.519547     1.917732
    1.192500     46.087054     1.579683
    1.200000     47.863102     0.983545
    1.207500     49.002338     0.521756
    1.215000     49.434298     0.422556
    1.222500     49.354904     0.529172
    1.230000     49.112084     0.587337
    1.237500     49.157960     0.562773
    1.245000     49.539484     0.507281
    1.252500     50.006957     0.489069
    1.260000     50.512302     0.465589
    1.267500     51.091420     0.394240
    1.275000     51.536056     0.353094
    1.282500     51.715145     0.387688
    1.290000     51.747279     0.418062
    1.297500     51.775213     0.414865
    1.305000     51.922758     0.389053
    1.312500     52.229430     0.362114
    1.320000     52.511961     0.307879
    1.327500     52.598110     0.218977
    1.335000     52.648053     0.136694
    1.342500     52.806668     0.118266
    1.350000     53.011572     0.175522
    1.357500     53.224066     0.287416
    1.365000     53.432410     0.374753
    1.372500     53.563631     0.360939
    1.380000     53.654381     0.224440
    1.387500     53.764025     0.106841
    1.395000     53.860974     0.320781
    1.402500     54.002132     0.418322
    1.410000     54.311135     0.428146
    1.417500     54.739777     0.449565
    1.425000     55.066778     0.483226
    1.432500     55.201010     0.414895
    1.440000     55.136129     0.251245
    1.447500     54.915880     0.328179
    1.455000     54.756270     0.529787
    1.462500     54.726419     0.685293
    1.470000     54.747651     0.734990
    1.477500     54.863590     0.697502
    1.485000     55.082704     0.672015
    1.492500     55.198087     0.674710
    1.500000     55.084472     0.643082
    1.507500     54.931193     0.553326
    1.515000     54.941193     0.438972
    1.522500     55.096912     0.336123
    1.530000     55.256611     0.265374
    1.537500     55.291348     0.234458
    1.545000     55.184370     0.243455
    1.552500     55.131857     0.247814
    1.560000     55.339766     0.224073
    1.567500     55.711741     0.195936
    1.575000     55.932901     0.195896
    1.582500     55.953279     0.216931
    1.590000     55.970981     0.214403
    1.597500     55.994568     0.165929
    1.605000     55.959940     0.098380
    1.612500     55.889261     0.078469
    1.620000     55.771414     0.126146
    1.627500     55.653552     0.187939
    1.635000     55.580394     0.288421
    1.642500     55.537496     0.338260
    1.650000     55.549167     0.340588
    1.657500     55.553528     0.368790
    1.665000     55.432079     0.451588
    1.672500     55.247193     0.529032
    1.680000     55.168172     0.554861
    1.687500     55.240002     0.513853
    1.695000     55.421266     0.410864
    1.702500     55.659114     0.276625
    1.710000     55.824836     0.225894
    1.717500     55.814073     0.311874
    1.725000     55.691662     0.420238
    1.732500     55.599307     0.479746
    1.740000     55.585268     0.485544
    1.747500     55.557738     0.475607
    1.755000     55.457003     0.461239
    1.762500     55.366297     0.451430
    1.770000     55.408307     0.451198
    1.777500     55.598032     0.423712
    1.785000     55.749543     0.360777
    1.792500     55.665205     0.336571
    1.800000     55.470197     0.389779
