#! FIELDS cyl.z file.free uncertainty
#! SET sample_size 90000
#! SET effective_sample_size 49.1981
#! SET fundeltaF 43.5407
#! SET blocks_num 3
#! SET blocks_effective_num 1.02397
#! SET min_cyl.z 0.3
#! SET max_cyl.z 1.8
#! SET nbins_cyl.z 201
#! SET periodic_cyl.z false
    0.300000    667.112657    67.465083
    0.307500    627.640237    78.366842
    0.315000    589.523025    89.227397
    0.322500    552.762097    99.644059
    0.330000    517.360177   109.277650
    0.337500    483.321257   117.891562
    0.345000    450.650114   125.364518
    0.352500    419.351823   131.679610
    0.360000    389.431348   136.898877
    0.367500    360.893260   141.133772
    0.375000    333.741584   144.518904
    0.382500    307.979743   147.192558
    0.390000    283.610565   149.284352
    0.397500    260.636345   150.908811
    0.405000    239.058912   152.163083
    0.412500    218.879706   153.127211
    0.420000    200.099849   153.865763
    0.427500    182.720194   154.430017
    0.435000    166.741338   154.860232
    0.442500    152.163469   155.187780
    0.450000    138.985515   155.437111
    0.457500    127.201077   155.627800
    0.465000    116.778853   155.777771
    0.472500    107.572211   155.910197
    0.480000     99.031252   156.052151
    0.487500     90.276230   156.165832
    0.495000     81.536006   156.205941
    0.502500     73.613391   156.215445
    0.510000     66.758238   156.218523
    0.517500     60.644447   156.220194
    0.525000     54.273156   156.221172
    0.532500     47.511287   156.220737
    0.540000     41.355281   156.212664
    0.547500     36.230906   156.135162
    0.555000     32.159305   155.467118
    0.562500     29.040108   150.289986
    0.570000     26.413280   118.914056
    0.577500     22.799676    44.528206
    0.585000     17.943336     7.923446
    0.592500     13.332471     1.104300
    0.600000      9.538327     0.448147
    0.607500      6.633064     0.680095
    0.615000      4.545481     0.674090
    0.622500      3.106474     0.581205
    0.630000      2.076199     0.456919
    0.637500      1.290950     0.273385
    0.645000      0.719757     0.071051
    0.652500      0.315995     0.083162
    0.660000      0.063947     0.105018
    0.667500      0.000000     0.099382
    0.675000      0.072514     0.122738
    0.682500      0.339486     0.325489
    0.690000      0.988068     0.465957
    0.697500      1.796248     0.538846
    0.705000      2.270813     0.725677
    0.712500      2.754115     0.948140
    0.720000      3.863882     0.975119
    0.727500      5.616719     0.598498
    0.735000      7.196276     0.155087
    0.742500      8.078120     0.293631
    0.750000      9.167013     0.694239
    0.757500     10.884845     2.290782
    0.765000     12.585675     8.254468
    0.772500     13.396495    17.811432
    0.780000     13.471039    25.690145
    0.787500     13.260918    28.977502
    0.795000     13.361179    32.261440
    0.802500     14.101524    44.745842
    0.810000     15.152972    73.926757
    0.817500     15.771952   105.104415
    0.825000     15.898115   118.180101
    0.832500     15.982142   120.163131
    0.840000     16.214041   117.477148
    0.847500     16.538945   113.078723
    0.855000     16.843740   111.281760
    0.862500     17.167980   115.387494
    0.870000     17.650595   122.548585
    0.877500     18.323318   126.899152
    0.885000     19.139665   127.187523
    0.892500     20.145845   128.198316
    0.900000     21.465321   131.146083
    0.907500     23.039670   136.234857
    0.915000     24.418261   145.621759
    0.922500     25.396023   152.972696
    0.930000     26.430908   154.128982
    0.937500     27.626491   162.396755
    0.945000     28.649755   203.280484
    0.952500     29.459405   253.516141
    0.960000     30.349967   263.405905
    0.967500     31.620907   239.331729
    0.975000     33.445094   204.726981
    0.982500     35.604496   166.770745
    0.990000     37.472643   143.370637
    0.997500     38.808633   151.061611
    1.005000     39.807145   188.216535
    1.012500     40.432687   234.531974
    1.020000     40.519455   259.622786
    1.027500     40.243217   263.672008
    1.035000     40.077954   264.596690
    1.042500     40.327204   266.348872
    1.050000     40.970974   265.608479
    1.057500     41.711932   264.653530
    1.065000     42.237799   267.817305
    1.072500     42.602646   269.119765
    1.080000     43.106871   258.007985
    1.087500     43.816311   234.549410
    1.095000     44.539754   210.117354
    1.102500     45.106762   195.327235
    1.110000     45.438031   190.183528
    1.117500     45.634622   185.017687
    1.125000     45.956655   174.974446
    1.132500     46.519720   164.964822
    1.140000     47.167245   162.429132
    1.147500     47.675019   172.726329
    1.155000     48.055385   186.280115
    1.162500     48.535468   186.285234
    1.170000     49.246623   173.280362
    1.177500     50.068882   158.228778
    1.185000     50.687545   148.626698
    1.192500     50.985340   149.361025
    1.200000     51.181613   157.665583
    1.207500     51.416699   165.980997
    1.215000     51.697421   169.971977
    1.222500     52.035243   169.925485
    1.230000     52.414927   173.192512
    1.237500     52.751395   184.304941
    1.245000     52.984121   196.971031
    1.252500     53.086602   203.281066
    1.260000     53.105982   198.747890
    1.267500     53.183159   186.142475
    1.275000     53.401117   176.557674
    1.282500     53.759579   182.009035
    1.290000     54.230230   201.214099
    1.297500     54.693384   215.385073
    1.305000     54.972167   212.174306
    1.312500     55.031019   209.580986
    1.320000     55.022475   217.713396
    1.327500     55.059484   217.843096
    1.335000     55.136182   206.002550
    1.342500     55.291455   204.448294
    1.350000     55.586011   222.258209
    1.357500     55.979924   242.503372
    1.365000     56.378403   242.921151
    1.372500     56.709195   228.498690
    1.380000     56.922689   218.159766
    1.387500     56.988658   215.410746
    1.395000     56.963325   213.508885
    1.402500     56.990405   203.250552
    1.410000     57.116463   184.338843
    1.417500     57.298524   174.788101
    1.425000     57.536597   187.653888
    1.432500     57.778322   206.996238
    1.440000     57.811417   198.454707
    1.447500     57.468643   170.070068
    1.455000     56.941496   155.455619
    1.462500     56.617664   153.714296
    1.470000     56.667451   159.204316
    1.477500     56.864336   170.346448
    1.485000     56.894434   176.496061
    1.492500     56.813415   174.794242
    1.500000     56.777356   181.399020
    1.507500     56.742393   199.121629
    1.515000     56.639142   207.396515
    1.522500     56.472424   198.922607
    1.530000     56.239260   185.617870
    1.537500     56.059901   175.403607
    1.545000     56.070461   165.040283
    1.552500     56.195180   154.128374
    1.560000     56.320494   151.725550
    1.567500     56.474999   166.065758
    1.575000     56.656029   199.015297
    1.582500     56.811535   224.008670
    1.590000     56.928279   215.732915
    1.597500     56.987569   193.358724
    1.605000     57.049653   186.435458
    1.612500     57.193278   196.300550
    1.620000     57.330570   209.042236
    1.627500     57.246820   205.854685
    1.635000     56.907556   182.990623
    1.642500     56.587119   162.187638
    1.650000     56.520840   154.160692
    1.657500     56.665398   155.317604
    1.665000     56.802784   162.991495
    1.672500     56.821110   174.962246
    1.680000     56.802323   192.165874
    1.687500     56.840548   211.330832
    1.695000     56.863322   222.043320
    1.702500     56.692642   213.932426
    1.710000     56.380882   192.854207
    1.717500     56.250339   177.174768
    1.725000     56.412851   172.463185
    1.732500     56.581252   180.106702
    1.740000     56.506359   204.158118
    1.747500     56.307763   232.553351
    1.755000     56.211738   244.927509
    1.762500     56.283499   238.190248
    1.770000     56.385658   224.475718
    1.777500     56.439110   219.733274
    1.785000     56.460397   227.001276
    1.792500     56.366954   237.988208
    1.800000     56.280171   243.226889
