#! FIELDS cyl.z file.free uncertainty
#! SET sample_size 90000
#! SET effective_sample_size 124.832
#! SET fundeltaF 38.7283
#! SET blocks_num 3
#! SET blocks_effective_num 1.58484
#! SET min_cyl.z 0.3
#! SET max_cyl.z 1.8
#! SET nbins_cyl.z 201
#! SET periodic_cyl.z false
    0.300000    825.812862     1.847427
    0.307500    781.316902     1.847427
    0.315000    738.223982     1.847427
    0.322500    696.534090     1.847427
    0.330000    656.247216     1.847427
    0.337500    617.363341     1.847427
    0.345000    579.882444     1.847427
    0.352500    543.804492     1.847427
    0.360000    509.129444     1.847427
    0.367500    475.857245     1.847427
    0.375000    443.987817     1.847427
    0.382500    413.521059     1.847427
    0.390000    384.456833     1.847427
    0.397500    356.794953     1.847427
    0.405000    330.535170     1.847427
    0.412500    305.677149     1.847427
    0.420000    282.220441     1.847427
    0.427500    260.164447     1.847427
    0.435000    239.508365     1.847421
    0.442500    220.251121     1.847367
    0.450000    202.391164     1.846795
    0.457500    185.925059     1.840801
    0.465000    170.833732     1.778741
    0.472500    156.949811     1.190219
    0.480000    143.177334     1.947288
    0.487500    127.973337     5.108990
    0.495000    112.857856     5.725090
    0.502500     98.933321     5.791415
    0.510000     86.340131     5.797963
    0.517500     75.029223     5.798422
    0.525000     64.876368     5.797864
    0.532500     55.712999     5.796144
    0.540000     47.437862     5.791876
    0.547500     40.111399     5.780473
    0.555000     33.865198     5.742564
    0.562500     28.743576     5.600505
    0.570000     24.591581     5.111577
    0.577500     21.009366     3.927401
    0.585000     17.651135     2.348577
    0.592500     14.607058     1.165223
    0.600000     12.027975     0.513740
    0.607500      9.776105     0.212025
    0.615000      7.657030     0.190878
    0.622500      5.705838     0.323196
    0.630000      3.961164     0.373003
    0.637500      2.361084     0.148390
    0.645000      1.032683     0.133279
    0.652500      0.217570     0.194540
    0.660000      0.000000     0.088005
    0.667500      0.270515     0.113321
    0.675000      0.774635     0.112508
    0.682500      1.255520     0.078580
    0.690000      1.738403     0.179537
    0.697500      2.435365     0.248230
    0.705000      3.328455     0.407978
    0.712500      4.237943     0.347145
    0.720000      5.192389     0.349162
    0.727500      6.276676     1.336059
    0.735000      7.449654     1.866180
    0.742500      8.772196     1.767109
    0.750000     10.399394     1.472945
    0.757500     12.140891     1.246921
    0.765000     13.496757     1.730851
    0.772500     14.439987     3.324299
    0.780000     15.065027     5.596091
    0.787500     15.173161     6.858516
    0.795000     14.851448     6.602809
    0.802500     14.452833     6.271438
    0.810000     14.112548     6.365680
    0.817500     13.800809     6.757266
    0.825000     13.593923     7.333954
    0.832500     13.555295     7.525531
    0.840000     13.571735     6.811344
    0.847500     13.572010     5.899487
    0.855000     13.672326     5.556017
    0.862500     13.968974     5.480949
    0.870000     14.569283     5.548309
    0.877500     15.579749     6.291519
    0.885000     16.784653     7.751731
    0.892500     17.745537     8.711761
    0.900000     18.590658     9.223662
    0.907500     19.753506    10.167745
    0.915000     21.328707    10.870721
    0.922500     23.154904    10.489476
    0.930000     24.939051    10.277324
    0.937500     26.481667    11.641451
    0.945000     27.944135    12.707764
    0.952500     29.615189    12.423815
    0.960000     31.559605    12.325501
    0.967500     33.327743    13.570177
    0.975000     34.365147    14.498415
    0.982500     34.878274    13.144629
    0.990000     35.479140    11.196516
    0.997500     36.497552    11.394218
    1.005000     37.683130    14.857605
    1.012500     38.508854    19.040729
    1.020000     38.874296    20.536476
    1.027500     38.776806    17.790497
    1.035000     38.222605    12.462936
    1.042500     37.742279     9.117820
    1.050000     37.911109     8.966537
    1.057500     38.843546    11.832672
    1.065000     40.137416    16.824119
    1.072500     41.136205    20.482386
    1.080000     41.660582    21.701416
    1.087500     41.968841    22.079764
    1.095000     42.209535    21.665752
    1.102500     42.344240    20.383603
    1.110000     42.505238    19.740652
    1.117500     42.978225    21.033247
    1.125000     43.738410    23.745777
    1.132500     44.449615    25.571789
    1.140000     45.009987    25.526640
    1.147500     45.540562    25.488077
    1.155000     45.938890    26.174405
    1.162500     46.155561    26.868048
    1.170000     46.410336    27.849186
    1.177500     46.814781    29.281672
    1.185000     47.302055    29.385235
    1.192500     47.770239    27.124419
    1.200000     48.089179    25.454616
    1.207500     48.179651    25.628122
    1.215000     48.057111    24.390842
    1.222500     47.881571    21.596113
    1.230000     47.992157    20.295124
    1.237500     48.545032    21.831756
    1.245000     49.237912    25.005798
    1.252500     49.651605    26.730037
    1.260000     49.816582    27.521334
    1.267500     49.922847    29.073954
    1.275000     50.063189    30.129722
    1.282500     50.290821    29.734181
    1.290000     50.523384    28.895889
    1.297500     50.658274    28.630325
    1.305000     50.828585    28.497408
    1.312500     51.141920    28.261587
    1.320000     51.434351    29.006310
    1.327500     51.544584    31.347378
    1.335000     51.544361    33.446897
    1.342500     51.564420    34.000365
    1.350000     51.701212    33.713685
    1.357500     52.003656    32.770785
    1.365000     52.396385    30.471858
    1.372500     52.781900    27.744698
    1.380000     53.155077    26.777834
    1.387500     53.416928    28.432546
    1.395000     53.476715    30.259518
    1.402500     53.534807    29.433281
    1.410000     53.740537    27.679937
    1.417500     53.949244    27.120728
    1.425000     53.924292    25.790731
    1.432500     53.651619    22.903685
    1.440000     53.409942    21.196880
    1.447500     53.446828    22.131085
    1.455000     53.707113    26.059447
    1.462500     53.889760    30.988597
    1.470000     53.883822    32.644659
    1.477500     53.780675    30.657990
    1.485000     53.537362    27.284421
    1.492500     53.279008    24.581685
    1.500000     53.265495    23.903114
    1.507500     53.459541    26.004723
    1.515000     53.597663    29.167751
    1.522500     53.570555    29.516896
    1.530000     53.513391    27.590236
    1.537500     53.489964    27.662966
    1.545000     53.326901    30.362216
    1.552500     52.960020    31.184061
    1.560000     52.588980    29.957853
    1.567500     52.344031    29.710331
    1.575000     52.268956    30.179368
    1.582500     52.386100    29.752668
    1.590000     52.550690    28.517415
    1.597500     52.539000    27.588526
    1.605000     52.394004    27.542351
    1.612500     52.318660    27.849592
    1.620000     52.353913    27.784929
    1.627500     52.385454    28.217349
    1.635000     52.339213    30.212265
    1.642500     52.205838    31.593939
    1.650000     52.027763    30.281004
    1.657500     51.967581    28.303309
    1.665000     52.094068    28.307406
    1.672500     52.207223    30.619967
    1.680000     52.138435    32.693939
    1.687500     52.001264    32.689837
    1.695000     51.984879    31.835364
    1.702500     52.161718    31.754676
    1.710000     52.421823    32.462490
    1.717500     52.552344    33.460750
    1.725000     52.458207    34.265203
    1.732500     52.294783    33.263477
    1.740000     52.236889    29.508370
    1.747500     52.188866    24.281668
    1.755000     52.010831    20.741460
    1.762500     51.883662    19.892189
    1.770000     51.974364    20.555065
    1.777500     52.140566    21.461346
    1.785000     52.179233    21.384809
    1.792500     52.061423    19.596538
    1.800000     51.878571    16.445101
