#! FIELDS cyl.z file.free uncertainty
#! SET sample_size 189999
#! SET effective_sample_size 224.658
#! SET fundeltaF 44.9845
#! SET blocks_num 3
#! SET blocks_effective_num 1.50964
#! SET min_cyl.z 0.3
#! SET max_cyl.z 1.8
#! SET nbins_cyl.z 201
#! SET periodic_cyl.z false
    0.300000    599.592189     1.770358
    0.307500    563.346330     1.770358
    0.315000    528.503537     1.770357
    0.322500    495.063808     1.770357
    0.330000    463.027143     1.770356
    0.337500    432.393541     1.770354
    0.345000    403.162999     1.770350
    0.352500    375.335511     1.770343
    0.360000    348.911066     1.770329
    0.367500    323.889641     1.770302
    0.375000    300.271188     1.770244
    0.382500    278.055613     1.770118
    0.390000    257.242716     1.769827
    0.397500    237.832084     1.769125
    0.405000    219.822833     1.767358
    0.412500    203.213034     1.762728
    0.420000    187.998320     1.750196
    0.427500    174.168290     1.715507
    0.435000    161.696438     1.619343
    0.442500    150.510019     1.367152
    0.450000    140.405347     0.866065
    0.457500    130.921156     0.798583
    0.465000    121.590869     0.976187
    0.472500    112.608005     0.701662
    0.480000    104.482363     0.850938
    0.487500     97.496444     1.180974
    0.495000     91.736049     1.406655
    0.502500     87.173582     1.511559
    0.510000     83.443316     0.959145
    0.517500     76.242930     4.468255
    0.525000     65.223915     5.173164
    0.532500     55.071937     5.092315
    0.540000     46.161234     5.089405
    0.547500     38.498478     5.145126
    0.555000     32.047581     5.203788
    0.562500     26.709716     5.188043
    0.570000     22.282453     4.999314
    0.577500     18.460270     4.581726
    0.585000     15.003361     4.032628
    0.592500     11.934766     3.518894
    0.600000      9.391768     3.087564
    0.607500      7.369839     2.631953
    0.615000      5.713620     2.016403
    0.622500      4.287141     1.303353
    0.630000      3.020170     0.702663
    0.637500      1.854106     0.279560
    0.645000      0.845797     0.023482
    0.652500      0.182949     0.198610
    0.660000      0.000000     0.218178
    0.667500      0.228315     0.106657
    0.675000      0.635801     0.033940
    0.682500      1.140910     0.078225
    0.690000      1.882524     0.120009
    0.697500      2.849837     0.172986
    0.705000      3.788129     0.367573
    0.712500      4.507919     0.686571
    0.720000      5.195840     0.932573
    0.727500      6.210885     1.074764
    0.735000      7.744512     1.092571
    0.742500      9.786896     0.698383
    0.750000     12.015235     0.685889
    0.757500     13.812066     2.015109
    0.765000     14.943301     2.101972
    0.772500     15.346262     2.309680
    0.780000     15.353397     2.211403
    0.787500     15.671482     1.841132
    0.795000     16.462485     1.777937
    0.802500     17.311296     2.154444
    0.810000     17.756645     2.428364
    0.817500     17.916926     2.647855
    0.825000     18.112772     3.402156
    0.832500     18.328742     4.519862
    0.840000     18.451518     5.264450
    0.847500     18.597289     5.531055
    0.855000     18.861557     5.714765
    0.862500     19.203952     5.955771
    0.870000     19.643707     6.091336
    0.877500     20.243175     5.901696
    0.885000     20.982332     5.356381
    0.892500     21.835158     4.755689
    0.900000     22.851690     4.505179
    0.907500     24.026556     4.538511
    0.915000     25.279968     4.339541
    0.922500     26.578863     3.872125
    0.930000     27.903279     3.682633
    0.937500     29.193759     4.145343
    0.945000     30.418182     4.528410
    0.952500     31.654518     4.027664
    0.960000     32.880390     3.193469
    0.967500     33.877073     2.670358
    0.975000     34.662319     2.855387
    0.982500     35.629922     3.408179
    0.990000     37.001484     3.936960
    0.997500     38.661370     4.828631
    1.005000     40.271203     6.589167
    1.012500     41.526421     7.869593
    1.020000     42.471599     7.685692
    1.027500     43.255422     6.888792
    1.035000     43.853037     6.329534
    1.042500     44.196146     6.044477
    1.050000     44.397284     5.576616
    1.057500     44.683322     5.187994
    1.065000     45.206619     5.127545
    1.072500     45.840518     5.298650
    1.080000     46.309470     5.458828
    1.087500     46.648899     5.375986
    1.095000     47.046830     5.244059
    1.102500     47.515213     5.312485
    1.110000     48.016810     5.480887
    1.117500     48.328561     4.922681
    1.125000     47.592605     2.410238
    1.132500     45.857269     0.523385
    1.140000     44.555011     0.909381
    1.147500     44.378496     0.993012
    1.155000     45.449216     0.726611
    1.162500     47.609665     0.698052
    1.170000     50.163822     3.039514
    1.177500     51.797495     5.315215
    1.185000     52.317956     5.739521
    1.192500     52.449356     6.161574
    1.200000     52.582291     6.957312
    1.207500     52.825860     7.601400
    1.215000     53.118704     7.808179
    1.222500     53.388430     7.634196
    1.230000     53.614805     7.162348
    1.237500     53.773993     6.730079
    1.245000     53.863335     6.727641
    1.252500     53.918977     7.012974
    1.260000     54.000375     7.120872
    1.267500     54.128868     7.022518
    1.275000     54.227365     7.005896
    1.282500     54.207798     6.996592
    1.290000     54.090512     6.902413
    1.297500     53.995942     6.918473
    1.305000     54.067372     7.036047
    1.312500     54.359807     7.077542
    1.320000     54.757100     6.989926
    1.327500     55.086248     6.779890
    1.335000     55.294534     6.559676
    1.342500     55.447200     6.473811
    1.350000     55.663510     6.454217
    1.357500     55.986935     6.422989
    1.365000     56.358088     6.437883
    1.372500     56.733662     6.547125
    1.380000     57.055784     6.703403
    1.387500     57.289687     6.858044
    1.395000     57.420800     7.019029
    1.402500     57.438349     7.136024
    1.410000     57.491966     7.005125
    1.417500     57.668818     6.491609
    1.425000     57.831529     5.907633
    1.432500     57.927797     5.769916
    1.440000     58.041838     5.944313
    1.447500     58.228499     6.051565
    1.455000     58.573749     6.129345
    1.462500     59.063841     6.270750
    1.470000     59.414669     6.357311
    1.477500     59.350873     6.637821
    1.485000     58.953400     7.375837
    1.492500     58.552174     8.026617
    1.500000     58.418483     8.122924
    1.507500     58.618964     7.790772
    1.515000     58.972103     7.477329
    1.522500     59.103056     7.342585
    1.530000     58.964176     6.928264
    1.537500     58.891132     6.174305
    1.545000     58.984972     5.386324
    1.552500     59.047132     4.988386
    1.560000     59.007127     5.304691
    1.567500     58.967780     6.006813
    1.575000     58.917604     6.326298
    1.582500     58.729493     5.820745
    1.590000     58.430007     5.081234
    1.597500     58.239199     4.770307
    1.605000     58.269363     5.126300
    1.612500     58.462737     5.981967
    1.620000     58.701650     6.649755
    1.627500     58.844997     6.684672
    1.635000     58.822842     6.176406
    1.642500     58.716614     5.589870
    1.650000     58.521442     5.299368
    1.657500     58.173511     5.453506
    1.665000     57.908959     5.780586
    1.672500     58.015399     5.935778
    1.680000     58.461030     5.971227
    1.687500     58.904182     6.049689
    1.695000     59.023799     5.935920
    1.702500     58.906290     5.619718
    1.710000     58.756481     5.557248
    1.717500     58.573788     5.709727
    1.725000     58.319946     5.745656
    1.732500     58.093005     5.742428
    1.740000     57.999354     5.975783
    1.747500     58.016912     6.417268
    1.755000     58.145544     6.717875
    1.762500     58.413186     6.665599
    1.770000     58.631230     6.354604
    1.777500     58.532895     5.940729
    1.785000     58.250569     5.535742
    1.792500     58.191390     5.337528
    1.800000     58.588501     5.532211
