#! FIELDS cyl.z file.free uncertainty
#! SET sample_size 14997
#! SET effective_sample_size 16.9491
#! SET fundeltaF 26.8638
#! SET blocks_num 3
#! SET blocks_effective_num 1.00656
#! SET min_cyl.z 0.3
#! SET max_cyl.z 1.8
#! SET nbins_cyl.z 201
#! SET periodic_cyl.z false
    0.300000    211.537412     1.763296
    0.307500    189.995679     1.763275
    0.315000    169.857010     1.763245
    0.322500    151.121401     1.763204
    0.330000    133.788845     1.763144
    0.337500    117.859321     1.763059
    0.345000    103.332776     1.762936
    0.352500     90.209064     1.762754
    0.360000     78.487801     1.762456
    0.367500     68.167962     1.761816
    0.375000     59.246819     1.759729
    0.382500     51.717134     1.750405
    0.390000     45.559949     1.703438
    0.397500     40.727403     1.469463
    0.405000     37.109710     0.746043
    0.412500     34.504839     5.099527
    0.420000     32.646295    20.412260
    0.427500     30.943193    47.698886
    0.435000     27.493532    42.559246
    0.442500     22.597568    21.534164
    0.450000     18.058967    11.145754
    0.457500     14.279682     5.462720
    0.465000     11.310881     2.561243
    0.472500      9.103746     1.435305
    0.480000      7.474805     1.055472
    0.487500      6.154045     0.814371
    0.495000      5.045478     0.747277
    0.502500      4.244198     0.758674
    0.510000      3.759544     0.751022
    0.517500      3.517053     1.023463
    0.525000      3.347759     1.560112
    0.532500      2.839858     1.266066
    0.540000      1.993902     0.753582
    0.547500      1.404121     0.773084
    0.555000      1.250875     0.753913
    0.562500      1.146835     0.872931
    0.570000      0.738450     0.752509
    0.577500      0.195762     0.983349
    0.585000      0.000000     1.324193
    0.592500      0.364915     1.336063
    0.600000      0.953631     1.118098
    0.607500      1.366933     1.059724
    0.615000      2.010467     1.196214
    0.622500      3.396867     1.291877
    0.630000      5.271370     1.131667
    0.637500      6.572570     0.835708
    0.645000      7.312849     0.745435
    0.652500      8.214971     1.214468
    0.660000      8.456171     2.469193
    0.667500      7.196153     1.960248
    0.675000      6.078247     1.407175
    0.682500      5.969206     1.536693
    0.690000      6.819962     2.762657
    0.697500      8.122664     5.835814
    0.705000      9.017558     8.450563
    0.712500      9.339308     8.319075
    0.720000      9.945057     9.080306
    0.727500     11.098968    15.028527
    0.735000     11.674306    30.749591
    0.742500     11.029962    39.728237
    0.750000     10.514520    40.173051
    0.757500     10.653313    39.838724
    0.765000     11.252040    44.398650
    0.772500     12.164564    63.891086
    0.780000     13.450106   112.828440
    0.787500     14.727388   187.478261
    0.795000     15.435813   246.385073
    0.802500     15.938515   328.317320
    0.810000     16.416405   423.685457
    0.817500     16.733217   421.220732
    0.825000     17.158998   355.242756
    0.832500     17.890998   293.944713
    0.840000     18.667808   241.879050
    0.847500     19.276369   220.351449
    0.855000     19.830501   253.952093
    0.862500     20.335845   319.879634
    0.870000     20.929652   354.369767
    0.877500     21.888164   329.116978
    0.885000     23.153768   262.057335
    0.892500     24.202013   216.110601
    0.900000     24.651583   237.243024
    0.907500     24.911841   277.530790
    0.915000     25.337494   309.022979
    0.922500     25.886638   331.825268
    0.930000     26.448390   365.722530
    0.937500     26.944553   423.713768
    0.945000     27.416416   480.404838
    0.952500     27.898076   511.918399
    0.960000     28.228285   505.435326
    0.967500     28.402299   476.790777
    0.975000     28.681789   456.565781
    0.982500     29.171141   451.095401
    0.990000     29.691785   458.439403
    0.997500     30.085597   456.524189
    1.005000     30.409236   434.020562
    1.012500     30.618515   390.215052
    1.020000     30.463449   313.471481
    1.027500     30.098169   254.604019
    1.035000     30.079421   245.049277
    1.042500     30.633652   269.093217
    1.050000     31.464556   304.462258
    1.057500     32.122278   329.144957
    1.065000     32.568411   342.571112
    1.072500     32.965911   353.238763
    1.080000     33.398182   365.238378
    1.087500     33.819732   374.697119
    1.095000     34.087182   381.198013
    1.102500     34.264931   395.672565
    1.110000     34.600001   410.686297
    1.117500     35.107657   401.262923
    1.125000     35.483973   372.969411
    1.132500     35.568096   375.540115
    1.140000     35.615365   409.343308
    1.147500     35.914943   439.699363
    1.155000     36.447885   443.886086
    1.162500     36.842238   418.894552
    1.170000     36.846184   395.309006
    1.177500     36.749854   385.602274
    1.185000     36.874256   389.962721
    1.192500     37.225150   425.288861
    1.200000     37.629679   475.054076
    1.207500     38.022057   492.583754
    1.215000     38.449848   471.004492
    1.222500     38.855446   450.913816
    1.230000     39.026528   462.617013
    1.237500     38.792416   483.270307
    1.245000     38.374090   485.163988
    1.252500     38.166022   476.501345
    1.260000     38.280065   466.601031
    1.267500     38.507335   460.854385
    1.275000     38.672408   461.404063
    1.282500     38.840477   469.395753
    1.290000     39.088516   481.445249
    1.297500     39.308383   488.648575
    1.305000     39.266700   489.703487
    1.312500     39.089989   496.437898
    1.320000     39.128128   514.010521
    1.327500     39.325165   532.404643
    1.335000     39.258584   515.834000
    1.342500     38.905895   483.854699
    1.350000     38.719895   475.578734
    1.357500     38.868471   486.604059
    1.365000     39.129922   494.201998
    1.372500     39.283026   461.241655
    1.380000     39.369574   407.416692
    1.387500     39.453113   370.015772
    1.395000     39.489361   341.794920
    1.402500     39.460768   325.323716
    1.410000     39.358607   352.064723
    1.417500     39.191002   407.390036
    1.425000     39.121782   452.119327
    1.432500     39.306681   485.387113
    1.440000     39.653913   498.922782
    1.447500     39.918740   482.499754
    1.455000     39.941048   454.489633
    1.462500     39.708915   448.196008
    1.470000     39.467099   458.393534
    1.477500     39.492692   469.473967
    1.485000     39.754137   474.122662
    1.492500     40.024159   451.975650
    1.500000     40.123353   421.684936
    1.507500     40.011579   414.378002
    1.515000     39.848561   421.650215
    1.522500     39.794612   429.828841
    1.530000     39.829801   441.144418
    1.537500     39.875382   448.466627
    1.545000     39.865578   437.861920
    1.552500     39.718094   426.693995
    1.560000     39.485156   436.043659
    1.567500     39.385600   444.044031
    1.575000     39.477371   436.921126
    1.582500     39.541504   432.931795
    1.590000     39.445758   438.578553
    1.597500     39.360570   443.160899
    1.605000     39.402289   443.921124
    1.612500     39.463185   439.746275
    1.620000     39.491138   427.938602
    1.627500     39.572799   415.794860
    1.635000     39.653690   420.731901
    1.642500     39.633151   446.567341
    1.650000     39.611320   474.433877
    1.657500     39.699735   494.065378
    1.665000     39.875195   496.922878
    1.672500     39.995348   481.769382
    1.680000     39.891052   461.210783
    1.687500     39.693116   445.835235
    1.695000     39.624695   437.979359
    1.702500     39.708900   438.989408
    1.710000     39.881416   447.699704
    1.717500     39.974085   442.637246
    1.725000     39.871043   419.474043
    1.732500     39.789823   423.077740
    1.740000     39.931138   441.952436
    1.747500     40.161003   448.969658
    1.755000     40.176505   451.227287
    1.762500     39.948067   454.055531
    1.770000     39.718521   459.229128
    1.777500     39.621831   475.294997
    1.785000     39.664096   503.693052
    1.792500     39.799464   523.111414
    1.800000     39.993820   515.394292
