#! FIELDS cyl.z file.free uncertainty
#! SET sample_size 14997
#! SET effective_sample_size 23.2358
#! SET fundeltaF 8.19802
#! SET blocks_num 3
#! SET blocks_effective_num 1.05083
#! SET min_cyl.z 0.3
#! SET max_cyl.z 1.8
#! SET nbins_cyl.z 201
#! SET periodic_cyl.z false
    0.300000    445.456839     2.600740
    0.307500    411.871483     2.693706
    0.315000    379.675194     2.766814
    0.322500    348.864356     2.812803
    0.330000    319.434709     2.823631
    0.337500    291.381416     2.791171
    0.345000    264.699233     2.708341
    0.352500    239.382812     2.570660
    0.360000    215.427117     2.377990
    0.367500    192.827902     2.136056
    0.375000    171.582130     1.857345
    0.382500    151.688180     1.561292
    0.390000    133.145686     1.274423
    0.397500    115.954894     1.031426
    0.405000    100.115444     0.874552
    0.412500     85.624457     0.836470
    0.420000     72.473695     0.906858
    0.427500     60.645511     1.041001
    0.435000     50.107629     1.199363
    0.442500     40.808514     1.357648
    0.450000     32.678969     1.498686
    0.457500     25.648367     1.607796
    0.465000     19.674128     1.676773
    0.472500     14.760239     1.708961
    0.480000     10.939382     1.715839
    0.487500      8.216241     1.709754
    0.495000      6.448321     1.702929
    0.502500      5.143981     1.709989
    0.510000      3.704058     1.726984
    0.517500      2.259812     1.731381
    0.525000      1.177142     1.725979
    0.532500      0.489524     1.723135
    0.540000      0.097725     1.726968
    0.547500      0.000000     1.730496
    0.555000      0.421331     1.723985
    0.562500      1.653861     1.696585
    0.570000      3.882391     1.612468
    0.577500      7.190058     1.290589
    0.585000     11.575901     0.332413
    0.592500     16.737531     9.887639
    0.600000     20.841744    39.028386
    0.607500     22.251937    42.314479
    0.615000     22.953752    40.488387
    0.622500     23.548753    55.900755
    0.630000     23.817518    63.555590
    0.637500     23.095662    41.709435
    0.645000     21.124290    15.238877
    0.652500     18.927632     5.379042
    0.660000     17.334565     3.053976
    0.667500     16.709986     2.577176
    0.675000     17.024876     3.624761
    0.682500     17.723970     6.766387
    0.690000     18.229698    10.837100
    0.697500     18.691170    19.613077
    0.705000     18.829292    35.824842
    0.712500     18.435196    45.333927
    0.720000     18.258936    46.008168
    0.727500     18.413065    41.520224
    0.735000     17.947595    37.099660
    0.742500     16.538944    38.870627
    0.750000     15.058828    39.223440
    0.757500     14.116033    35.323453
    0.765000     13.803830    29.574171
    0.772500     13.776501    25.260889
    0.780000     13.566649    25.357742
    0.787500     13.143908    29.838273
    0.795000     12.757940    35.788578
    0.802500     12.428570    38.768333
    0.810000     11.979232    38.537615
    0.817500     11.491031    40.400087
    0.825000     11.265743    43.290499
    0.832500     11.323983    39.764900
    0.840000     11.345869    27.519320
    0.847500     11.097245    16.039016
    0.855000     10.821899    11.693438
    0.862500     10.899825    13.064358
    0.870000     11.283997    17.935112
    0.877500     11.147045    18.842371
    0.885000     10.087715    12.296956
    0.892500      9.018219     7.180086
    0.900000      8.436669     4.987103
    0.907500      8.138423     4.303572
    0.915000      7.711686     3.834172
    0.922500      7.228296     3.413420
    0.930000      6.840846     3.137922
    0.937500      6.461922     2.887577
    0.945000      6.150827     2.920094
    0.952500      5.889417     2.999155
    0.960000      5.471097     2.381925
    0.967500      4.993125     1.363561
    0.975000      4.760242     0.758018
    0.982500      4.888729     0.765337
    0.990000      5.287382     1.176723
    0.997500      5.855823     1.839258
    1.005000      6.669056     2.957460
    1.012500      7.717772     4.731268
    1.020000      8.717641     6.734098
    1.027500      9.468778     8.500890
    1.035000      9.812122     9.270256
    1.042500      9.682540     8.129323
    1.050000      9.510495     6.682571
    1.057500      9.697168     6.508200
    1.065000     10.355506     8.451278
    1.072500     11.442450    13.514703
    1.080000     12.732083    21.934308
    1.087500     13.814489    30.313846
    1.095000     14.515926    34.901844
    1.102500     15.030696    36.530355
    1.110000     15.428761    34.562513
    1.117500     15.762511    31.795466
    1.125000     16.276289    33.885604
    1.132500     17.015535    39.602733
    1.140000     17.719552    43.473585
    1.147500     18.126988    43.054461
    1.155000     18.316831    41.649796
    1.162500     18.623031    42.162539
    1.170000     19.212461    45.747288
    1.177500     19.938956    53.700883
    1.185000     20.557866    62.708691
    1.192500     20.979121    66.222587
    1.200000     21.095971    66.958373
    1.207500     21.022111    73.724865
    1.215000     21.125762    85.120086
    1.222500     21.580871    95.228924
    1.230000     22.250473    99.953604
    1.237500     22.621042   100.564506
    1.245000     22.359607   103.523681
    1.252500     21.911583   106.116642
    1.260000     21.660703   105.410530
    1.267500     21.583752   103.969213
    1.275000     21.518218   102.630445
    1.282500     21.508649    97.233137
    1.290000     21.756980    87.669399
    1.297500     22.163940    82.726967
    1.305000     22.319861    88.708955
    1.312500     22.068118    90.561901
    1.320000     21.421699    73.359434
    1.327500     20.536076    64.123972
    1.335000     19.987233    67.466296
    1.342500     20.162951    68.461246
    1.350000     20.824482    67.256259
    1.357500     21.432684    69.769445
    1.365000     22.016259    69.769756
    1.372500     22.734440    68.008138
    1.380000     23.300599    68.497576
    1.387500     23.419570    68.275873
    1.395000     23.047082    67.815967
    1.402500     22.390159    71.348613
    1.410000     21.827572    75.366473
    1.417500     21.534897    74.738535
    1.425000     21.305216    70.231309
    1.432500     20.861969    69.640186
    1.440000     20.398181    71.947367
    1.447500     20.284944    73.896766
    1.455000     20.546623    75.585683
    1.462500     20.949523    76.786607
    1.470000     21.362897    76.912576
    1.477500     21.755707    76.170533
    1.485000     22.160996    74.891017
    1.492500     22.603869    72.743470
    1.500000     22.860757    70.158806
    1.507500     22.728959    68.635454
    1.515000     22.421668    68.336949
    1.522500     22.419550    68.452849
    1.530000     22.935326    68.750668
    1.537500     23.611337    69.706612
    1.545000     23.680632    69.275566
    1.552500     23.040262    67.795393
    1.560000     22.407906    69.122964
    1.567500     22.232495    70.631632
    1.575000     22.247649    72.854146
    1.582500     22.065674    75.380247
    1.590000     22.076870    74.912250
    1.597500     22.392209    71.222357
    1.605000     22.258330    69.472098
    1.612500     21.751981    69.640297
    1.620000     21.699695    70.533321
    1.627500     22.194716    71.788260
    1.635000     22.557219    73.650202
    1.642500     22.325867    74.084929
    1.650000     21.989578    71.649687
    1.657500     21.874267    69.583828
    1.665000     22.012232    69.728056
    1.672500     22.231376    69.563291
    1.680000     22.241441    72.014266
    1.687500     22.147090    72.991670
    1.695000     22.189668    70.806212
    1.702500     22.409551    69.472122
    1.710000     22.699573    69.309281
    1.717500     22.756120    69.749065
    1.725000     22.504812    70.832828
    1.732500     22.249776    71.684754
    1.740000     22.128291    71.532574
    1.747500     22.148205    70.734006
    1.755000     22.327234    70.040502
    1.762500     22.584417    69.747195
    1.770000     22.712818    70.211178
    1.777500     22.477910    72.496269
    1.785000     22.104380    74.744966
    1.792500     22.073536    77.260128
    1.800000     22.409050    81.985079
