#! FIELDS cyl.z file.free uncertainty
#! SET sample_size 89997
#! SET effective_sample_size 147.507
#! SET fundeltaF 20.0994
#! SET blocks_num 3
#! SET blocks_effective_num 1.47781
#! SET min_cyl.z 0.3
#! SET max_cyl.z 1.8
#! SET nbins_cyl.z 201
#! SET periodic_cyl.z false
    0.300000    175.913701     1.809277
    0.307500    157.304234     1.809276
    0.315000    140.016415     1.809275
    0.322500    123.981573     1.809270
    0.330000    109.044933     1.809254
    0.337500     94.993107     1.809211
    0.345000     81.733688     1.809120
    0.352500     69.410130     1.808950
    0.360000     58.239032     1.808612
    0.367500     48.361843     1.807800
    0.375000     39.842846     1.805419
    0.382500     32.703716     1.797195
    0.390000     26.939944     1.765901
    0.397500     22.508762     1.643045
    0.405000     19.262172     1.191662
    0.412500     16.794947     0.304207
    0.420000     14.507739     2.037194
    0.427500     12.301519     3.012407
    0.435000     10.492975     2.707571
    0.442500      9.096417     1.607774
    0.450000      7.899208     0.591084
    0.457500      6.858994     0.449443
    0.465000      6.067529     0.753305
    0.472500      5.477005     1.112247
    0.480000      4.941837     1.468058
    0.487500      4.301488     1.792096
    0.495000      3.408096     1.723699
    0.502500      2.377852     1.229518
    0.510000      1.474186     0.699903
    0.517500      0.779742     0.283346
    0.525000      0.278299     0.173943
    0.532500      0.000000     0.482734
    0.540000      0.023337     0.687558
    0.547500      0.441439     0.716766
    0.555000      1.307530     0.634224
    0.562500      2.660876     0.533916
    0.570000      4.570844     0.394559
    0.577500      6.988420     0.338129
    0.585000      9.531960     1.002765
    0.592500     11.641024     2.044694
    0.600000     13.014672     3.047215
    0.607500     13.943901     4.181177
    0.615000     14.961349     4.967242
    0.622500     16.119054     5.074630
    0.630000     17.242309     4.994246
    0.637500     18.221221     4.643053
    0.645000     18.823575     4.012994
    0.652500     19.138694     4.280050
    0.660000     19.666423     5.219850
    0.667500     20.633827     6.188226
    0.675000     21.804749     7.266219
    0.682500     22.623875     8.999062
    0.690000     22.970262    11.584007
    0.697500     23.237232    14.827142
    0.705000     23.384973    16.136781
    0.712500     23.015031    13.152220
    0.720000     22.436394    10.497629
    0.727500     22.187260    10.271148
    0.735000     22.109722    11.788195
    0.742500     21.653980    12.662910
    0.750000     21.046904    12.093154
    0.757500     20.861480    12.107988
    0.765000     21.039553    13.417581
    0.772500     21.043526    15.220381
    0.780000     20.712801    16.378175
    0.787500     20.264164    16.385158
    0.795000     19.740309    15.242868
    0.802500     19.279598    14.245439
    0.810000     19.067383    13.958974
    0.817500     19.073284    14.168938
    0.825000     19.151472    14.901519
    0.832500     19.284882    16.355703
    0.840000     19.577631    18.619037
    0.847500     19.980869    21.076352
    0.855000     20.251169    22.303856
    0.862500     20.398497    22.535839
    0.870000     20.652802    22.998572
    0.877500     20.961100    23.108177
    0.885000     21.107674    21.978393
    0.892500     21.132115    20.778311
    0.900000     21.159518    20.750788
    0.907500     21.084401    21.069786
    0.915000     20.864426    20.324171
    0.922500     20.717975    19.125612
    0.930000     20.720880    18.297089
    0.937500     20.737079    17.624154
    0.945000     20.727457    16.920451
    0.952500     20.741163    16.021633
    0.960000     20.722763    14.427185
    0.967500     20.639611    12.473885
    0.975000     20.606763    11.053916
    0.982500     20.736033    10.354113
    0.990000     21.029663    10.212566
    0.997500     21.443245    10.810177
    1.005000     21.966596    12.419993
    1.012500     22.535348    14.421350
    1.020000     23.022112    15.527425
    1.027500     23.410760    15.737109
    1.035000     23.728812    15.910612
    1.042500     23.964249    16.046263
    1.050000     24.195323    15.842985
    1.057500     24.548119    15.580823
    1.065000     25.048521    15.647491
    1.072500     25.626467    16.173726
    1.080000     26.171297    17.154872
    1.087500     26.600939    18.374449
    1.095000     26.953699    19.422564
    1.102500     27.331904    20.066021
    1.110000     27.731878    20.298884
    1.117500     28.097210    20.328016
    1.125000     28.471973    20.422263
    1.132500     28.888004    20.693539
    1.140000     29.287697    20.947724
    1.147500     29.647762    20.907163
    1.155000     30.004608    20.974705
    1.162500     30.397923    21.774885
    1.170000     30.830027    23.095494
    1.177500     31.225961    24.238778
    1.185000     31.513381    25.036947
    1.192500     31.717209    25.385166
    1.200000     31.930786    24.925502
    1.207500     32.236593    24.102937
    1.215000     32.611014    23.964746
    1.222500     32.948271    24.616993
    1.230000     33.193231    25.227184
    1.237500     33.375403    25.406193
    1.245000     33.574430    25.180530
    1.252500     33.795581    25.019832
    1.260000     33.853766    26.023083
    1.267500     33.674914    27.930478
    1.275000     33.506864    28.965087
    1.282500     33.533191    28.736196
    1.290000     33.649022    28.624720
    1.297500     33.670554    29.800716
    1.305000     33.592250    31.041119
    1.312500     33.479564    30.810944
    1.320000     33.383622    29.192973
    1.327500     33.364695    26.742138
    1.335000     33.430216    24.538876
    1.342500     33.590393    23.988113
    1.350000     33.807762    25.011383
    1.357500     33.857279    27.531436
    1.365000     33.560564    31.503812
    1.372500     33.164294    34.735437
    1.380000     32.974674    36.229831
    1.387500     32.909250    36.894805
    1.395000     32.756155    37.351641
    1.402500     32.619332    36.975948
    1.410000     32.688860    35.249496
    1.417500     32.891211    32.810812
    1.425000     33.008985    31.350449
    1.432500     32.985945    31.171259
    1.440000     32.888604    31.634863
    1.447500     32.791652    32.922473
    1.455000     32.821573    34.287335
    1.462500     33.046498    34.653439
    1.470000     33.373111    33.959458
    1.477500     33.622742    33.142627
    1.485000     33.711078    33.044632
    1.492500     33.652695    33.067798
    1.500000     33.486676    32.391625
    1.507500     33.326460    31.371766
    1.515000     33.260999    30.770954
    1.522500     33.318413    30.884379
    1.530000     33.451513    31.845026
    1.537500     33.450022    33.808751
    1.545000     33.243804    35.890345
    1.552500     33.032200    37.015771
    1.560000     32.923160    37.471271
    1.567500     32.931653    38.130618
    1.575000     33.084913    38.499110
    1.582500     33.370278    37.457683
    1.590000     33.704234    35.693811
    1.597500     33.898175    34.779933
    1.605000     33.826596    34.706671
    1.612500     33.676980    34.805310
    1.620000     33.638151    35.100544
    1.627500     33.689295    35.490645
    1.635000     33.787721    35.169291
    1.642500     33.910915    33.828657
    1.650000     33.970160    32.397837
    1.657500     33.940035    31.736181
    1.665000     33.939463    31.870081
    1.672500     33.961610    31.956008
    1.680000     33.834576    31.184870
    1.687500     33.641336    30.609074
    1.695000     33.617885    30.788268
    1.702500     33.766880    30.787376
    1.710000     33.978509    30.126684
    1.717500     34.183896    28.940649
    1.725000     34.232708    27.242245
    1.732500     34.036559    25.955122
    1.740000     33.824964    26.182397
    1.747500     33.844784    27.534926
    1.755000     34.005952    28.825068
    1.762500     34.048420    29.627855
    1.770000     33.972374    30.418519
    1.777500     33.939982    30.703537
    1.785000     33.949307    30.575539
    1.792500     33.952475    31.333469
    1.800000     34.057656    32.633927
