#! FIELDS cyl.z file.free uncertainty
#! SET sample_size 189999
#! SET effective_sample_size 302.805
#! SET fundeltaF 21.0251
#! SET blocks_num 3
#! SET blocks_effective_num 1.99402
#! SET min_cyl.z 0.3
#! SET max_cyl.z 1.8
#! SET nbins_cyl.z 201
#! SET periodic_cyl.z false
    0.300000    180.478461     3.793334
    0.307500    160.358207     3.784200
    0.315000    141.630179     3.766633
    0.322500    124.289063     3.738585
    0.330000    108.326036     3.698223
    0.337500     93.726265     3.645006
    0.345000     80.465091     3.581655
    0.352500     68.503551     3.516286
    0.360000     57.786678     3.461566
    0.367500     48.252106     3.427440
    0.375000     39.853690     3.413706
    0.382500     32.586251     3.412834
    0.390000     26.483610     3.412171
    0.397500     21.582891     3.384720
    0.405000     17.863756     3.277790
    0.412500     15.138882     3.020817
    0.420000     12.924770     2.621332
    0.427500     10.719130     2.179402
    0.435000      8.536319     1.611970
    0.442500      6.606979     0.931334
    0.450000      5.148532     0.407388
    0.457500      4.309074     0.388029
    0.465000      3.936378     0.866806
    0.472500      3.553978     1.288141
    0.480000      2.872526     1.293419
    0.487500      2.040378     1.012868
    0.495000      1.296557     0.685296
    0.502500      0.790055     0.429689
    0.510000      0.496173     0.242296
    0.517500      0.284486     0.145625
    0.525000      0.091878     0.220026
    0.532500      0.000000     0.377772
    0.540000      0.197580     0.567038
    0.547500      0.842900     0.715744
    0.555000      1.913924     0.777487
    0.562500      3.251692     0.787666
    0.570000      4.821156     0.790894
    0.577500      6.752171     0.767507
    0.585000      8.914027     0.684170
    0.592500     10.574581     0.613896
    0.600000     11.363626     0.795166
    0.607500     12.171532     0.921441
    0.615000     13.712838     0.862514
    0.622500     15.934842     1.137255
    0.630000     17.980284     1.802118
    0.637500     19.006341     1.312711
    0.645000     19.480816     0.962091
    0.652500     19.873585     1.646918
    0.660000     20.032747     2.617040
    0.667500     20.198099     2.971278
    0.675000     20.821282     2.796976
    0.682500     21.722454     2.816219
    0.690000     22.480741     3.178672
    0.697500     23.089153     3.022339
    0.705000     23.462253     2.672991
    0.712500     23.459167     2.807814
    0.720000     23.224533     3.304431
    0.727500     22.927007     3.605167
    0.735000     22.723369     3.441548
    0.742500     22.622665     3.099439
    0.750000     22.422152     3.002162
    0.757500     22.074520     3.056765
    0.765000     21.706398     3.073785
    0.772500     21.348304     3.035780
    0.780000     20.982540     2.930964
    0.787500     20.626338     2.843122
    0.795000     20.333833     2.814959
    0.802500     20.166548     2.855793
    0.810000     20.142257     3.008830
    0.817500     20.175395     3.222501
    0.825000     20.157696     3.286293
    0.832500     20.137789     3.217598
    0.840000     20.230807     3.224256
    0.847500     20.407802     3.313483
    0.855000     20.579867     3.363711
    0.862500     20.730642     3.435988
    0.870000     20.832959     3.682210
    0.877500     20.889082     4.021611
    0.885000     20.971025     4.276409
    0.892500     21.132784     4.355348
    0.900000     21.397472     4.283703
    0.907500     21.703485     4.158882
    0.915000     21.935092     4.085424
    0.922500     22.069673     4.117753
    0.930000     22.169229     4.168381
    0.937500     22.266653     4.150222
    0.945000     22.367448     4.104554
    0.952500     22.478242     4.083564
    0.960000     22.607726     4.090465
    0.967500     22.773426     4.139930
    0.975000     22.970399     4.247569
    0.982500     23.166718     4.346038
    0.990000     23.348097     4.331011
    0.997500     23.538072     4.202378
    1.005000     23.763744     4.087942
    1.012500     24.028734     4.098919
    1.020000     24.338142     4.185892
    1.027500     24.686151     4.209793
    1.035000     25.027346     4.133240
    1.042500     25.329684     4.066068
    1.050000     25.620183     4.044113
    1.057500     25.937127     3.989065
    1.065000     26.281892     3.927738
    1.072500     26.643094     3.920889
    1.080000     27.055182     3.908741
    1.087500     27.553971     3.832352
    1.095000     28.080569     3.723569
    1.102500     28.545573     3.663294
    1.110000     28.958931     3.703248
    1.117500     29.376080     3.830725
    1.125000     29.809262     3.976740
    1.132500     30.258453     4.062851
    1.140000     30.710508     4.069654
    1.147500     31.119515     4.032939
    1.155000     31.461425     4.009960
    1.162500     31.778776     4.013687
    1.170000     32.111292     4.018267
    1.177500     32.439731     4.010938
    1.185000     32.751595     4.019476
    1.192500     33.040808     4.069559
    1.200000     33.248093     4.088448
    1.207500     33.382467     4.018631
    1.215000     33.552614     3.986419
    1.222500     33.786439     4.111404
    1.230000     34.052141     4.337631
    1.237500     34.321444     4.493325
    1.245000     34.529295     4.467951
    1.252500     34.674896     4.346942
    1.260000     34.827508     4.311432
    1.267500     34.954599     4.422851
    1.275000     34.948750     4.590740
    1.282500     34.849757     4.699198
    1.290000     34.817616     4.654638
    1.297500     34.842937     4.429619
    1.305000     34.745900     4.198556
    1.312500     34.531138     4.149593
    1.320000     34.400472     4.192461
    1.327500     34.439422     4.236622
    1.335000     34.542349     4.374100
    1.342500     34.546577     4.593990
    1.350000     34.437209     4.683190
    1.357500     34.351434     4.564423
    1.365000     34.380826     4.332437
    1.372500     34.438279     4.150457
    1.380000     34.355493     4.181892
    1.387500     34.178749     4.368905
    1.395000     34.054770     4.472735
    1.402500     33.945408     4.436227
    1.410000     33.778292     4.432734
    1.417500     33.639534     4.552927
    1.425000     33.618674     4.724386
    1.432500     33.658854     4.875612
    1.440000     33.668254     4.996050
    1.447500     33.656886     5.114536
    1.455000     33.708087     5.247479
    1.462500     33.874924     5.372967
    1.470000     34.069653     5.445485
    1.477500     34.169848     5.410857
    1.485000     34.222057     5.265923
    1.492500     34.288464     5.028267
    1.500000     34.294594     4.764222
    1.507500     34.222551     4.667102
    1.515000     34.147874     4.817383
    1.522500     34.119791     4.946715
    1.530000     34.162883     4.856314
    1.537500     34.228796     4.819954
    1.545000     34.245186     5.037181
    1.552500     34.240468     5.311898
    1.560000     34.239649     5.493460
    1.567500     34.205670     5.581162
    1.575000     34.185585     5.597976
    1.582500     34.246358     5.613392
    1.590000     34.366934     5.716610
    1.597500     34.489586     5.857386
    1.605000     34.533795     5.868158
    1.612500     34.441357     5.714955
    1.620000     34.249921     5.511612
    1.627500     34.034360     5.364542
    1.635000     33.876679     5.350050
    1.642500     33.848186     5.435153
    1.650000     33.908877     5.476183
    1.657500     33.937136     5.346767
    1.665000     33.918134     5.111529
    1.672500     33.918180     5.009255
    1.680000     33.904737     5.165602
    1.687500     33.866490     5.373080
    1.695000     33.881744     5.396769
    1.702500     33.922901     5.299125
    1.710000     33.921870     5.279684
    1.717500     33.916555     5.379831
    1.725000     33.940426     5.427289
    1.732500     33.970847     5.295574
    1.740000     33.994350     5.078003
    1.747500     33.987402     4.925499
    1.755000     33.932189     4.886804
    1.762500     33.859212     4.898937
    1.770000     33.856356     4.928195
    1.777500     33.996475     5.054813
    1.785000     34.255634     5.283880
    1.792500     34.542612     5.462299
    1.800000     34.790752     5.506067
