#! FIELDS cyl.z file.free uncertainty
#! SET sample_size 189999
#! SET effective_sample_size 326.953
#! SET fundeltaF 17.2947
#! SET blocks_num 3
#! SET blocks_effective_num 2.08365
#! SET min_cyl.z 0.3
#! SET max_cyl.z 1.8
#! SET nbins_cyl.z 201
#! SET periodic_cyl.z false
    0.300000    176.970538     1.873225
    0.307500    158.353951     1.859517
    0.315000    141.050561     1.830574
    0.322500    124.984344     1.776677
    0.330000    109.995301     1.700455
    0.337500     95.882609     1.634757
    0.345000     82.582784     1.605160
    0.352500     70.248040     1.598901
    0.360000     59.080516     1.600594
    0.367500     49.207389     1.602310
    0.375000     40.684361     1.598410
    0.382500     33.525503     1.583223
    0.390000     27.713146     1.548416
    0.397500     23.175852     1.478084
    0.405000     19.714871     1.341642
    0.412500     16.921961     1.091220
    0.420000     14.401376     0.714660
    0.427500     12.179633     0.353262
    0.435000     10.397192     0.149858
    0.442500      8.935121     0.086928
    0.450000      7.609735     0.221991
    0.457500      6.431669     0.378821
    0.465000      5.465801     0.561968
    0.472500      4.680554     0.753146
    0.480000      4.007196     0.879331
    0.487500      3.331058     0.926340
    0.495000      2.547528     0.839255
    0.502500      1.727871     0.610889
    0.510000      1.005444     0.398332
    0.517500      0.438266     0.263441
    0.525000      0.082182     0.113901
    0.532500      0.000000     0.178153
    0.540000      0.226197     0.443846
    0.547500      0.802490     0.671544
    0.555000      1.769730     0.824728
    0.562500      3.165190     0.886576
    0.570000      5.038832     0.815331
    0.577500      7.316974     0.584198
    0.585000      9.605826     0.290032
    0.592500     11.389550     0.362045
    0.600000     12.499300     0.849027
    0.607500     13.070103     1.516225
    0.615000     13.423927     1.955103
    0.622500     13.902483     2.139002
    0.630000     14.644693     2.211444
    0.637500     15.537912     2.142298
    0.645000     16.433785     1.911910
    0.652500     17.286994     1.627494
    0.660000     18.080751     1.667267
    0.667500     18.834627     2.130972
    0.675000     19.483030     2.436251
    0.682500     19.868791     2.478146
    0.690000     20.079491     2.574469
    0.697500     20.296763     2.858196
    0.705000     20.462331     3.155314
    0.712500     20.428106     3.237199
    0.720000     20.357189     3.066810
    0.727500     20.499509     2.727726
    0.735000     20.697066     2.441439
    0.742500     20.491208     2.214485
    0.750000     19.956877     2.054961
    0.757500     19.556601     2.183633
    0.765000     19.371748     2.523984
    0.772500     19.217487     2.751436
    0.780000     19.002455     2.794623
    0.787500     18.749336     2.760918
    0.795000     18.469860     2.613360
    0.802500     18.185639     2.445727
    0.810000     17.922745     2.472897
    0.817500     17.698686     2.657890
    0.825000     17.594157     2.766367
    0.832500     17.707390     2.754480
    0.840000     17.986212     2.784683
    0.847500     18.219542     2.926996
    0.855000     18.301776     3.075187
    0.862500     18.367971     3.166980
    0.870000     18.563812     3.148300
    0.877500     18.844913     3.000077
    0.885000     19.015558     2.840090
    0.892500     19.012246     2.782412
    0.900000     18.978228     2.796276
    0.907500     18.972219     2.759006
    0.915000     18.965094     2.628747
    0.922500     19.009757     2.510688
    0.930000     19.116208     2.454070
    0.937500     19.183785     2.391143
    0.945000     19.185142     2.310322
    0.952500     19.199205     2.244480
    0.960000     19.265681     2.152058
    0.967500     19.350592     2.015109
    0.975000     19.440873     1.898893
    0.982500     19.583523     1.850810
    0.990000     19.810010     1.880263
    0.997500     20.109551     2.004012
    1.005000     20.471523     2.212093
    1.012500     20.857579     2.408896
    1.020000     21.202254     2.501965
    1.027500     21.506114     2.513189
    1.035000     21.809150     2.485270
    1.042500     22.111184     2.425144
    1.050000     22.413272     2.369205
    1.057500     22.754204     2.367244
    1.065000     23.153232     2.422828
    1.072500     23.584830     2.505379
    1.080000     24.025312     2.601699
    1.087500     24.453516     2.693051
    1.095000     24.835022     2.730327
    1.102500     25.185840     2.718936
    1.110000     25.548086     2.690405
    1.117500     25.937568     2.640221
    1.125000     26.371375     2.603809
    1.132500     26.813829     2.640016
    1.140000     27.188727     2.720640
    1.147500     27.528479     2.765530
    1.155000     27.919073     2.788072
    1.162500     28.351517     2.828340
    1.170000     28.752876     2.857210
    1.177500     29.067780     2.878974
    1.185000     29.294199     2.959312
    1.192500     29.498401     3.093824
    1.200000     29.745820     3.215042
    1.207500     30.049112     3.294156
    1.215000     30.372954     3.351663
    1.222500     30.678304     3.382186
    1.230000     30.975510     3.378759
    1.237500     31.262901     3.350707
    1.245000     31.485557     3.298009
    1.252500     31.590375     3.285305
    1.260000     31.572020     3.402419
    1.267500     31.485152     3.602509
    1.275000     31.440750     3.700580
    1.282500     31.491883     3.634342
    1.290000     31.519843     3.550486
    1.297500     31.417695     3.504852
    1.305000     31.268120     3.425075
    1.312500     31.202111     3.342256
    1.320000     31.243789     3.260073
    1.327500     31.296129     3.101661
    1.335000     31.252484     2.959397
    1.342500     31.152695     3.000002
    1.350000     31.094989     3.147717
    1.357500     31.040420     3.250182
    1.365000     30.888851     3.311405
    1.372500     30.718309     3.374638
    1.380000     30.662196     3.419380
    1.387500     30.652540     3.440116
    1.395000     30.574231     3.445150
    1.402500     30.486801     3.471020
    1.410000     30.464975     3.544159
    1.417500     30.463139     3.591214
    1.425000     30.440740     3.549464
    1.432500     30.450674     3.445828
    1.440000     30.524181     3.361278
    1.447500     30.625846     3.435431
    1.455000     30.715714     3.621870
    1.462500     30.788466     3.612688
    1.470000     30.866721     3.344973
    1.477500     30.946429     3.131347
    1.485000     31.028663     3.155473
    1.492500     31.129065     3.243381
    1.500000     31.193821     3.155265
    1.507500     31.182221     3.047116
    1.515000     31.137604     3.165210
    1.522500     31.125865     3.389719
    1.530000     31.173127     3.441198
    1.537500     31.171878     3.351607
    1.545000     31.046922     3.410621
    1.552500     30.887699     3.649578
    1.560000     30.764212     3.836263
    1.567500     30.704502     3.813414
    1.575000     30.712077     3.581834
    1.582500     30.769672     3.275673
    1.590000     30.908329     3.065893
    1.597500     31.085409     3.000568
    1.605000     31.156344     3.004870
    1.612500     31.124916     2.996021
    1.620000     31.149913     3.019979
    1.627500     31.253949     3.080650
    1.635000     31.276598     3.060703
    1.642500     31.148756     2.963414
    1.650000     30.988116     2.900672
    1.657500     30.883126     2.883409
    1.665000     30.815930     2.879157
    1.672500     30.779836     2.871540
    1.680000     30.808092     2.868294
    1.687500     30.883298     2.928796
    1.695000     30.900576     3.066572
    1.702500     30.794020     3.167459
    1.710000     30.691361     3.170685
    1.717500     30.727192     3.071718
    1.725000     30.801185     2.937331
    1.732500     30.728154     2.859703
    1.740000     30.536331     2.839838
    1.747500     30.384973     2.857855
    1.755000     30.310876     2.904157
    1.762500     30.237675     2.968340
    1.770000     30.114969     3.056070
    1.777500     29.973924     3.114456
    1.785000     29.905357     3.078347
    1.792500     29.966997     3.008584
    1.800000     30.170090     2.990125
