#! FIELDS cyl.z file.free uncertainty
#! SET sample_size 14997
#! SET effective_sample_size 74.0712
#! SET fundeltaF 28.9124
#! SET blocks_num 3
#! SET blocks_effective_num 1.99641
#! SET min_cyl.z 0.3
#! SET max_cyl.z 1.8
#! SET nbins_cyl.z 201
#! SET periodic_cyl.z false
    0.300000    231.913628     2.380972
    0.307500    207.921096     2.380972
    0.315000    185.331541     2.380972
    0.322500    164.144896     2.380972
    0.330000    144.361037     2.380972
    0.337500    125.979747     2.380972
    0.345000    109.000638     2.380972
    0.352500     93.423021     2.380972
    0.360000     79.245670     2.380972
    0.367500     66.466408     2.380972
    0.375000     55.081370     2.380972
    0.382500     45.083676     2.380972
    0.390000     36.460940     2.380972
    0.397500     29.190117     2.380972
    0.405000     23.224975     2.380972
    0.412500     18.461313     2.380972
    0.420000     14.650677     2.380972
    0.427500     11.330482     2.380972
    0.435000      8.175305     2.380971
    0.442500      5.442720     2.380966
    0.450000      3.525876     2.380922
    0.457500      2.563560     2.380524
    0.465000      2.394666     2.376798
    0.472500      2.468452     2.346571
    0.480000      2.116720     2.204969
    0.487500      1.320901     1.886293
    0.495000      0.566203     1.483577
    0.502500      0.195519     1.077424
    0.510000      0.206037     0.526166
    0.517500      0.344910     0.367379
    0.525000      0.321607     1.220549
    0.532500      0.097305     1.562880
    0.540000      0.000000     1.638321
    0.547500      0.408914     1.749191
    0.555000      1.397336     1.939712
    0.562500      2.678911     2.111583
    0.570000      4.015201     2.073436
    0.577500      5.590436     1.678884
    0.585000      7.390178     0.850306
    0.592500      8.640180     1.591396
    0.600000      9.041863     2.482847
    0.607500      9.693428     2.891686
    0.615000     11.339666     4.100779
    0.622500     14.061298    10.986706
    0.630000     17.008368    38.617651
    0.637500     18.246247    60.385878
    0.645000     18.721557    54.009729
    0.652500     19.906774    47.886462
    0.660000     21.870081    53.690867
    0.667500     23.561527    81.696529
    0.675000     24.421433    96.449358
    0.682500     25.403132    80.222556
    0.690000     25.969625    35.574970
    0.697500     25.493406     8.341480
    0.705000     25.262206     4.175150
    0.712500     25.807486    11.882866
    0.720000     26.306638    54.386766
    0.727500     25.651152   100.019655
    0.735000     24.934182   104.646453
    0.742500     24.882541    84.744634
    0.750000     25.166610    54.794607
    0.757500     25.333332    43.311337
    0.765000     25.446464    49.257980
    0.772500     25.682187    45.150599
    0.780000     25.898631    25.298944
    0.787500     25.827382     9.806098
    0.795000     25.508664     9.611312
    0.802500     25.232089    17.159241
    0.810000     25.146659    22.597309
    0.817500     25.179389    20.583758
    0.825000     25.254991    15.347878
    0.832500     25.474454    13.370683
    0.840000     25.904496    14.802927
    0.847500     26.412061    15.480185
    0.855000     26.812797    13.642378
    0.862500     26.965048    14.992533
    0.870000     26.838660    21.834439
    0.877500     26.652799    25.774882
    0.885000     26.643277    21.157549
    0.892500     26.734406    12.338933
    0.900000     26.782134     8.904747
    0.907500     26.841341    14.643653
    0.915000     26.937363    24.337243
    0.922500     27.097303    28.925440
    0.930000     27.341580    27.106654
    0.937500     27.528507    23.432771
    0.945000     27.569581    19.302660
    0.952500     27.476540    14.858790
    0.960000     27.351670    12.091567
    0.967500     27.428116    11.666590
    0.975000     27.808959    12.970998
    0.982500     28.351461    15.801507
    0.990000     28.798437    19.734378
    0.997500     29.020162    21.963187
    1.005000     29.119519    21.162638
    1.012500     29.313353    20.183638
    1.020000     29.761060    21.335805
    1.027500     30.425006    23.970805
    1.035000     31.099862    25.478274
    1.042500     31.622983    25.410105
    1.050000     31.931404    25.337505
    1.057500     32.083461    24.526899
    1.065000     32.338130    23.353981
    1.072500     32.817795    22.644605
    1.080000     33.237958    19.915664
    1.087500     33.442136    15.980133
    1.095000     33.858067    16.081543
    1.102500     34.734996    20.494391
    1.110000     35.772315    24.377927
    1.117500     36.486809    23.029296
    1.125000     36.765750    18.295495
    1.132500     36.926597    13.340679
    1.140000     37.244740    10.370813
    1.147500     37.690633    11.546265
    1.155000     38.127766    17.828135
    1.162500     38.459434    25.534978
    1.170000     38.686588    27.558772
    1.177500     38.992645    23.754599
    1.185000     39.620152    20.431276
    1.192500     40.583663    21.660799
    1.200000     41.353168    27.231169
    1.207500     41.519345    32.372950
    1.215000     41.647706    35.089207
    1.222500     42.062192    36.261768
    1.230000     42.539204    37.850293
    1.237500     42.863702    42.028851
    1.245000     43.081821    49.046387
    1.252500     43.220586    60.105976
    1.260000     43.210236    69.746282
    1.267500     43.097543    68.152078
    1.275000     42.818299    58.990860
    1.282500     42.391432    57.550438
    1.290000     42.046555    67.161454
    1.297500     41.750961    82.889688
    1.305000     41.432794    96.282786
    1.312500     41.300117    98.536609
    1.320000     41.390272    90.156341
    1.327500     41.426970    83.297203
    1.335000     41.294973    87.455936
    1.342500     41.164260    97.862797
    1.350000     40.960843   112.607157
    1.357500     40.444608   128.927483
    1.365000     39.942528   137.669889
    1.372500     39.869317   138.144328
    1.380000     40.258913   132.179739
    1.387500     40.947271   120.749904
    1.395000     41.571795   107.540861
    1.402500     41.742561   103.251586
    1.410000     41.752972   108.049076
    1.417500     42.043728   109.169444
    1.425000     42.428848   103.892834
    1.432500     42.483003   102.526437
    1.440000     42.370570   101.316806
    1.447500     42.351811    89.307373
    1.455000     42.262840    72.744357
    1.462500     42.004018    74.128579
    1.470000     41.701506    95.642400
    1.477500     41.501623   116.420930
    1.485000     41.646267   124.606296
    1.492500     42.161071   119.286938
    1.500000     42.489049   102.591150
    1.507500     42.047122    92.703420
    1.515000     41.254180    95.125945
    1.522500     40.708823   101.828271
    1.530000     40.638713   107.961474
    1.537500     40.853322   108.977006
    1.545000     40.988049   104.297620
    1.552500     41.214365    99.865384
    1.560000     41.861413    94.463337
    1.567500     42.659684    81.159748
    1.575000     43.060557    68.599077
    1.582500     42.976161    70.900715
    1.590000     42.473613    75.625139
    1.597500     41.873008    73.009547
    1.605000     41.496395    71.632023
    1.612500     41.380576    78.571117
    1.620000     41.410447    94.638246
    1.627500     41.349594   114.595068
    1.635000     41.268711   125.329975
    1.642500     41.526970   125.798570
    1.650000     42.180008   122.559203
    1.657500     42.817962   114.740177
    1.665000     42.659733    99.561973
    1.672500     41.794327    92.297643
    1.680000     41.080891    96.088712
    1.687500     40.859813   104.564946
    1.695000     40.997388   112.596898
    1.702500     41.194109   113.954041
    1.710000     41.270199   105.930880
    1.717500     41.221034    95.110035
    1.725000     41.170735    89.670391
    1.732500     41.199753    90.513399
    1.740000     41.222660    92.502923
    1.747500     41.283469    91.313899
    1.755000     41.541858    89.255978
    1.762500     41.758087    91.253600
    1.770000     41.518627    95.444620
    1.777500     41.128919    97.047226
    1.785000     41.034678    99.115215
    1.792500     41.270430   103.067863
    1.800000     41.727209   104.362473
