#! FIELDS cyl.z file.free uncertainty
#! SET sample_size 14997
#! SET effective_sample_size 67.6192
#! SET fundeltaF 23.9181
#! SET blocks_num 3
#! SET blocks_effective_num 1.14484
#! SET min_cyl.z 0.3
#! SET max_cyl.z 1.8
#! SET nbins_cyl.z 201
#! SET periodic_cyl.z false
    0.300000    190.367168     1.766940
    0.307500    170.022718     1.766940
    0.315000    151.081334     1.766939
    0.322500    133.543016     1.766935
    0.330000    117.407761     1.766920
    0.337500    102.675567     1.766852
    0.345000     89.346417     1.766559
    0.352500     77.420237     1.765275
    0.360000     66.896702     1.759613
    0.367500     57.774337     1.734993
    0.375000     50.046415     1.646496
    0.382500     43.682123     1.944375
    0.390000     38.546348     8.100774
    0.397500     34.171936    32.199267
    0.405000     29.831313    72.645163
    0.412500     25.658913   100.237185
    0.420000     22.344139   112.379871
    0.427500     20.160880   115.277254
    0.435000     18.996224   106.306306
    0.442500     18.254885    77.719411
    0.450000     17.029811    45.686585
    0.457500     15.262622    31.872278
    0.465000     13.038330    23.963455
    0.472500     10.382236    17.445685
    0.480000      7.823296    12.573168
    0.487500      5.660578     8.107286
    0.495000      3.920982     4.443055
    0.502500      2.608118     2.338423
    0.510000      1.618004     1.394359
    0.517500      0.806345     0.734776
    0.525000      0.227256     0.157488
    0.532500      0.000000     0.655113
    0.540000      0.160443     1.052423
    0.547500      0.735332     1.205823
    0.555000      1.681721     1.190849
    0.562500      2.601393     1.186977
    0.570000      3.026860     1.349644
    0.577500      3.407496     1.527189
    0.585000      4.449990     1.619089
    0.592500      6.478799     1.626362
    0.600000      9.589051     1.487376
    0.607500     13.737222     1.584584
    0.615000     18.526561    11.421471
    0.622500     22.111343    40.266156
    0.630000     23.255750    37.922458
    0.637500     23.972229    26.934512
    0.645000     25.040669    24.927213
    0.652500     26.153155    27.998381
    0.660000     27.008061    32.724738
    0.667500     27.920100    34.652755
    0.675000     28.806695    30.289461
    0.682500     29.137003    21.534916
    0.690000     29.255679    18.588717
    0.697500     29.860615    17.241972
    0.705000     30.916216    12.280577
    0.712500     31.542864     4.743516
    0.720000     31.075700     0.669068
    0.727500     29.726982     0.788067
    0.735000     28.425891     1.972993
    0.742500     27.964719     7.330954
    0.750000     28.381013    26.132599
    0.757500     29.081016    64.229164
    0.765000     29.486958    89.425401
    0.772500     29.598259    78.354406
    0.780000     29.281144    51.411677
    0.787500     28.674439    35.879009
    0.795000     28.165964    38.421367
    0.802500     27.745738    56.899448
    0.810000     27.376547    77.310649
    0.817500     27.211647    81.431661
    0.825000     27.150838    63.651028
    0.832500     26.954708    40.659208
    0.840000     26.840813    29.031117
    0.847500     27.085819    25.319884
    0.855000     27.561824    25.867662
    0.862500     27.985502    30.632684
    0.870000     28.274869    36.503067
    0.877500     28.435478    39.309961
    0.885000     28.450778    41.757385
    0.892500     28.366194    47.604842
    0.900000     28.219609    52.006733
    0.907500     28.119810    51.496785
    0.915000     28.132433    51.153511
    0.922500     28.166661    55.971937
    0.930000     28.105524    63.551093
    0.937500     27.983697    68.602172
    0.945000     27.957048    69.885784
    0.952500     28.051680    71.008282
    0.960000     28.165287    76.773429
    0.967500     28.247250    84.427360
    0.975000     28.329772    86.542272
    0.982500     28.452042    82.875318
    0.990000     28.616917    80.531127
    0.997500     28.795513    81.798178
    1.005000     28.995896    81.331122
    1.012500     29.272262    79.491766
    1.020000     29.598692    81.473140
    1.027500     29.932408    85.071804
    1.035000     30.304349    82.430428
    1.042500     30.618456    73.615575
    1.050000     30.772081    71.472396
    1.057500     31.005430    81.309248
    1.065000     31.597614    92.336477
    1.072500     32.540976    91.774741
    1.080000     33.560686    77.691757
    1.087500     34.312356    67.197337
    1.095000     34.638618    73.291700
    1.102500     34.674982    83.201977
    1.110000     34.807492    82.581395
    1.117500     35.240426    72.474657
    1.125000     35.779651    63.859272
    1.132500     36.194576    64.864210
    1.140000     36.633833    68.479082
    1.147500     37.230289    68.192630
    1.155000     37.843963    64.729489
    1.162500     38.420162    60.361466
    1.170000     39.042813    56.111926
    1.177500     39.570948    53.821559
    1.185000     39.665015    59.083990
    1.192500     39.229495    67.687485
    1.200000     38.590994    65.909477
    1.207500     38.245908    59.894602
    1.215000     38.438537    59.967740
    1.222500     39.107139    63.868075
    1.230000     40.052772    62.968999
    1.237500     40.868144    55.657795
    1.245000     40.898472    45.670630
    1.252500     40.451838    38.714492
    1.260000     40.344799    37.028659
    1.267500     40.650630    41.207240
    1.275000     40.853420    48.620377
    1.282500     40.707862    53.683190
    1.290000     40.499858    57.059983
    1.297500     40.369001    57.158468
    1.305000     40.300398    55.194150
    1.312500     40.003349    53.822245
    1.320000     39.137634    49.340310
    1.327500     38.184147    46.326798
    1.335000     37.686100    53.616412
    1.342500     37.681644    73.658625
    1.350000     37.924595    99.469818
    1.357500     38.076993   120.264529
    1.365000     37.977451   128.697673
    1.372500     37.732648   127.125261
    1.380000     37.548872   122.144220
    1.387500     37.656809   111.503252
    1.395000     37.869869    90.686391
    1.402500     37.734778    74.901523
    1.410000     37.438988    77.303176
    1.417500     37.231901    90.086170
    1.425000     36.994964   102.891818
    1.432500     36.844579   108.297245
    1.440000     37.066405   102.791737
    1.447500     37.539412    82.320944
    1.455000     37.883132    58.663113
    1.462500     38.055724    54.823109
    1.470000     38.201020    70.239176
    1.477500     38.197910    88.661254
    1.485000     37.670178    99.547394
    1.492500     36.807956   105.919966
    1.500000     36.212195   104.430037
    1.507500     36.102617    93.806386
    1.515000     36.364793    83.960254
    1.522500     36.766149    88.131114
    1.530000     37.145695   105.012252
    1.537500     37.407075   119.648391
    1.545000     37.473807   120.734233
    1.552500     37.436425   104.493945
    1.560000     37.395345    81.537716
    1.567500     37.437381    72.694297
    1.575000     37.621208    83.491750
    1.582500     37.727571   105.574107
    1.590000     37.498321   125.054928
    1.597500     37.211038   132.990376
    1.605000     37.292733   131.375079
    1.612500     37.806174   124.518989
    1.620000     38.513428   118.083499
    1.627500     39.152949   113.960923
    1.635000     39.390022   101.121435
    1.642500     38.874843    77.742647
    1.650000     38.054306    61.530638
    1.657500     37.631391    54.201772
    1.665000     37.811582    50.713856
    1.672500     38.151878    50.052093
    1.680000     37.932116    54.226956
    1.687500     37.451561    59.986122
    1.695000     37.189523    59.584653
    1.702500     37.024887    50.106245
    1.710000     36.842517    39.425190
    1.717500     36.752840    33.077425
    1.725000     36.841581    30.291191
    1.732500     37.119677    28.645519
    1.740000     37.450808    26.261934
    1.747500     37.671259    25.164061
    1.755000     37.809296    28.422304
    1.762500     37.971069    36.186059
    1.770000     38.154013    46.260598
    1.777500     38.170927    50.384308
    1.785000     37.970870    43.376775
    1.792500     37.870510    36.321253
    1.800000     38.178388    39.497730
