#! FIELDS cyl.z file.free uncertainty
#! SET sample_size 189999
#! SET effective_sample_size 304.488
#! SET fundeltaF 19.7472
#! SET blocks_num 3
#! SET blocks_effective_num 1.64978
#! SET min_cyl.z 0.3
#! SET max_cyl.z 1.8
#! SET nbins_cyl.z 201
#! SET periodic_cyl.z false
    0.300000    193.625408     5.244578
    0.307500    173.144442     5.238211
    0.315000    153.984367     5.354786
    0.322500    136.156768     5.594492
    0.330000    119.666425     5.940015
    0.337500    104.514814     6.349579
    0.345000     90.701627     6.767133
    0.352500     78.224342     7.132330
    0.360000     67.075171     7.381241
    0.367500     57.232807     7.430047
    0.375000     48.642533     7.131788
    0.382500     41.177464     6.233159
    0.390000     34.609730     4.552989
    0.397500     28.716998     2.564330
    0.405000     23.505788     1.239786
    0.412500     19.164512     0.911076
    0.420000     15.820880     0.982867
    0.427500     13.453071     1.058394
    0.435000     11.897732     1.076922
    0.442500     10.840904     1.047342
    0.450000      9.759381     1.058158
    0.457500      8.175097     1.007736
    0.465000      6.381308     0.937811
    0.472500      4.850991     0.942158
    0.480000      3.581060     0.974061
    0.487500      2.468335     0.976795
    0.495000      1.543780     0.901011
    0.502500      0.815494     0.768404
    0.510000      0.281899     0.594933
    0.517500      0.000000     0.333987
    0.525000      0.001951     0.019249
    0.532500      0.252575     0.337303
    0.540000      0.764786     0.600158
    0.547500      1.615024     0.847957
    0.555000      2.747850     1.086088
    0.562500      3.926607     1.447713
    0.570000      4.992647     2.263411
    0.577500      6.075561     3.284059
    0.585000      7.505332     3.902578
    0.592500      9.524335     3.848013
    0.600000     11.954778     2.877723
    0.607500     14.143192     1.454047
    0.615000     15.692568     1.235623
    0.622500     16.558199     1.292116
    0.630000     16.634201     0.869598
    0.637500     16.437112     0.704761
    0.645000     16.735569     0.527287
    0.652500     17.738738     0.318856
    0.660000     19.075682     0.775196
    0.667500     20.053700     1.276706
    0.675000     20.630352     1.561947
    0.682500     21.311617     1.940447
    0.690000     22.062795     2.608825
    0.697500     22.427473     3.066599
    0.705000     22.433853     3.012986
    0.712500     22.496755     2.981786
    0.720000     22.660072     3.350388
    0.727500     22.719523     4.075191
    0.735000     22.599608     4.585350
    0.742500     22.421329     4.754663
    0.750000     22.306022     4.990139
    0.757500     22.220845     5.306119
    0.765000     22.123055     5.544164
    0.772500     21.991608     5.864184
    0.780000     21.773577     6.278184
    0.787500     21.486618     6.424445
    0.795000     21.153632     6.013865
    0.802500     20.788051     5.465424
    0.810000     20.508345     5.354710
    0.817500     20.428685     5.685418
    0.825000     20.532196     6.122253
    0.832500     20.671487     6.323618
    0.840000     20.677269     6.282501
    0.847500     20.607158     6.271674
    0.855000     20.646920     6.396175
    0.862500     20.762650     6.583289
    0.870000     20.824959     6.749905
    0.877500     20.897142     6.971340
    0.885000     21.055823     7.311710
    0.892500     21.227691     7.676742
    0.900000     21.370570     8.011398
    0.907500     21.513423     8.315091
    0.915000     21.607625     8.528563
    0.922500     21.619282     8.606789
    0.930000     21.627707     8.521676
    0.937500     21.690446     8.334339
    0.945000     21.820000     8.248980
    0.952500     22.021727     8.390387
    0.960000     22.232098     8.621733
    0.967500     22.367957     8.811610
    0.975000     22.461992     8.959247
    0.982500     22.620547     8.961375
    0.990000     22.885406     8.763154
    0.997500     23.203471     8.505639
    1.005000     23.501340     8.362758
    1.012500     23.762509     8.404414
    1.020000     24.029773     8.582038
    1.027500     24.343922     8.778846
    1.035000     24.702807     8.884508
    1.042500     25.072427     8.863568
    1.050000     25.422575     8.777350
    1.057500     25.754741     8.730559
    1.065000     26.087663     8.826730
    1.072500     26.434728     9.040008
    1.080000     26.812042     9.210442
    1.087500     27.214360     9.291778
    1.095000     27.603866     9.322837
    1.102500     27.980098     9.226933
    1.110000     28.404582     8.986734
    1.117500     28.888579     8.821593
    1.125000     29.351162     8.926444
    1.132500     29.770545     9.192078
    1.140000     30.218255     9.385275
    1.147500     30.688508     9.403765
    1.155000     31.118491     9.347963
    1.162500     31.521524     9.410631
    1.170000     31.914007     9.616051
    1.177500     32.277923     9.705802
    1.185000     32.625092     9.495010
    1.192500     32.995164     9.138039
    1.200000     33.394128     8.882308
    1.207500     33.739842     8.860896
    1.215000     33.951033     8.982212
    1.222500     34.092932     9.089638
    1.230000     34.295484     9.182327
    1.237500     34.551478     9.134590
    1.245000     34.735099     8.700133
    1.252500     34.799715     8.056725
    1.260000     34.822478     7.602168
    1.267500     34.865747     7.192937
    1.275000     34.910548     6.626661
    1.282500     34.922547     6.261882
    1.290000     34.906028     6.410057
    1.297500     34.832464     6.931871
    1.305000     34.656126     7.378726
    1.312500     34.449492     7.487235
    1.320000     34.334330     7.384937
    1.327500     34.352331     7.196515
    1.335000     34.428095     6.966161
    1.342500     34.409899     6.779058
    1.350000     34.278703     6.854709
    1.357500     34.187631     7.324570
    1.365000     34.184113     8.018994
    1.372500     34.124123     8.375802
    1.380000     33.916718     7.924680
    1.387500     33.708230     7.229919
    1.395000     33.649588     7.037723
    1.402500     33.701709     7.361954
    1.410000     33.746708     7.769470
    1.417500     33.766194     7.784691
    1.425000     33.798579     7.170937
    1.432500     33.786728     6.391491
    1.440000     33.675701     6.284140
    1.447500     33.545351     6.758003
    1.455000     33.494756     7.268088
    1.462500     33.545154     7.754021
    1.470000     33.653046     8.122704
    1.477500     33.740665     8.150128
    1.485000     33.734016     7.954629
    1.492500     33.649215     7.719130
    1.500000     33.565096     7.463153
    1.507500     33.521225     7.198759
    1.515000     33.474515     6.967810
    1.522500     33.359429     6.815358
    1.530000     33.219974     6.727970
    1.537500     33.143664     6.660176
    1.545000     33.188033     6.626838
    1.552500     33.369540     6.660519
    1.560000     33.604701     6.762401
    1.567500     33.745860     6.898227
    1.575000     33.706011     7.077394
    1.582500     33.541048     7.308890
    1.590000     33.366957     7.323929
    1.597500     33.263027     6.940853
    1.605000     33.230968     6.472531
    1.612500     33.211607     6.303686
    1.620000     33.140010     6.223852
    1.627500     32.995992     5.821280
    1.635000     32.878848     5.448485
    1.642500     32.889239     5.649719
    1.650000     32.970056     6.186542
    1.657500     33.044465     6.380434
    1.665000     33.094111     6.062160
    1.672500     33.053180     5.567039
    1.680000     32.955855     5.428985
    1.687500     32.926230     5.849057
    1.695000     32.959157     6.403746
    1.702500     33.005201     6.559203
    1.710000     33.046087     6.435096
    1.717500     33.052387     6.385296
    1.725000     33.038799     6.351251
    1.732500     33.019547     6.344216
    1.740000     32.980215     6.605582
    1.747500     32.966289     7.150300
    1.755000     33.000386     7.716516
    1.762500     33.020202     8.077953
    1.770000     33.034832     8.345567
    1.777500     33.115189     8.551711
    1.785000     33.214388     8.432733
    1.792500     33.270485     8.073551
    1.800000     33.402367     7.798853
