#! FIELDS cyl.z file.free uncertainty
#! SET sample_size 89997
#! SET effective_sample_size 162.766
#! SET fundeltaF 23.6119
#! SET blocks_num 3
#! SET blocks_effective_num 2.04956
#! SET min_cyl.z 0.3
#! SET max_cyl.z 1.8
#! SET nbins_cyl.z 201
#! SET periodic_cyl.z false
    0.300000    228.753267     2.519432
    0.307500    206.438500     1.983879
    0.315000    185.233698     1.191828
    0.322500    165.062990     0.469189
    0.330000    145.926235     0.868867
    0.337500    127.907531     1.409404
    0.345000    111.113994     1.733442
    0.352500     95.626448     1.901588
    0.360000     81.491604     1.983414
    0.367500     68.732076     2.021943
    0.375000     57.356031     2.039617
    0.382500     47.362240     2.047307
    0.390000     38.740877     2.050017
    0.397500     31.469944     2.049799
    0.405000     25.503422     2.047076
    0.412500     20.736789     2.041221
    0.420000     16.921359     2.031888
    0.427500     13.596595     2.023405
    0.435000     10.440585     2.022474
    0.442500      7.709213     2.025251
    0.450000      5.791599     2.024602
    0.457500      4.821421     2.013554
    0.465000      4.622518     1.976754
    0.472500      4.608927     1.897633
    0.480000      4.094068     1.775423
    0.487500      3.094154     1.565925
    0.495000      2.093920     1.232568
    0.502500      1.377405     0.739773
    0.510000      0.905242     0.137983
    0.517500      0.533205     0.398493
    0.525000      0.210418     0.685463
    0.532500      0.000000     0.730837
    0.540000      0.083063     0.636867
    0.547500      0.647582     0.545740
    0.555000      1.687346     0.534774
    0.562500      3.020518     0.533337
    0.570000      4.594660     0.391738
    0.577500      6.568998     0.275170
    0.585000      8.823633     0.686100
    0.592500     10.495811     1.292555
    0.600000     11.152582     1.733616
    0.607500     11.897707     1.910384
    0.615000     13.559163     1.945701
    0.622500     16.247764     1.907559
    0.630000     19.084741     1.840171
    0.637500     20.185598     1.964958
    0.645000     20.579374     2.132260
    0.652500     21.659329     2.263680
    0.660000     23.381350     2.497398
    0.667500     24.644520     3.107824
    0.675000     24.977791     4.210448
    0.682500     25.129927     5.813543
    0.690000     25.164944     6.796969
    0.697500     24.974813     6.479251
    0.705000     24.677374     6.258257
    0.712500     24.486820     6.845306
    0.720000     24.460387     7.337925
    0.727500     24.362933     7.036848
    0.735000     24.086061     6.897414
    0.742500     23.787619     7.695037
    0.750000     23.442550     8.830158
    0.757500     23.014742     9.462422
    0.765000     22.649524     9.597181
    0.772500     22.306305     9.772319
    0.780000     21.849882    10.171545
    0.787500     21.365414    10.538520
    0.795000     20.998479    10.723493
    0.802500     20.841180    10.668560
    0.810000     20.936326    10.278997
    0.817500     21.125955     9.581293
    0.825000     21.147978     8.953459
    0.832500     21.101609     8.646834
    0.840000     21.249975     8.529148
    0.847500     21.540196     8.536306
    0.855000     21.778371     8.509964
    0.862500     21.995625     8.169104
    0.870000     22.276174     7.547427
    0.877500     22.595171     7.011674
    0.885000     22.912675     6.822241
    0.892500     23.170390     6.897478
    0.900000     23.408098     6.838590
    0.907500     23.684773     6.384303
    0.915000     23.939033     5.758908
    0.922500     24.128543     5.330352
    0.930000     24.257342     5.112996
    0.937500     24.337563     4.910443
    0.945000     24.417740     4.705048
    0.952500     24.523062     4.582674
    0.960000     24.661672     4.532489
    0.967500     24.873793     4.554769
    0.975000     25.157873     4.681908
    0.982500     25.420115     4.833159
    0.990000     25.578092     4.897627
    0.997500     25.678455     4.917260
    1.005000     25.857610     4.929949
    1.012500     26.193835     4.928089
    1.020000     26.644477     5.004995
    1.027500     27.102196     5.187384
    1.035000     27.476171     5.385058
    1.042500     27.783016     5.602347
    1.050000     28.087264     5.815734
    1.057500     28.377522     5.956873
    1.065000     28.657467     6.121184
    1.072500     28.953932     6.432483
    1.080000     29.287511     6.700545
    1.087500     29.701895     6.649495
    1.095000     30.160668     6.491839
    1.102500     30.597134     6.584530
    1.110000     31.043351     6.752685
    1.117500     31.539648     6.719502
    1.125000     32.063408     6.564268
    1.132500     32.583062     6.519224
    1.140000     33.062095     6.641719
    1.147500     33.464860     6.717182
    1.155000     33.830955     6.503884
    1.162500     34.214657     6.009519
    1.170000     34.583184     5.510305
    1.177500     34.867626     5.380324
    1.185000     35.115842     5.662365
    1.192500     35.408470     6.103949
    1.200000     35.689384     6.547906
    1.207500     35.906973     6.916636
    1.215000     36.129668     7.147493
    1.222500     36.400670     7.273085
    1.230000     36.736052     7.302299
    1.237500     37.085062     7.021883
    1.245000     37.272290     6.391923
    1.252500     37.333361     5.839336
    1.260000     37.495605     5.569839
    1.267500     37.740810     5.505466
    1.275000     37.808976     5.562437
    1.282500     37.637728     5.778608
    1.290000     37.410507     6.131640
    1.297500     37.145566     6.366218
    1.305000     36.841113     6.332074
    1.312500     36.676155     6.090280
    1.320000     36.708017     5.674379
    1.327500     36.825860     5.167102
    1.335000     36.960149     4.645097
    1.342500     37.024748     4.280930
    1.350000     36.932159     4.294293
    1.357500     36.769591     4.427396
    1.365000     36.648178     4.317072
    1.372500     36.559275     4.027200
    1.380000     36.489224     3.811759
    1.387500     36.474196     3.915847
    1.395000     36.412939     4.541228
    1.402500     36.137433     5.333815
    1.410000     35.790481     5.736010
    1.417500     35.645984     5.821262
    1.425000     35.782343     5.783161
    1.432500     36.065651     5.565320
    1.440000     36.278450     5.222463
    1.447500     36.348669     5.116711
    1.455000     36.411537     5.347098
    1.462500     36.592218     5.811632
    1.470000     36.809050     6.265263
    1.477500     36.952457     6.268497
    1.485000     37.097372     5.867254
    1.492500     37.207621     5.619917
    1.500000     37.102286     5.891290
    1.507500     36.904725     6.274320
    1.515000     36.825665     6.230309
    1.522500     36.805893     5.742218
    1.530000     36.809074     5.414263
    1.537500     36.923986     5.675393
    1.545000     37.090133     6.158623
    1.552500     37.204096     6.219392
    1.560000     37.260490     6.093844
    1.567500     37.266018     6.357595
    1.575000     37.332060     6.851874
    1.582500     37.545573     7.181004
    1.590000     37.763507     7.096338
    1.597500     37.823563     6.592888
    1.605000     37.704878     6.394054
    1.612500     37.425457     7.030412
    1.620000     37.037807     7.800800
    1.627500     36.683741     7.777428
    1.635000     36.549469     7.021232
    1.642500     36.691318     6.296775
    1.650000     36.933831     6.177781
    1.657500     36.965736     6.414025
    1.665000     36.762879     6.355254
    1.672500     36.647407     5.971727
    1.680000     36.725258     5.542947
    1.687500     36.814454     5.213473
    1.695000     36.802268     5.094891
    1.702500     36.721818     5.366497
    1.710000     36.636804     5.904779
    1.717500     36.630318     6.184777
    1.725000     36.655087     5.833519
    1.732500     36.609692     5.195485
    1.740000     36.543202     4.715296
    1.747500     36.509801     4.368117
    1.755000     36.479310     4.265018
    1.762500     36.406287     4.669436
    1.770000     36.386502     5.226730
    1.777500     36.619271     5.315640
    1.785000     37.099711     4.954160
    1.792500     37.561598     4.662474
    1.800000     37.853477     4.535727
