#! FIELDS cyl.z file.free uncertainty
#! SET sample_size 89997
#! SET effective_sample_size 239.095
#! SET fundeltaF 19.4184
#! SET blocks_num 3
#! SET blocks_effective_num 2.72343
#! SET min_cyl.z 0.3
#! SET max_cyl.z 1.8
#! SET nbins_cyl.z 201
#! SET periodic_cyl.z false
    0.300000     87.016992     3.915037
    0.307500     78.536798     3.927098
    0.315000     71.324577     3.937316
    0.322500     65.311753     3.946727
    0.330000     60.387444     3.955334
    0.337500     56.412559     3.957717
    0.345000     53.217562     3.918451
    0.352500     50.198993     3.673319
    0.360000     45.121946     3.282429
    0.367500     38.477149     3.058311
    0.375000     32.526962     2.668625
    0.382500     27.695856     2.126477
    0.390000     23.972941     1.639798
    0.397500     21.281202     1.485904
    0.405000     19.375266     1.542652
    0.412500     17.542921     1.380188
    0.420000     15.290381     1.153741
    0.427500     13.243042     1.034407
    0.435000     11.803723     0.977462
    0.442500     10.743793     0.959634
    0.450000      9.614563     0.885561
    0.457500      8.144011     0.693532
    0.465000      6.370133     0.534055
    0.472500      4.650314     0.463717
    0.480000      3.331728     0.409520
    0.487500      2.467617     0.394681
    0.495000      1.882066     0.503025
    0.502500      1.377274     0.561049
    0.510000      0.913838     0.490444
    0.517500      0.546520     0.375992
    0.525000      0.276505     0.277231
    0.532500      0.074479     0.215554
    0.540000      0.000000     0.159927
    0.547500      0.144050     0.086931
    0.555000      0.475197     0.308174
    0.562500      0.930648     0.522740
    0.570000      1.550446     0.525364
    0.577500      2.386639     0.467504
    0.585000      3.386449     0.634907
    0.592500      4.273564     0.933699
    0.600000      4.809713     1.046549
    0.607500      5.240185     1.024713
    0.615000      5.834336     1.144810
    0.622500      6.573072     1.242843
    0.630000      7.348457     1.023210
    0.637500      8.154658     0.809742
    0.645000      8.968940     0.986041
    0.652500      9.719298     1.532981
    0.660000     10.488053     1.958928
    0.667500     11.335059     1.810938
    0.675000     12.066889     1.380642
    0.682500     12.564529     1.149059
    0.690000     12.956015     1.069603
    0.697500     13.145833     1.005975
    0.705000     12.867024     1.031759
    0.712500     12.428804     1.027970
    0.720000     12.307474     0.970849
    0.727500     12.544059     0.925890
    0.735000     12.818086     0.892394
    0.742500     12.869850     0.840124
    0.750000     12.830264     0.778208
    0.757500     12.886817     0.699310
    0.765000     12.975984     0.588599
    0.772500     12.996757     0.528407
    0.780000     13.039913     0.575595
    0.787500     13.187486     0.688415
    0.795000     13.461261     0.795457
    0.802500     13.953021     0.810254
    0.810000     14.671405     0.739007
    0.817500     15.415148     0.705324
    0.825000     15.990888     0.738637
    0.832500     16.355310     0.783709
    0.840000     16.626895     0.849042
    0.847500     17.158015     0.861620
    0.855000     18.207152     0.753013
    0.862500     19.589220     0.531204
    0.870000     20.758944     0.400213
    0.877500     21.550282     0.422787
    0.885000     22.216509     0.433145
    0.892500     22.810421     0.483699
    0.900000     23.401338     0.561260
    0.907500     23.972308     0.750048
    0.915000     24.276492     1.051503
    0.922500     24.365712     1.067969
    0.930000     24.436577     0.902739
    0.937500     24.554737     0.793779
    0.945000     24.751065     0.765017
    0.952500     24.920908     0.787405
    0.960000     24.946991     0.851330
    0.967500     24.906641     0.929192
    0.975000     24.916486     0.977377
    0.982500     25.022435     0.944387
    0.990000     25.223896     0.850534
    0.997500     25.493089     0.779653
    1.005000     25.785406     0.784100
    1.012500     26.054714     0.860259
    1.020000     26.232768     0.952883
    1.027500     26.258501     0.993346
    1.035000     26.270315     1.004708
    1.042500     26.481967     1.011607
    1.050000     26.865871     1.038285
    1.057500     27.241817     1.088524
    1.065000     27.570853     1.114351
    1.072500     27.908469     1.097690
    1.080000     28.242897     1.041005
    1.087500     28.583758     1.000084
    1.095000     28.945832     1.010464
    1.102500     29.244583     1.045242
    1.110000     29.399052     1.092419
    1.117500     29.489987     1.137470
    1.125000     29.658684     1.129817
    1.132500     29.886281     1.050731
    1.140000     30.084522     0.936641
    1.147500     30.284913     0.835203
    1.155000     30.521173     0.794229
    1.162500     30.745792     0.820842
    1.170000     30.926511     0.876545
    1.177500     31.089895     0.932877
    1.185000     31.296245     0.904673
    1.192500     31.551406     0.785364
    1.200000     31.793204     0.673555
    1.207500     32.024795     0.674884
    1.215000     32.301484     0.768153
    1.222500     32.581819     0.837279
    1.230000     32.716303     0.860144
    1.237500     32.662001     0.856450
    1.245000     32.570668     0.790055
    1.252500     32.582472     0.669588
    1.260000     32.637828     0.596166
    1.267500     32.574490     0.628087
    1.275000     32.376679     0.663024
    1.282500     32.184782     0.640006
    1.290000     32.119018     0.590330
    1.297500     32.120394     0.548241
    1.305000     32.038781     0.588387
    1.312500     31.900971     0.675364
    1.320000     31.788569     0.675783
    1.327500     31.618664     0.657266
    1.335000     31.351836     0.678299
    1.342500     31.188579     0.611243
    1.350000     31.252571     0.440321
    1.357500     31.379286     0.275634
    1.365000     31.415024     0.286489
    1.372500     31.438785     0.460796
    1.380000     31.504304     0.650187
    1.387500     31.513450     0.707511
    1.395000     31.453837     0.676906
    1.402500     31.402091     0.664506
    1.410000     31.335835     0.635889
    1.417500     31.195716     0.649079
    1.425000     30.972093     0.767299
    1.432500     30.770761     0.864513
    1.440000     30.736658     0.886541
    1.447500     30.873736     0.776154
    1.455000     31.056114     0.638475
    1.462500     31.205490     0.655197
    1.470000     31.284690     0.727754
    1.477500     31.258562     0.776279
    1.485000     31.232961     0.773296
    1.492500     31.390513     0.748432
    1.500000     31.773703     0.714232
    1.507500     32.140481     0.662117
    1.515000     32.210993     0.611375
    1.522500     32.068296     0.585684
    1.530000     31.860655     0.571547
    1.537500     31.704286     0.531723
    1.545000     31.716513     0.436140
    1.552500     31.814539     0.376819
    1.560000     31.818427     0.486179
    1.567500     31.695978     0.647670
    1.575000     31.558318     0.788728
    1.582500     31.499784     0.934987
    1.590000     31.488057     0.964590
    1.597500     31.470890     0.872247
    1.605000     31.495212     0.764515
    1.612500     31.597711     0.699340
    1.620000     31.667291     0.566622
    1.627500     31.639629     0.462178
    1.635000     31.647377     0.552392
    1.642500     31.800377     0.756002
    1.650000     32.048835     0.836149
    1.657500     32.244793     0.735905
    1.665000     32.337317     0.609637
    1.672500     32.313170     0.653464
    1.680000     32.170914     0.891095
    1.687500     32.024043     1.140490
    1.695000     31.819283     1.426846
    1.702500     31.524673     1.655893
    1.710000     31.435894     1.672384
    1.717500     31.749433     1.455965
    1.725000     32.311713     1.096793
    1.732500     32.803794     0.814317
    1.740000     32.950982     0.781338
    1.747500     32.748687     0.930867
    1.755000     32.564193     1.115202
    1.762500     32.656680     1.238646
    1.770000     32.905414     1.280330
    1.777500     33.063706     1.249499
    1.785000     33.103874     1.109060
    1.792500     33.190791     0.955297
    1.800000     33.374509     0.902744
