#! FIELDS cyl.z file.free uncertainty
#! SET sample_size 189999
#! SET effective_sample_size 304.87
#! SET fundeltaF 16.2759
#! SET blocks_num 3
#! SET blocks_effective_num 1.95476
#! SET min_cyl.z 0.3
#! SET max_cyl.z 1.8
#! SET nbins_cyl.z 201
#! SET periodic_cyl.z false
    0.300000     85.591076     1.349442
    0.307500     77.887921     1.400457
    0.315000     71.231659     1.471500
    0.322500     65.452210     1.545057
    0.330000     60.311867     1.594426
    0.337500     55.582412     1.608577
    0.345000     51.199450     1.608829
    0.352500     47.130119     1.608800
    0.360000     42.824247     1.576848
    0.367500     37.902154     1.508425
    0.375000     33.139318     1.450654
    0.382500     28.884216     1.419351
    0.390000     24.864500     1.416415
    0.397500     21.091145     1.402802
    0.405000     17.976372     1.348415
    0.412500     15.749159     1.252416
    0.420000     14.329224     1.105289
    0.427500     13.387968     0.900713
    0.435000     12.454262     0.681341
    0.442500     11.196090     0.586274
    0.450000      9.662891     0.872559
    0.457500      8.184486     1.159105
    0.465000      6.911221     1.179675
    0.472500      5.624513     0.917401
    0.480000      4.188815     0.575304
    0.487500      2.934829     0.362730
    0.495000      2.119942     0.177970
    0.502500      1.569056     0.071383
    0.510000      1.014975     0.198738
    0.517500      0.527385     0.233161
    0.525000      0.229571     0.181031
    0.532500      0.050701     0.129557
    0.540000      0.000000     0.119213
    0.547500      0.215352     0.080675
    0.555000      0.663626     0.043730
    0.562500      1.156298     0.116206
    0.570000      1.686283     0.195953
    0.577500      2.358249     0.284673
    0.585000      3.049659     0.295327
    0.592500      3.612151     0.248943
    0.600000      4.174794     0.228693
    0.607500      4.850197     0.228644
    0.615000      5.559143     0.290394
    0.622500      6.213796     0.364438
    0.630000      6.799119     0.587867
    0.637500      7.282514     1.241660
    0.645000      7.671138     1.745274
    0.652500      8.069368     1.392188
    0.660000      8.590115     0.592063
    0.667500      9.327064     0.259872
    0.675000     10.185678     0.106383
    0.682500     10.799353     0.167083
    0.690000     10.980429     0.284467
    0.697500     10.860438     0.219393
    0.705000     10.557789     0.121624
    0.712500     10.201139     0.181566
    0.720000      9.866380     0.413065
    0.727500      9.450521     0.605439
    0.735000      8.890545     0.769004
    0.742500      8.422912     0.870188
    0.750000      8.332540     0.881501
    0.757500      8.637069     0.831435
    0.765000      9.109328     0.768789
    0.772500      9.538578     0.732441
    0.780000      9.892960     0.750350
    0.787500     10.193866     0.799741
    0.795000     10.479053     0.821076
    0.802500     10.853747     0.795700
    0.810000     11.373312     0.730103
    0.817500     11.974695     0.654826
    0.825000     12.566652     0.627927
    0.832500     13.124054     0.658585
    0.840000     13.714736     0.688041
    0.847500     14.411550     0.672045
    0.855000     15.173053     0.633163
    0.862500     15.896969     0.649688
    0.870000     16.610065     0.680397
    0.877500     17.348108     0.541919
    0.885000     17.936120     0.413098
    0.892500     18.170686     0.343360
    0.900000     18.082006     0.222287
    0.907500     18.118100     0.347823
    0.915000     18.690732     0.167602
    0.922500     19.648698     0.429216
    0.930000     20.394870     0.980706
    0.937500     20.700200     1.304359
    0.945000     20.824515     1.514940
    0.952500     20.904226     1.587866
    0.960000     20.967212     1.512518
    0.967500     21.041728     1.392040
    0.975000     21.155767     1.329182
    0.982500     21.311174     1.368164
    0.990000     21.478207     1.482772
    0.997500     21.660033     1.613041
    1.005000     21.879087     1.693202
    1.012500     22.116368     1.695516
    1.020000     22.364904     1.677183
    1.027500     22.658033     1.709043
    1.035000     22.989008     1.779908
    1.042500     23.289462     1.832008
    1.050000     23.512007     1.848139
    1.057500     23.693576     1.853446
    1.065000     23.904641     1.870244
    1.072500     24.180105     1.894141
    1.080000     24.522949     1.928926
    1.087500     24.915471     1.999622
    1.095000     25.309971     2.085205
    1.102500     25.651535     2.117925
    1.110000     25.928544     2.061913
    1.117500     26.176535     1.969447
    1.125000     26.437498     1.936284
    1.132500     26.712526     1.978884
    1.140000     26.967588     2.060261
    1.147500     27.187922     2.139900
    1.155000     27.390823     2.161241
    1.162500     27.621328     2.122629
    1.170000     27.901533     2.074678
    1.177500     28.148408     2.055998
    1.185000     28.295516     2.065447
    1.192500     28.418110     2.115418
    1.200000     28.568884     2.169895
    1.207500     28.719061     2.202570
    1.215000     28.855476     2.236669
    1.222500     28.992963     2.270533
    1.230000     29.112836     2.287685
    1.237500     29.223668     2.290239
    1.245000     29.365944     2.312240
    1.252500     29.479551     2.400618
    1.260000     29.508083     2.492049
    1.267500     29.516296     2.530457
    1.275000     29.512971     2.522364
    1.282500     29.463894     2.553436
    1.290000     29.417077     2.620467
    1.297500     29.410592     2.601478
    1.305000     29.417695     2.504889
    1.312500     29.410581     2.459329
    1.320000     29.422624     2.481231
    1.327500     29.514924     2.438595
    1.335000     29.666442     2.215995
    1.342500     29.787580     2.010753
    1.350000     29.818254     2.037949
    1.357500     29.708323     2.144444
    1.365000     29.523629     2.186283
    1.372500     29.432252     2.136644
    1.380000     29.419281     2.033508
    1.387500     29.374905     1.954435
    1.395000     29.345166     1.925847
    1.402500     29.379697     1.915096
    1.410000     29.395470     1.768800
    1.417500     29.300163     1.396887
    1.425000     29.204992     1.078517
    1.432500     29.306840     1.106361
    1.440000     29.579088     1.484949
    1.447500     29.821878     1.928519
    1.455000     29.945111     2.189629
    1.462500     29.945925     2.238303
    1.470000     29.852458     2.201112
    1.477500     29.772126     2.214528
    1.485000     29.756312     2.299785
    1.492500     29.784996     2.469988
    1.500000     29.858329     2.666621
    1.507500     29.965888     2.717226
    1.515000     29.983386     2.657433
    1.522500     29.777486     2.701967
    1.530000     29.478297     2.837168
    1.537500     29.330402     2.928788
    1.545000     29.395081     2.897084
    1.552500     29.518818     2.813062
    1.560000     29.537910     2.819726
    1.567500     29.434907     2.943749
    1.575000     29.267418     3.077726
    1.582500     29.037436     3.112076
    1.590000     28.732300     3.068965
    1.597500     28.446593     3.026855
    1.605000     28.315309     2.986165
    1.612500     28.404598     2.965671
    1.620000     28.636934     3.005774
    1.627500     28.842391     3.084387
    1.635000     28.914863     3.145899
    1.642500     28.824539     3.208470
    1.650000     28.646946     3.236174
    1.657500     28.532218     3.171065
    1.665000     28.583857     3.054101
    1.672500     28.775939     2.958017
    1.680000     28.934053     2.952701
    1.687500     28.928871     3.040821
    1.695000     28.815309     3.141641
    1.702500     28.721402     3.207969
    1.710000     28.657330     3.219858
    1.717500     28.541649     3.210282
    1.725000     28.443413     3.200681
    1.732500     28.459836     3.199508
    1.740000     28.560115     3.213832
    1.747500     28.695462     3.233457
    1.755000     28.787704     3.245557
    1.762500     28.733995     3.256177
    1.770000     28.659871     3.246317
    1.777500     28.804971     3.193084
    1.785000     29.117962     3.090066
    1.792500     29.304721     3.006922
    1.800000     29.346551     2.966164
