#! FIELDS cyl.z file.free uncertainty
#! SET sample_size 14997
#! SET effective_sample_size 101.076
#! SET fundeltaF 27.3259
#! SET blocks_num 3
#! SET blocks_effective_num 2.00951
#! SET min_cyl.z 0.3
#! SET max_cyl.z 1.8
#! SET nbins_cyl.z 201
#! SET periodic_cyl.z false
    0.300000    872.356944    21.432981
    0.307500    824.976829    21.432981
    0.315000    778.998969    21.432981
    0.322500    734.423401    21.432981
    0.330000    691.250163    21.432981
    0.337500    649.479290    21.432981
    0.345000    609.110816    21.432981
    0.352500    570.144773    21.432981
    0.360000    532.581195    21.432981
    0.367500    496.420110    21.432981
    0.375000    461.661548    21.432981
    0.382500    428.305535    21.432981
    0.390000    396.352098    21.432981
    0.397500    365.801260    21.432981
    0.405000    336.653040    21.432981
    0.412500    308.907453    21.432981
    0.420000    282.564500    21.432981
    0.427500    257.624155    21.432981
    0.435000    234.086334    21.432981
    0.442500    211.950829    21.432981
    0.450000    191.217151    21.432981
    0.457500    171.884196    21.432981
    0.465000    153.949507    21.432981
    0.472500    137.407674    21.432981
    0.480000    122.246973    21.432980
    0.487500    108.442763    21.432967
    0.495000     95.946428    21.432835
    0.502500     84.673819    21.431596
    0.510000     74.512378    21.421197
    0.517500     65.370654    21.346778
    0.525000     57.221437    20.897312
    0.532500     49.982389    18.700829
    0.540000     43.168218    12.054862
    0.547500     36.179373     4.702138
    0.555000     29.508440     2.862115
    0.562500     23.871718     2.864903
    0.570000     19.472138     2.890325
    0.577500     16.178697     2.890434
    0.585000     13.596367     2.874301
    0.592500     11.379677     2.781853
    0.600000      9.600699     2.354998
    0.607500      8.153105     1.120364
    0.615000      6.587835     0.412890
    0.622500      5.139804     1.049876
    0.630000      4.241181     1.032065
    0.637500      3.754251     0.780386
    0.645000      3.352953     0.410079
    0.652500      2.947050     0.279710
    0.660000      2.433228     1.305787
    0.667500      1.808050     2.021241
    0.675000      1.354494     2.111094
    0.682500      1.210268     1.876796
    0.690000      1.204929     1.640766
    0.697500      1.077132     1.375085
    0.705000      0.778246     0.800162
    0.712500      0.386133     0.196632
    0.720000      0.050573     0.312742
    0.727500      0.000000     0.262358
    0.735000      0.303677     0.175131
    0.742500      0.702670     0.236548
    0.750000      0.873647     0.135298
    0.757500      0.990232     0.381285
    0.765000      1.296637     0.658014
    0.772500      1.515245     0.875626
    0.780000      1.305959     1.214132
    0.787500      1.108320     1.427020
    0.795000      1.378701     1.433946
    0.802500      2.074953     1.355162
    0.810000      3.026429     1.313412
    0.817500      4.126379     1.311068
    0.825000      4.992342     1.212757
    0.832500      5.256827     0.979721
    0.840000      5.339297     0.816074
    0.847500      5.611994     0.728693
    0.855000      5.960613     0.689793
    0.862500      6.070078     0.796329
    0.870000      5.875591     1.144413
    0.877500      5.743906     1.521108
    0.885000      6.004849     1.723122
    0.892500      6.714869     1.689457
    0.900000      7.707115     1.355529
    0.907500      8.701653     0.889836
    0.915000      9.527426     0.772680
    0.922500     10.273378     0.905774
    0.930000     11.104120     0.924751
    0.937500     12.007235     0.964360
    0.945000     12.802640     1.721838
    0.952500     13.543603     2.852979
    0.960000     14.527772     3.977137
    0.967500     15.891408     4.293292
    0.975000     17.426991     3.351201
    0.982500     18.664594     2.448893
    0.990000     18.867311     3.660231
    0.997500     18.350431     5.927437
    1.005000     18.369397     7.960198
    1.012500     19.398876     9.777865
    1.020000     21.275886    11.358455
    1.027500     23.023490    12.095957
    1.035000     23.542959    11.430470
    1.042500     23.504099    11.677210
    1.050000     23.727548    12.875691
    1.057500     24.395297    12.884932
    1.065000     24.826146     9.380075
    1.072500     24.222325     5.204936
    1.080000     23.500836     3.385567
    1.087500     23.500426     2.699856
    1.095000     24.337969     2.899956
    1.102500     25.675089     5.160126
    1.110000     26.933728     8.892396
    1.117500     28.042164    10.103173
    1.125000     29.182197     9.171865
    1.132500     30.026851     7.845070
    1.140000     30.111272     6.052188
    1.147500     29.596119     4.619325
    1.155000     29.047880     3.743234
    1.162500     28.853786     2.878314
    1.170000     29.151485     2.223740
    1.177500     29.838213     1.949658
    1.185000     30.666024     1.864696
    1.192500     31.504937     1.858078
    1.200000     32.280088     1.926306
    1.207500     32.946872     2.091582
    1.215000     33.692129     2.450134
    1.222500     34.502440     3.023239
    1.230000     34.811178     3.262280
    1.237500     34.492256     3.140040
    1.245000     34.187645     3.131252
    1.252500     34.102464     3.056046
    1.260000     34.037392     2.736274
    1.267500     34.028661     2.515673
    1.275000     34.231702     2.623825
    1.282500     34.536741     2.792915
    1.290000     34.804383     2.897864
    1.297500     35.040705     3.468457
    1.305000     35.089859     4.493553
    1.312500     34.915902     4.777179
    1.320000     34.851485     4.169296
    1.327500     35.035714     3.648429
    1.335000     35.346096     3.814015
    1.342500     35.763274     4.146326
    1.350000     36.308455     3.835013
    1.357500     36.640812     2.858258
    1.365000     36.505933     2.200256
    1.372500     36.427679     2.273578
    1.380000     36.775264     2.734335
    1.387500     37.333129     3.147477
    1.395000     37.818401     3.407350
    1.402500     38.281426     3.835380
    1.410000     38.713112     4.238783
    1.417500     38.971796     4.390814
    1.425000     39.106824     4.885577
    1.432500     39.091879     5.842659
    1.440000     38.692236     5.582116
    1.447500     37.965850     3.478718
    1.455000     37.361841     1.579872
    1.462500     37.184296     0.699332
    1.470000     37.343183     0.678262
    1.477500     37.701520     0.972026
    1.485000     38.230614     1.294865
    1.492500     38.628389     2.234659
    1.500000     38.743999     3.009931
    1.507500     38.945130     3.253251
    1.515000     39.207149     3.222673
    1.522500     39.100103     2.887132
    1.530000     38.765155     2.587979
    1.537500     38.640002     2.680813
    1.545000     38.870191     3.253376
    1.552500     39.365916     3.987560
    1.560000     39.893625     4.011554
    1.567500     40.321354     3.329611
    1.575000     40.666677     2.593496
    1.582500     40.970048     2.390098
    1.590000     41.216542     4.087979
    1.597500     41.040416     8.443926
    1.605000     40.237918    11.624480
    1.612500     39.557880    12.138102
    1.620000     39.538036    11.480916
    1.627500     39.952426     9.935251
    1.635000     40.004257     8.811726
    1.642500     39.527626     9.553380
    1.650000     39.173323    10.280532
    1.657500     39.218680     9.938823
    1.665000     39.507102     9.165446
    1.672500     39.847422     9.149230
    1.680000     40.203811     9.961563
    1.687500     40.344433    10.614683
    1.695000     40.062305    10.331295
    1.702500     39.570954     9.603602
    1.710000     39.047529     9.350846
    1.717500     38.534199    10.165174
    1.725000     38.182002    11.254818
    1.732500     38.121422    11.484300
    1.740000     38.196793    10.869575
    1.747500     38.157769    10.154229
    1.755000     38.078243     9.561007
    1.762500     38.137029     9.191821
    1.770000     38.386107     9.435452
    1.777500     38.750782    10.556252
    1.785000     38.972546    11.836053
    1.792500     39.037892    11.881480
    1.800000     39.323418    10.918267
