#! FIELDS cyl.z file.free uncertainty
#! SET sample_size 89997
#! SET effective_sample_size 785.703
#! SET fundeltaF 20.4556
#! SET blocks_num 3
#! SET blocks_effective_num 2.97187
#! SET min_cyl.z 0.3
#! SET max_cyl.z 1.8
#! SET nbins_cyl.z 201
#! SET periodic_cyl.z false
    0.300000    656.416327     2.397287
    0.307500    617.410681     2.356114
    0.315000    579.793845     2.295616
    0.322500    543.559140     2.208323
    0.330000    508.697279     2.085775
    0.337500    475.195931     1.920792
    0.345000    443.039775     1.712739
    0.352500    412.211571     1.477381
    0.360000    382.694637     1.260825
    0.367500    354.476454     1.143017
    0.375000    327.552141     1.185306
    0.382500    301.925977     1.354302
    0.390000    277.610061     1.566639
    0.397500    254.620916     1.764779
    0.405000    232.975837     1.925855
    0.412500    212.690314     2.047059
    0.420000    193.776865     2.133988
    0.427500    176.244841     2.194251
    0.435000    160.100507     2.234223
    0.442500    145.346071     2.255912
    0.450000    131.973311     2.246987
    0.457500    119.934234     2.141317
    0.465000    109.032001     1.727343
    0.472500     98.725774     1.137936
    0.480000     88.518274     1.785641
    0.487500     78.803327     2.290293
    0.495000     70.143768     2.435160
    0.502500     62.689859     2.467222
    0.510000     56.200229     2.468366
    0.517500     50.019020     2.451677
    0.525000     43.863203     2.409979
    0.532500     38.322194     2.306197
    0.540000     33.806445     2.038706
    0.547500     30.268414     1.461385
    0.555000     27.396643     0.752016
    0.562500     24.815113     0.749073
    0.570000     21.996186     0.658593
    0.577500     18.591415     0.326943
    0.585000     15.206185     0.121922
    0.592500     12.337344     0.165805
    0.600000      9.978698     0.349533
    0.607500      8.032023     0.495512
    0.615000      6.519059     0.617675
    0.622500      5.374719     0.657421
    0.630000      4.369800     0.567382
    0.637500      3.424007     0.454513
    0.645000      2.615689     0.359833
    0.652500      1.934687     0.250247
    0.660000      1.314457     0.136642
    0.667500      0.756623     0.105087
    0.675000      0.318131     0.128149
    0.682500      0.062692     0.091500
    0.690000      0.000000     0.095637
    0.697500      0.011429     0.164562
    0.705000      0.009451     0.215300
    0.712500      0.060517     0.226682
    0.720000      0.185585     0.174128
    0.727500      0.346200     0.075920
    0.735000      0.527496     0.105868
    0.742500      0.657523     0.116594
    0.750000      0.723543     0.045849
    0.757500      0.909308     0.031813
    0.765000      1.320251     0.078110
    0.772500      1.766909     0.147794
    0.780000      2.065567     0.149828
    0.787500      2.336059     0.032539
    0.795000      2.630723     0.123347
    0.802500      2.845804     0.209992
    0.810000      3.030183     0.260220
    0.817500      3.262583     0.266338
    0.825000      3.545056     0.146690
    0.832500      3.831479     0.140119
    0.840000      4.045136     0.339120
    0.847500      4.292313     0.396500
    0.855000      4.687712     0.383239
    0.862500      5.111817     0.407807
    0.870000      5.500468     0.458616
    0.877500      5.952217     0.437667
    0.885000      6.433797     0.394948
    0.892500      6.832150     0.384166
    0.900000      7.175353     0.336217
    0.907500      7.587393     0.241079
    0.915000      8.109821     0.183543
    0.922500      8.665254     0.251869
    0.930000      9.249754     0.376871
    0.937500      9.931519     0.383376
    0.945000     10.559068     0.309049
    0.952500     10.897950     0.435347
    0.960000     11.160381     0.678763
    0.967500     11.548886     0.991550
    0.975000     11.879066     1.278858
    0.982500     12.255796     1.216712
    0.990000     13.036616     0.864454
    0.997500     14.235582     0.545602
    1.005000     15.541242     0.632869
    1.012500     16.587671     1.012526
    1.020000     17.228364     1.214577
    1.027500     17.680026     1.216526
    1.035000     18.305495     1.094147
    1.042500     19.270257     0.856932
    1.050000     20.312062     0.648451
    1.057500     21.000946     0.565623
    1.065000     21.431339     0.517993
    1.072500     21.912626     0.508036
    1.080000     22.448925     0.513019
    1.087500     22.847265     0.362362
    1.095000     23.030321     0.273456
    1.102500     23.265529     0.422082
    1.110000     23.801659     0.458811
    1.117500     24.468137     0.545237
    1.125000     24.891527     0.698612
    1.132500     25.099276     0.789375
    1.140000     25.380075     0.809036
    1.147500     25.739209     0.774620
    1.155000     25.927615     0.721064
    1.162500     25.886898     0.686893
    1.170000     25.870196     0.684731
    1.177500     26.096823     0.708851
    1.185000     26.489418     0.696114
    1.192500     26.764067     0.652219
    1.200000     26.887019     0.611603
    1.207500     27.022908     0.593646
    1.215000     27.171982     0.614230
    1.222500     27.255984     0.615060
    1.230000     27.261803     0.537449
    1.237500     27.274175     0.435819
    1.245000     27.381409     0.450483
    1.252500     27.556433     0.521436
    1.260000     27.762906     0.504185
    1.267500     28.069842     0.457593
    1.275000     28.497892     0.453245
    1.282500     28.851552     0.440886
    1.290000     28.934265     0.412757
    1.297500     28.851024     0.503624
    1.305000     28.796910     0.661156
    1.312500     28.877475     0.725415
    1.320000     29.069914     0.667628
    1.327500     29.239053     0.572040
    1.335000     29.353428     0.532255
    1.342500     29.490429     0.586226
    1.350000     29.658277     0.693992
    1.357500     29.826686     0.782534
    1.365000     29.953733     0.817253
    1.372500     30.016076     0.799139
    1.380000     30.064719     0.755208
    1.387500     30.142127     0.725688
    1.395000     30.241818     0.713781
    1.402500     30.339744     0.725372
    1.410000     30.405621     0.778756
    1.417500     30.469361     0.832954
    1.425000     30.629310     0.838415
    1.432500     30.912070     0.826907
    1.440000     31.200857     0.850317
    1.447500     31.378375     0.872611
    1.455000     31.465189     0.856684
    1.462500     31.531202     0.805821
    1.470000     31.635016     0.690596
    1.477500     31.791719     0.540140
    1.485000     31.950218     0.476545
    1.492500     32.046863     0.503856
    1.500000     32.072882     0.528557
    1.507500     32.073119     0.526962
    1.515000     32.079713     0.556310
    1.522500     32.085586     0.645950
    1.530000     32.094792     0.765712
    1.537500     32.089787     0.868426
    1.545000     32.056451     0.900861
    1.552500     32.072231     0.878917
    1.560000     32.183213     0.820283
    1.567500     32.313370     0.710527
    1.575000     32.403060     0.588794
    1.582500     32.428290     0.508369
    1.590000     32.371518     0.428677
    1.597500     32.315373     0.345105
    1.605000     32.324010     0.325254
    1.612500     32.306943     0.422903
    1.620000     32.185645     0.620332
    1.627500     32.056817     0.819926
    1.635000     32.015017     0.943997
    1.642500     32.050454     0.925989
    1.650000     32.092040     0.817491
    1.657500     32.123047     0.738157
    1.665000     32.226967     0.695220
    1.672500     32.392129     0.677192
    1.680000     32.484285     0.697391
    1.687500     32.469051     0.740915
    1.695000     32.438705     0.804860
    1.702500     32.425060     0.885448
    1.710000     32.339345     0.941254
    1.717500     32.138298     0.935351
    1.725000     31.948341     0.890262
    1.732500     31.865968     0.886503
    1.740000     31.885620     0.953967
    1.747500     32.004985     0.991535
    1.755000     32.156545     0.947929
    1.762500     32.260625     0.922163
    1.770000     32.429187     0.927829
    1.777500     32.660368     0.882607
    1.785000     32.632943     0.872293
    1.792500     32.336784     0.956464
    1.800000     32.196062     0.978749
