#! FIELDS cyl.z file.free uncertainty
#! SET sample_size 89997
#! SET effective_sample_size 613.21
#! SET fundeltaF 21.9326
#! SET blocks_num 3
#! SET blocks_effective_num 2.67827
#! SET min_cyl.z 0.3
#! SET max_cyl.z 1.8
#! SET nbins_cyl.z 201
#! SET periodic_cyl.z false
    0.300000    783.368763     2.036910
    0.307500    740.269292     2.269527
    0.315000    698.535902     2.514018
    0.322500    658.170607     2.755606
    0.330000    619.176124     2.983251
    0.337500    581.555412     3.189441
    0.345000    545.310738     3.368715
    0.352500    510.441309     3.513443
    0.360000    476.936059     3.601271
    0.367500    444.751471     3.559126
    0.375000    413.753217     3.197669
    0.382500    383.637610     2.338450
    0.390000    354.073523     1.662174
    0.397500    325.132073     1.861267
    0.405000    297.180431     2.120698
    0.412500    270.474849     2.243963
    0.420000    245.118913     2.300734
    0.427500    221.147126     2.331380
    0.435000    198.570623     2.350827
    0.442500    177.393232     2.364453
    0.450000    157.616485     2.374453
    0.457500    139.241139     2.381930
    0.465000    122.267651     2.387557
    0.472500    106.696332     2.391798
    0.480000     92.527407     2.394994
    0.487500     79.761041     2.397400
    0.495000     68.397358     2.399208
    0.502500     58.436447     2.400555
    0.510000     49.878360     2.401524
    0.517500     42.723064     2.402066
    0.525000     36.970145     2.401574
    0.532500     32.616882     2.396094
    0.540000     29.643449     2.357255
    0.547500     27.882079     2.059285
    0.555000     26.156082     0.510439
    0.562500     22.488014     1.073765
    0.570000     18.399199     1.358845
    0.577500     15.017583     1.348247
    0.585000     12.360006     1.266258
    0.592500     10.239960     1.131224
    0.600000      8.488703     0.894864
    0.607500      6.914337     0.590686
    0.615000      5.360479     0.425149
    0.622500      4.008315     0.434540
    0.630000      3.089811     0.450278
    0.637500      2.503155     0.322719
    0.645000      1.951539     0.098381
    0.652500      1.370354     0.172797
    0.660000      0.924736     0.203681
    0.667500      0.645729     0.157116
    0.675000      0.415751     0.235868
    0.682500      0.224747     0.341602
    0.690000      0.174944     0.351960
    0.697500      0.254199     0.246876
    0.705000      0.285969     0.174502
    0.712500      0.153315     0.276198
    0.720000      0.000000     0.367518
    0.727500      0.014873     0.418710
    0.735000      0.184425     0.414006
    0.742500      0.346811     0.385832
    0.750000      0.443649     0.312167
    0.757500      0.565990     0.147330
    0.765000      0.777819     0.125479
    0.772500      1.044944     0.177039
    0.780000      1.268539     0.352516
    0.787500      1.435701     0.572132
    0.795000      1.605274     0.546749
    0.802500      1.768226     0.436334
    0.810000      1.968060     0.472994
    0.817500      2.256039     0.587791
    0.825000      2.591327     0.674597
    0.832500      2.968796     0.662936
    0.840000      3.344459     0.644302
    0.847500      3.536202     0.796094
    0.855000      3.570645     1.000610
    0.862500      3.682457     1.055111
    0.870000      3.899191     0.940088
    0.877500      4.199477     0.738283
    0.885000      4.690500     0.583973
    0.892500      5.382578     0.595863
    0.900000      6.072642     0.799487
    0.907500      6.618221     1.044708
    0.915000      7.119449     1.180522
    0.922500      7.733259     1.200197
    0.930000      8.575850     1.122604
    0.937500      9.536152     0.961848
    0.945000     10.290120     0.908361
    0.952500     10.843077     0.981712
    0.960000     11.514342     0.981686
    0.967500     12.485131     0.917805
    0.975000     13.725957     0.834582
    0.982500     15.016547     0.761826
    0.990000     15.990280     0.603361
    0.997500     16.520983     0.413758
    1.005000     17.071056     0.406188
    1.012500     17.997126     0.487860
    1.020000     18.895507     0.651785
    1.027500     18.960713     0.979262
    1.035000     18.662516     1.304842
    1.042500     18.832500     1.470048
    1.050000     19.545181     1.512608
    1.057500     20.261594     1.580568
    1.065000     20.620061     1.652430
    1.072500     20.966413     1.493867
    1.080000     21.352906     1.139414
    1.087500     21.604978     0.897690
    1.095000     21.842984     1.060756
    1.102500     22.235016     1.526598
    1.110000     22.981089     1.754877
    1.117500     24.113064     1.559690
    1.125000     25.129065     1.136348
    1.132500     25.538671     1.079048
    1.140000     25.646998     1.170932
    1.147500     25.826904     1.114191
    1.155000     26.131501     0.955207
    1.162500     26.451908     0.855979
    1.170000     26.728132     0.903929
    1.177500     27.004027     1.006591
    1.185000     27.319733     1.104200
    1.192500     27.686245     1.185257
    1.200000     28.060515     1.184781
    1.207500     28.351030     1.136529
    1.215000     28.534287     1.131356
    1.222500     28.690586     1.196673
    1.230000     28.871585     1.268302
    1.237500     29.083330     1.260583
    1.245000     29.325042     1.182399
    1.252500     29.500302     1.127043
    1.260000     29.547519     1.154349
    1.267500     29.623624     1.219783
    1.275000     29.852471     1.256088
    1.282500     30.158261     1.230868
    1.290000     30.427565     1.220204
    1.297500     30.652466     1.286392
    1.305000     30.816543     1.343880
    1.312500     30.867981     1.342205
    1.320000     30.869888     1.377859
    1.327500     30.911048     1.495166
    1.335000     30.949933     1.640198
    1.342500     30.968840     1.747827
    1.350000     31.046421     1.829811
    1.357500     31.202982     1.916586
    1.365000     31.450658     1.992627
    1.372500     31.841471     2.034061
    1.380000     32.305081     1.989994
    1.387500     32.641114     1.859048
    1.395000     32.747400     1.795752
    1.402500     32.687281     1.847428
    1.410000     32.612308     1.871522
    1.417500     32.666921     1.782728
    1.425000     32.826182     1.661110
    1.432500     32.942115     1.610237
    1.440000     33.004890     1.586739
    1.447500     33.075043     1.583120
    1.455000     33.151934     1.678172
    1.462500     33.270215     1.803051
    1.470000     33.426828     1.841309
    1.477500     33.502303     1.877358
    1.485000     33.399668     1.998961
    1.492500     33.274840     2.050319
    1.500000     33.349177     2.000764
    1.507500     33.550324     1.958299
    1.515000     33.657517     1.928531
    1.522500     33.638703     1.888310
    1.530000     33.581084     1.853294
    1.537500     33.575110     1.822520
    1.545000     33.648107     1.776797
    1.552500     33.687377     1.727957
    1.560000     33.615343     1.757072
    1.567500     33.505298     1.863832
    1.575000     33.485106     1.901109
    1.582500     33.613524     1.783023
    1.590000     33.773945     1.634548
    1.597500     33.855944     1.567445
    1.605000     33.916782     1.502103
    1.612500     33.936038     1.443932
    1.620000     33.778087     1.514652
    1.627500     33.435519     1.675532
    1.635000     33.077784     1.776736
    1.642500     32.864701     1.725158
    1.650000     32.825549     1.556309
    1.657500     32.894340     1.403789
    1.665000     32.970052     1.361224
    1.672500     33.034240     1.419093
    1.680000     33.192669     1.475541
    1.687500     33.496664     1.440631
    1.695000     33.752325     1.350644
    1.702500     33.690211     1.272349
    1.710000     33.455769     1.202420
    1.717500     33.325496     1.137736
    1.725000     33.366347     1.109657
    1.732500     33.535050     1.103756
    1.740000     33.666640     1.032611
    1.747500     33.590964     0.949485
    1.755000     33.410557     0.937720
    1.762500     33.303017     1.004736
    1.770000     33.253756     1.171125
    1.777500     33.144082     1.360824
    1.785000     32.979969     1.506388
    1.792500     32.952873     1.623955
    1.800000     33.233165     1.715037
