#! FIELDS cyl.z file.free uncertainty
#! SET sample_size 189999
#! SET effective_sample_size 994.751
#! SET fundeltaF 20.1985
#! SET blocks_num 3
#! SET blocks_effective_num 2.37055
#! SET min_cyl.z 0.3
#! SET max_cyl.z 1.8
#! SET nbins_cyl.z 201
#! SET periodic_cyl.z false
    0.300000    619.899443     1.887548
    0.307500    581.932306     1.887548
    0.315000    545.368120     1.887548
    0.322500    510.206810     1.887548
    0.330000    476.448260     1.887548
    0.337500    444.092275     1.887548
    0.345000    413.138545     1.887548
    0.352500    383.586561     1.887548
    0.360000    355.435500     1.887548
    0.367500    328.684034     1.887548
    0.375000    303.330025     1.887548
    0.382500    279.370062     1.887548
    0.390000    256.798772     1.887548
    0.397500    235.607853     1.887548
    0.405000    215.784892     1.887548
    0.412500    197.312251     1.887548
    0.420000    180.166793     1.887548
    0.427500    164.321755     1.887548
    0.435000    149.751865     1.887548
    0.442500    136.440907     1.887548
    0.450000    124.387885     1.887542
    0.457500    113.607407     1.887487
    0.465000    104.123779     1.886939
    0.472500     95.961099     1.881661
    0.480000     89.116970     1.832651
    0.487500     83.386396     1.445585
    0.495000     77.586511     1.077094
    0.502500     70.515923     2.242427
    0.510000     63.336700     1.788408
    0.517500     55.956280     0.739633
    0.525000     48.187119     1.496165
    0.532500     41.075322     1.747286
    0.540000     35.177923     1.752353
    0.547500     30.564331     1.629908
    0.555000     27.026781     1.237440
    0.562500     23.860722     0.660588
    0.570000     20.320681     1.346042
    0.577500     16.829951     1.751912
    0.585000     13.883196     1.710962
    0.592500     11.466311     1.428354
    0.600000      9.487444     1.054269
    0.607500      7.937738     0.711563
    0.615000      6.716726     0.498427
    0.622500      5.559916     0.382000
    0.630000      4.337256     0.223564
    0.637500      3.225530     0.060800
    0.645000      2.413551     0.084695
    0.652500      1.863619     0.080891
    0.660000      1.381498     0.109497
    0.667500      0.907515     0.232279
    0.675000      0.580074     0.284448
    0.682500      0.468001     0.283182
    0.690000      0.415593     0.315363
    0.697500      0.231008     0.328404
    0.705000      0.010805     0.307449
    0.712500      0.000000     0.304080
    0.720000      0.255722     0.312151
    0.727500      0.587636     0.309370
    0.735000      0.798924     0.294679
    0.742500      0.964894     0.212881
    0.750000      1.198435     0.130698
    0.757500      1.378039     0.359842
    0.765000      1.433242     0.481929
    0.772500      1.535104     0.459783
    0.780000      1.733600     0.392941
    0.787500      1.921073     0.405431
    0.795000      2.065740     0.505685
    0.802500      2.186442     0.571795
    0.810000      2.359906     0.481363
    0.817500      2.653059     0.335141
    0.825000      2.968897     0.454564
    0.832500      3.172331     0.626221
    0.840000      3.328935     0.686620
    0.847500      3.564324     0.626549
    0.855000      3.832062     0.445298
    0.862500      4.118241     0.252587
    0.870000      4.545085     0.187017
    0.877500      5.106438     0.275300
    0.885000      5.670780     0.452169
    0.892500      6.242554     0.607384
    0.900000      6.854697     0.809144
    0.907500      7.414434     0.946157
    0.915000      7.882831     0.927246
    0.922500      8.294016     0.935994
    0.930000      8.701223     1.018122
    0.937500      9.161357     1.014699
    0.945000      9.741623     0.811742
    0.952500     10.516416     0.594961
    0.960000     11.441770     0.553325
    0.967500     12.309373     0.610558
    0.975000     12.906409     0.632687
    0.982500     13.305923     0.686139
    0.990000     13.772677     0.783428
    0.997500     14.495676     0.772525
    1.005000     15.551356     0.597923
    1.012500     16.768785     0.547823
    1.020000     17.708282     0.766397
    1.027500     18.127461     0.998179
    1.035000     18.339365     1.187635
    1.042500     18.652819     1.368640
    1.050000     19.106679     1.536360
    1.057500     19.822682     1.491604
    1.065000     20.818417     1.079530
    1.072500     21.680686     0.548340
    1.080000     22.154060     0.301809
    1.087500     22.250893     0.345686
    1.095000     21.582329     0.817957
    1.102500     20.501597     1.231915
    1.110000     20.004703     1.396774
    1.117500     20.541726     1.343041
    1.125000     22.033062     0.973241
    1.132500     23.779222     0.218583
    1.140000     24.764692     0.430401
    1.147500     25.095275     0.472949
    1.155000     25.373232     0.515151
    1.162500     25.800061     0.660742
    1.170000     26.258943     0.818099
    1.177500     26.585984     0.929681
    1.185000     26.761249     0.966288
    1.192500     26.885064     0.925972
    1.200000     27.078702     0.846685
    1.207500     27.356264     0.786851
    1.215000     27.627912     0.744406
    1.222500     27.838832     0.665157
    1.230000     28.019018     0.591008
    1.237500     28.220718     0.584619
    1.245000     28.454687     0.612727
    1.252500     28.667587     0.636736
    1.260000     28.783929     0.667825
    1.267500     28.812968     0.713848
    1.275000     28.879849     0.753801
    1.282500     29.065349     0.763854
    1.290000     29.311472     0.751758
    1.297500     29.524771     0.752282
    1.305000     29.696878     0.757305
    1.312500     29.863933     0.739394
    1.320000     30.022267     0.732763
    1.327500     30.127551     0.769896
    1.335000     30.163272     0.786104
    1.342500     30.164306     0.719972
    1.350000     30.173290     0.638215
    1.357500     30.239656     0.620879
    1.365000     30.395724     0.638285
    1.372500     30.615256     0.702652
    1.380000     30.846745     0.814565
    1.387500     31.036259     0.886155
    1.395000     31.132933     0.881638
    1.402500     31.163264     0.830759
    1.410000     31.206599     0.733435
    1.417500     31.297413     0.644205
    1.425000     31.415639     0.635501
    1.432500     31.526192     0.682829
    1.440000     31.621996     0.723456
    1.447500     31.687726     0.736363
    1.455000     31.701342     0.772392
    1.462500     31.707260     0.872789
    1.470000     31.736509     0.987491
    1.477500     31.762951     1.061463
    1.485000     31.753290     1.094180
    1.492500     31.685179     1.112973
    1.500000     31.605056     1.145150
    1.507500     31.560723     1.174799
    1.515000     31.539843     1.167180
    1.522500     31.589907     1.149673
    1.530000     31.783542     1.167760
    1.537500     32.019098     1.214619
    1.545000     32.153611     1.184457
    1.552500     32.204457     1.086645
    1.560000     32.156037     1.070768
    1.567500     31.990929     1.150167
    1.575000     31.824491     1.183791
    1.582500     31.729566     1.163184
    1.590000     31.722615     1.111847
    1.597500     31.842235     1.028029
    1.605000     32.057817     0.953271
    1.612500     32.258809     0.920251
    1.620000     32.384340     0.889935
    1.627500     32.422181     0.876297
    1.635000     32.370362     0.919976
    1.642500     32.265744     1.016059
    1.650000     32.182046     1.102178
    1.657500     32.158409     1.149667
    1.665000     32.185737     1.167215
    1.672500     32.244777     1.140718
    1.680000     32.260008     1.091410
    1.687500     32.211920     1.063228
    1.695000     32.189108     1.055075
    1.702500     32.190657     1.056715
    1.710000     32.181621     1.082034
    1.717500     32.211318     1.153932
    1.725000     32.273507     1.257921
    1.732500     32.289263     1.338308
    1.740000     32.240655     1.365238
    1.747500     32.151685     1.346063
    1.755000     32.053376     1.292259
    1.762500     31.983289     1.227385
    1.770000     31.969056     1.177630
    1.777500     32.040338     1.136895
    1.785000     32.154844     1.078165
    1.792500     32.201665     0.993333
    1.800000     32.204109     0.884641
