#! FIELDS cyl.z file.free uncertainty
#! SET sample_size 189999
#! SET effective_sample_size 907.486
#! SET fundeltaF 20.2988
#! SET blocks_num 3
#! SET blocks_effective_num 2.62724
#! SET min_cyl.z 0.3
#! SET max_cyl.z 1.8
#! SET nbins_cyl.z 201
#! SET periodic_cyl.z false
    0.300000    659.377875     1.845218
    0.307500    620.372229     1.803550
    0.315000    582.755394     1.743400
    0.322500    546.520688     1.659209
    0.330000    511.658828     1.547409
    0.337500    478.157480     1.412801
    0.345000    446.001323     1.282123
    0.352500    415.173120     1.221195
    0.360000    385.656185     1.316129
    0.367500    357.438002     1.586490
    0.375000    330.513689     1.962417
    0.382500    304.887526     2.358664
    0.390000    280.571609     2.717411
    0.397500    257.582465     3.011725
    0.405000    235.937385     3.237162
    0.412500    215.651862     3.401662
    0.420000    196.738413     3.517634
    0.427500    179.206389     3.597224
    0.435000    163.062056     3.649696
    0.442500    148.307619     3.678073
    0.450000    134.934852     3.666410
    0.457500    122.895719     3.527286
    0.465000    111.992998     2.957050
    0.472500    101.683833     1.670732
    0.480000     91.466666     1.299530
    0.487500     81.730188     1.684085
    0.495000     73.024636     1.761105
    0.502500     65.471288     1.653276
    0.510000     58.782925     1.408926
    0.517500     52.296823     1.121899
    0.525000     45.769032     0.959517
    0.532500     39.740777     1.038366
    0.540000     34.619880     1.337116
    0.547500     30.488804     1.622720
    0.555000     27.148473     1.661806
    0.562500     23.888703     1.364549
    0.570000     20.107142     1.182295
    0.577500     16.399618     1.138650
    0.585000     13.279116     0.930313
    0.592500     10.762433     0.613050
    0.600000      8.774689     0.493557
    0.607500      7.246118     0.518466
    0.615000      6.082113     0.464342
    0.622500      5.181334     0.355744
    0.630000      4.371858     0.313669
    0.637500      3.496133     0.245909
    0.645000      2.631602     0.146042
    0.652500      1.941962     0.164487
    0.660000      1.410658     0.241116
    0.667500      0.908161     0.367776
    0.675000      0.434020     0.435995
    0.682500      0.102852     0.447746
    0.690000      0.000000     0.460713
    0.697500      0.116856     0.451248
    0.705000      0.369147     0.418892
    0.712500      0.669063     0.414544
    0.720000      0.944036     0.409572
    0.727500      1.131537     0.346046
    0.735000      1.176324     0.227197
    0.742500      1.074430     0.176756
    0.750000      0.985839     0.217251
    0.757500      1.128796     0.241970
    0.765000      1.554037     0.174835
    0.772500      2.072202     0.085200
    0.780000      2.387848     0.320520
    0.787500      2.484380     0.491286
    0.795000      2.550407     0.604396
    0.802500      2.654547     0.689124
    0.810000      2.794506     0.741504
    0.817500      2.945271     0.785483
    0.825000      3.083935     0.865711
    0.832500      3.240970     0.940314
    0.840000      3.476037     0.899727
    0.847500      3.826598     0.776884
    0.855000      4.243557     0.751201
    0.862500      4.603422     0.885117
    0.870000      4.887955     1.047259
    0.877500      5.189298     1.157920
    0.885000      5.525712     1.263936
    0.892500      5.869427     1.415361
    0.900000      6.241001     1.569718
    0.907500      6.682442     1.660040
    0.915000      7.197455     1.684450
    0.922500      7.732092     1.652359
    0.930000      8.279469     1.576492
    0.937500      8.912142     1.502033
    0.945000      9.566971     1.474557
    0.952500     10.174549     1.424822
    0.960000     10.899297     1.283448
    0.967500     11.810982     1.113687
    0.975000     12.679487     1.042764
    0.982500     13.390754     1.014636
    0.990000     14.103270     0.799150
    0.997500     14.846936     0.611458
    1.005000     15.623514     0.857860
    1.012500     16.489072     1.198588
    1.020000     17.324595     1.341215
    1.027500     18.002515     1.355840
    1.035000     18.540144     1.400710
    1.042500     18.949396     1.527859
    1.050000     19.395069     1.631566
    1.057500     20.075820     1.529918
    1.065000     20.788577     1.326587
    1.072500     21.163178     1.274660
    1.080000     21.391966     1.304040
    1.087500     21.853691     1.236278
    1.095000     22.468266     1.116038
    1.102500     22.812056     1.148631
    1.110000     22.865077     1.308817
    1.117500     23.041778     1.412712
    1.125000     23.494909     1.437151
    1.132500     24.068002     1.438032
    1.140000     24.618597     1.426645
    1.147500     25.159093     1.343519
    1.155000     25.641724     1.188066
    1.162500     25.933894     1.076634
    1.170000     26.032586     1.089768
    1.177500     26.086957     1.201015
    1.185000     26.253029     1.304586
    1.192500     26.585270     1.275253
    1.200000     27.005124     1.134931
    1.207500     27.368425     1.025948
    1.215000     27.592837     0.999258
    1.222500     27.708478     0.995451
    1.230000     27.808100     0.955442
    1.237500     27.956642     0.896039
    1.245000     28.134256     0.853127
    1.252500     28.283243     0.843071
    1.260000     28.402584     0.862562
    1.267500     28.574934     0.887477
    1.275000     28.847704     0.910543
    1.282500     29.108211     0.939558
    1.290000     29.217070     0.954401
    1.297500     29.229722     0.931697
    1.305000     29.263326     0.903296
    1.312500     29.342495     0.922679
    1.320000     29.458801     0.954903
    1.327500     29.610385     0.923602
    1.335000     29.773775     0.860272
    1.342500     29.934519     0.829238
    1.350000     30.104681     0.808439
    1.357500     30.267112     0.786869
    1.365000     30.375075     0.811109
    1.372500     30.423759     0.892884
    1.380000     30.452114     0.985302
    1.387500     30.477872     1.028507
    1.395000     30.498588     1.010235
    1.402500     30.526129     0.973333
    1.410000     30.599395     0.936984
    1.417500     30.746002     0.903713
    1.425000     30.961958     0.901307
    1.432500     31.210291     0.925932
    1.440000     31.403609     0.927404
    1.447500     31.502047     0.882214
    1.455000     31.553222     0.830254
    1.462500     31.566133     0.841073
    1.470000     31.566851     0.913099
    1.477500     31.617695     0.979246
    1.485000     31.690055     0.998597
    1.492500     31.727332     0.977024
    1.500000     31.730991     0.974026
    1.507500     31.722119     1.011266
    1.515000     31.725194     1.040013
    1.522500     31.752089     1.052518
    1.530000     31.811464     1.064751
    1.537500     31.902102     1.018967
    1.545000     31.985942     0.869535
    1.552500     32.056501     0.714612
    1.560000     32.137193     0.681318
    1.567500     32.217463     0.768207
    1.575000     32.264773     0.894009
    1.582500     32.253692     0.959266
    1.590000     32.232290     0.921783
    1.597500     32.284787     0.830188
    1.605000     32.376915     0.744861
    1.612500     32.344278     0.689041
    1.620000     32.168445     0.705327
    1.627500     32.060596     0.777539
    1.635000     32.113257     0.843666
    1.642500     32.221530     0.840936
    1.650000     32.272033     0.735964
    1.657500     32.251886     0.626295
    1.665000     32.218173     0.647649
    1.672500     32.252507     0.748479
    1.680000     32.373744     0.811599
    1.687500     32.481008     0.850350
    1.695000     32.511118     0.905495
    1.702500     32.531011     0.916453
    1.710000     32.566489     0.806663
    1.717500     32.553799     0.631959
    1.725000     32.513177     0.527297
    1.732500     32.509334     0.505616
    1.740000     32.530753     0.520458
    1.747500     32.563898     0.563693
    1.755000     32.613349     0.600248
    1.762500     32.651364     0.616181
    1.770000     32.685444     0.661820
    1.777500     32.762190     0.716408
    1.785000     32.844321     0.646453
    1.792500     32.859032     0.429882
    1.800000     32.905986     0.216601
