#! FIELDS cyl.z file.free uncertainty
#! SET sample_size 14997
#! SET effective_sample_size 172.484
#! SET fundeltaF 19.9168
#! SET blocks_num 3
#! SET blocks_effective_num 2.33292
#! SET min_cyl.z 0.3
#! SET max_cyl.z 1.8
#! SET nbins_cyl.z 201
#! SET periodic_cyl.z false
    0.300000    877.483948     3.548670
    0.307500    830.967643     3.548655
    0.315000    785.854399     3.548632
    0.322500    742.144213     3.548594
    0.330000    699.837081     3.548535
    0.337500    658.932998     3.548442
    0.345000    619.431952     3.548294
    0.352500    581.333928     3.548061
    0.360000    544.638899     3.547692
    0.367500    509.346827     3.547110
    0.375000    475.457647     3.546190
    0.382500    442.971259     3.544737
    0.390000    411.887504     3.542444
    0.397500    382.206133     3.538824
    0.405000    353.926751     3.533116
    0.412500    327.048737     3.524123
    0.420000    301.571115     3.509978
    0.427500    277.492344     3.487763
    0.435000    254.809952     3.452888
    0.442500    233.519750     3.397762
    0.450000    213.613325     3.307643
    0.457500    195.067497     3.143602
    0.465000    177.796334     2.774697
    0.472500    161.475370     1.863019
    0.480000    145.371020     0.922493
    0.487500    129.245747     1.501334
    0.495000    113.822696     1.760439
    0.502500     99.603087     1.796321
    0.510000     86.728026     1.763258
    0.517500     75.216292     1.678943
    0.525000     65.043652     1.518185
    0.532500     56.147903     1.254923
    0.540000     48.412823     0.970101
    0.547500     41.666565     0.969172
    0.555000     35.741030     1.136941
    0.562500     30.557547     1.085761
    0.570000     26.085864     0.953645
    0.577500     22.179937     0.928935
    0.585000     18.570418     0.999935
    0.592500     15.198910     1.105472
    0.600000     12.289255     1.070235
    0.607500     10.018816     0.994148
    0.615000      8.416415     0.976533
    0.622500      7.288423     1.004609
    0.630000      6.090923     0.969129
    0.637500      4.584364     0.887497
    0.645000      3.240363     0.977485
    0.652500      2.334917     1.077081
    0.660000      1.781631     0.998420
    0.667500      1.391659     0.860737
    0.675000      1.006705     1.025010
    0.682500      0.647293     1.128684
    0.690000      0.390798     0.966268
    0.697500      0.169850     0.807541
    0.705000      0.000000     0.760055
    0.712500      0.048617     0.749006
    0.720000      0.459303     0.737377
    0.727500      1.217523     0.719273
    0.735000      1.939369     0.619243
    0.742500      2.146619     0.676808
    0.750000      2.006910     1.014202
    0.757500      1.827217     1.122958
    0.765000      1.673907     0.958897
    0.772500      1.729895     0.700389
    0.780000      2.184130     0.368990
    0.787500      2.708707     0.146364
    0.795000      2.590269     0.572525
    0.802500      2.108966     0.706314
    0.810000      1.928393     0.862229
    0.817500      2.168935     1.238420
    0.825000      2.624542     1.747296
    0.832500      2.951615     1.941638
    0.840000      2.877949     1.728532
    0.847500      2.698401     1.559635
    0.855000      2.839677     1.481127
    0.862500      3.266564     1.354131
    0.870000      3.653249     1.271771
    0.877500      3.805428     1.578228
    0.885000      3.898586     2.214019
    0.892500      4.172093     2.834373
    0.900000      4.604049     3.309218
    0.907500      4.981338     3.564579
    0.915000      5.092776     3.475776
    0.922500      4.986526     3.163476
    0.930000      5.075647     2.845424
    0.937500      5.715353     2.597352
    0.945000      6.907488     2.536735
    0.952500      8.300004     2.925161
    0.960000      9.610717     3.545955
    0.967500     10.987733     3.514582
    0.975000     12.029027     2.048006
    0.982500     11.641202     1.198470
    0.990000     10.994496     1.407863
    0.997500     11.276956     1.358285
    1.005000     12.568143     1.091568
    1.012500     14.299314     1.818583
    1.020000     15.578485     2.821720
    1.027500     16.224290     2.037437
    1.035000     16.742218     0.875840
    1.042500     17.544294     0.448336
    1.050000     18.470888     0.181729
    1.057500     19.008502     0.954473
    1.065000     19.215987     1.826602
    1.072500     19.629311     2.135155
    1.080000     20.180422     2.297061
    1.087500     20.052791     2.968537
    1.095000     19.569325     3.495657
    1.102500     19.725890     3.506166
    1.110000     20.782058     3.125455
    1.117500     22.375170     2.458204
    1.125000     23.782969     1.780113
    1.132500     24.787069     1.254441
    1.140000     25.475819     1.277833
    1.147500     25.664721     1.836677
    1.155000     25.510628     2.051098
    1.162500     25.353648     2.067252
    1.170000     25.367506     2.053323
    1.177500     25.609164     2.064369
    1.185000     26.009154     2.085953
    1.192500     26.334405     1.868854
    1.200000     26.401923     1.410567
    1.207500     26.369599     1.168191
    1.215000     26.403338     1.167588
    1.222500     26.332142     0.887013
    1.230000     25.834962     0.099177
    1.237500     25.232252     0.552496
    1.245000     25.187182     0.555911
    1.252500     25.871747     0.318031
    1.260000     26.910494     1.164212
    1.267500     27.688578     2.041800
    1.275000     28.059183     2.360396
    1.282500     28.293629     2.296178
    1.290000     28.480077     2.142730
    1.297500     28.630590     2.015307
    1.305000     28.787819     1.845236
    1.312500     28.920978     1.612426
    1.320000     29.019321     1.429260
    1.327500     29.083228     1.452077
    1.335000     29.090872     1.689910
    1.342500     29.080317     1.876383
    1.350000     29.177013     1.843835
    1.357500     29.522109     1.660429
    1.365000     30.089537     1.313172
    1.372500     30.638562     0.923950
    1.380000     30.871320     0.872875
    1.387500     30.673363     1.285704
    1.395000     30.354986     1.702412
    1.402500     30.221108     1.842061
    1.410000     30.264219     1.660557
    1.417500     30.397705     1.377295
    1.425000     30.624848     1.347924
    1.432500     30.817631     1.214208
    1.440000     30.699829     1.252314
    1.447500     30.463032     1.715869
    1.455000     30.629500     1.851318
    1.462500     31.336742     1.549558
    1.470000     32.165366     0.967102
    1.477500     32.588841     0.777692
    1.485000     32.600719     0.704414
    1.492500     32.430254     0.725147
    1.500000     32.289531     0.759953
    1.507500     32.323623     0.607560
    1.515000     32.303854     0.383393
    1.522500     31.934022     0.790796
    1.530000     31.543562     1.314680
    1.537500     31.470820     1.753586
    1.545000     31.758139     1.827132
    1.552500     32.230232     1.281943
    1.560000     32.566812     0.631594
    1.567500     32.741947     0.794284
    1.575000     32.834401     1.021288
    1.582500     32.660684     1.096485
    1.590000     32.297120     1.066504
    1.597500     32.031596     0.866255
    1.605000     31.845080     0.439446
    1.612500     31.671228     0.212772
    1.620000     31.641591     0.317275
    1.627500     31.729602     0.231413
    1.635000     31.696833     0.306611
    1.642500     31.569126     0.358883
    1.650000     31.559999     0.335124
    1.657500     31.667722     0.324652
    1.665000     31.788680     0.353256
    1.672500     31.955961     0.485203
    1.680000     32.055016     0.770797
    1.687500     31.803848     0.998723
    1.695000     31.429879     1.010740
    1.702500     31.282163     0.942911
    1.710000     31.225837     0.784118
    1.717500     30.985796     0.403665
    1.725000     30.738013     0.350129
    1.732500     30.853707     0.826231
    1.740000     31.569479     0.976642
    1.747500     32.838339     0.811708
    1.755000     34.148582     0.711860
    1.762500     34.766506     0.586919
    1.770000     34.464870     0.556852
    1.777500     33.846747     0.712765
    1.785000     33.558938     0.567901
    1.792500     33.709706     0.402740
    1.800000     33.884177     0.917501
