#! FIELDS cyl.z file.free uncertainty
#! SET sample_size 89997
#! SET effective_sample_size 361.252
#! SET fundeltaF 20.2885
#! SET blocks_num 3
#! SET blocks_effective_num 2.22972
#! SET min_cyl.z 0.3
#! SET max_cyl.z 1.8
#! SET nbins_cyl.z 201
#! SET periodic_cyl.z false
    0.300000    779.471823     2.787452
    0.307500    735.162367     2.587662
    0.315000    692.234243     2.370623
    0.322500    650.685485     2.140424
    0.330000    610.514431     1.903209
    0.337500    571.719849     1.667420
    0.345000    534.301032     1.444055
    0.352500    498.257857     1.246793
    0.360000    463.590797     1.091366
    0.367500    430.300879     0.992431
    0.375000    398.389604     0.956784
    0.382500    367.858828     0.977615
    0.390000    338.710640     1.037704
    0.397500    310.947237     1.118576
    0.405000    284.570819     1.206301
    0.412500    259.583501     1.292248
    0.420000    235.987254     1.371762
    0.427500    213.783869     1.442741
    0.435000    192.974933     1.504593
    0.442500    173.561830     1.557562
    0.450000    155.545735     1.602301
    0.457500    138.927612     1.639597
    0.465000    123.708196     1.670157
    0.472500    109.887927     1.694395
    0.480000     97.466788     1.712104
    0.487500     86.443900     1.721844
    0.495000     76.816523     1.719759
    0.502500     68.577450     1.697369
    0.510000     61.707266     1.637984
    0.517500     56.145544     1.509526
    0.525000     51.653980     1.199992
    0.532500     47.308394     0.236677
    0.540000     41.851707     1.677068
    0.547500     35.979985     2.760108
    0.555000     30.346974     3.299916
    0.562500     24.938184     3.460232
    0.570000     20.056007     3.337076
    0.577500     16.056983     3.010659
    0.585000     12.996350     2.507238
    0.592500     10.712471     1.938327
    0.600000      9.017128     1.522370
    0.607500      7.784864     1.364777
    0.615000      6.795088     1.383126
    0.622500      5.724284     1.330060
    0.630000      4.519267     1.007113
    0.637500      3.422504     0.678667
    0.645000      2.622153     0.531300
    0.652500      2.027455     0.433522
    0.660000      1.444986     0.385045
    0.667500      0.936757     0.512916
    0.675000      0.689426     0.596026
    0.682500      0.725870     0.538551
    0.690000      0.799545     0.466984
    0.697500      0.593655     0.448742
    0.705000      0.206926     0.542344
    0.712500      0.000000     0.628399
    0.720000      0.136845     0.627829
    0.727500      0.478666     0.607300
    0.735000      0.772465     0.608644
    0.742500      1.011335     0.451180
    0.750000      1.277846     0.068046
    0.757500      1.454008     0.641159
    0.765000      1.515714     0.883706
    0.772500      1.602041     0.820522
    0.780000      1.695600     0.730795
    0.787500      1.766055     0.705920
    0.795000      1.898678     0.841994
    0.802500      2.112796     1.006865
    0.810000      2.333557     0.914722
    0.817500      2.470150     0.593497
    0.825000      2.491255     0.413313
    0.832500      2.460909     0.417194
    0.840000      2.532918     0.491830
    0.847500      2.836743     0.609875
    0.855000      3.320782     0.718639
    0.862500      3.867915     0.792893
    0.870000      4.423237     0.808075
    0.877500      4.906549     0.715006
    0.885000      5.307389     0.624597
    0.892500      5.757669     0.731705
    0.900000      6.290956     1.135547
    0.907500      6.808710     1.520889
    0.915000      7.217759     1.617289
    0.922500      7.475845     1.635496
    0.930000      7.740073     1.850551
    0.937500      8.235219     2.087560
    0.945000      9.039491     2.001718
    0.952500     10.100175     1.733832
    0.960000     11.264829     1.719988
    0.967500     12.263880     1.861394
    0.975000     12.776444     1.802585
    0.982500     12.925848     1.828591
    0.990000     13.190491     2.022618
    0.997500     13.897498     2.112378
    1.005000     15.178943     1.922776
    1.012500     16.825024     1.474420
    1.020000     17.851201     0.897040
    1.027500     17.745885     0.802231
    1.035000     17.712594     0.930250
    1.042500     18.419397     0.907936
    1.050000     19.733773     0.729487
    1.057500     21.045270     0.964428
    1.065000     21.833665     1.580136
    1.072500     22.260522     1.788885
    1.080000     22.704423     1.759893
    1.087500     23.165528     1.723070
    1.095000     23.367615     1.683555
    1.102500     23.467333     1.558375
    1.110000     23.718806     1.377019
    1.117500     23.947542     1.174337
    1.125000     24.026942     0.976289
    1.132500     24.169706     0.799336
    1.140000     24.468311     0.641603
    1.147500     24.742570     0.564117
    1.155000     24.944701     0.667613
    1.162500     25.284333     0.914718
    1.170000     25.771238     1.201479
    1.177500     26.148567     1.290132
    1.185000     26.312675     1.103875
    1.192500     26.401350     0.895115
    1.200000     26.574079     0.816169
    1.207500     26.875670     0.856689
    1.215000     27.234066     0.981851
    1.222500     27.628855     1.154964
    1.230000     28.048654     1.373876
    1.237500     28.401088     1.564318
    1.245000     28.645500     1.607968
    1.252500     28.806692     1.541457
    1.260000     28.901007     1.525893
    1.267500     28.966316     1.620857
    1.275000     29.078155     1.738483
    1.282500     29.274254     1.788479
    1.290000     29.492035     1.754295
    1.297500     29.664568     1.705076
    1.305000     29.821365     1.704077
    1.312500     30.010608     1.742451
    1.320000     30.193701     1.835979
    1.327500     30.284936     1.976476
    1.335000     30.300239     1.991697
    1.342500     30.342944     1.790125
    1.350000     30.462688     1.553691
    1.357500     30.647361     1.498219
    1.365000     30.902890     1.617913
    1.372500     31.170375     1.818875
    1.380000     31.366954     2.031675
    1.387500     31.557542     2.140278
    1.395000     31.745581     2.085457
    1.402500     31.856984     2.007470
    1.410000     31.935820     2.025801
    1.417500     32.006691     2.092695
    1.425000     32.035857     2.068037
    1.432500     32.035478     1.864527
    1.440000     32.014531     1.605311
    1.447500     31.916792     1.407270
    1.455000     31.723255     1.322916
    1.462500     31.578947     1.438433
    1.470000     31.582693     1.693447
    1.477500     31.659080     1.869313
    1.485000     31.696466     1.885061
    1.492500     31.671009     1.909356
    1.500000     31.654198     2.013762
    1.507500     31.699608     2.030156
    1.515000     31.752214     1.902992
    1.522500     31.753585     1.840298
    1.530000     31.779434     2.000795
    1.537500     31.902954     2.272726
    1.545000     32.128272     2.421868
    1.552500     32.339124     2.481556
    1.560000     32.262952     2.602638
    1.567500     31.970838     2.649502
    1.575000     31.803203     2.590365
    1.582500     31.838176     2.580183
    1.590000     32.000370     2.631654
    1.597500     32.269958     2.558688
    1.605000     32.606538     2.321484
    1.612500     32.868383     2.171991
    1.620000     32.981266     2.278216
    1.627500     32.952362     2.508491
    1.635000     32.725478     2.655038
    1.642500     32.407393     2.630013
    1.650000     32.246782     2.440413
    1.657500     32.276339     2.122730
    1.665000     32.352100     1.867743
    1.672500     32.409271     1.871617
    1.680000     32.426966     2.038356
    1.687500     32.415438     2.151008
    1.695000     32.447683     2.134568
    1.702500     32.514610     2.042440
    1.710000     32.510150     1.958209
    1.717500     32.376070     1.896354
    1.725000     32.216794     1.923938
    1.732500     32.181711     2.110300
    1.740000     32.244309     2.238103
    1.747500     32.223976     2.059186
    1.755000     32.092209     1.782388
    1.762500     31.987532     1.662411
    1.770000     31.974590     1.700829
    1.777500     32.090763     1.748421
    1.785000     32.293264     1.676559
    1.792500     32.425450     1.580297
    1.800000     32.513334     1.561646
