#! FIELDS cyl.z file.free uncertainty
#! SET sample_size 14997
#! SET effective_sample_size 57.1991
#! SET fundeltaF 8.66057
#! SET blocks_num 3
#! SET blocks_effective_num 1.91542
#! SET min_cyl.z 0.3
#! SET max_cyl.z 1.8
#! SET nbins_cyl.z 201
#! SET periodic_cyl.z false
    0.300000    565.306768     3.341310
    0.307500    528.462268     3.341310
    0.315000    493.020834     3.341310
    0.322500    458.982466     3.341310
    0.330000    426.347163     3.341310
    0.337500    395.114925     3.341310
    0.345000    365.285753     3.341310
    0.352500    336.859646     3.341310
    0.360000    309.836603     3.341310
    0.367500    284.216625     3.341310
    0.375000    259.999709     3.341310
    0.382500    237.185851     3.341310
    0.390000    215.775041     3.341310
    0.397500    195.767254     3.341310
    0.405000    177.162431     3.341310
    0.412500    159.960430     3.341310
    0.420000    144.160900     3.341309
    0.427500    129.762930     3.341306
    0.435000    116.763859     3.341293
    0.442500    105.152884     3.341236
    0.450000     94.861552     3.340999
    0.457500     85.386797     3.340274
    0.465000     74.996328     3.339947
    0.472500     63.743820     3.340585
    0.480000     53.341677     3.341000
    0.487500     44.261715     3.341181
    0.495000     36.558918     3.341256
    0.502500     30.225056     3.341287
    0.510000     25.216307     3.341298
    0.517500     21.403162     3.341301
    0.525000     18.453277     3.341300
    0.532500     15.837711     3.341297
    0.540000     13.343302     3.341297
    0.547500     11.194311     3.341296
    0.555000      9.450729     3.341294
    0.562500      7.931890     3.341292
    0.570000      6.542682     3.341289
    0.577500      5.401544     3.341282
    0.585000      4.632846     3.341270
    0.592500      4.153564     3.341264
    0.600000      3.809916     3.341271
    0.607500      3.705186     3.341283
    0.615000      3.912642     3.341277
    0.622500      4.097299     3.341196
    0.630000      4.218366     3.340831
    0.637500      4.620090     3.339375
    0.645000      4.880118     3.336063
    0.652500      4.502120     3.334209
    0.660000      3.895819     3.335265
    0.667500      3.223545     3.335768
    0.675000      2.783550     3.330064
    0.682500      2.938242     3.305301
    0.690000      3.564940     3.230364
    0.697500      4.371988     3.058121
    0.705000      5.237493     2.660501
    0.712500      5.724627     1.830616
    0.720000      5.286386     1.079117
    0.727500      4.321104     1.048272
    0.735000      3.497857     1.301187
    0.742500      2.911556     1.295847
    0.750000      2.451099     0.768858
    0.757500      2.067315     0.058524
    0.765000      1.726590     0.305210
    0.772500      1.407577     0.365152
    0.780000      0.935339     0.725867
    0.787500      0.336112     1.268817
    0.795000      0.000000     1.564890
    0.802500      0.098451     1.604530
    0.810000      0.461699     1.542622
    0.817500      0.954507     1.522131
    0.825000      1.679356     1.583946
    0.832500      2.473427     1.708152
    0.840000      2.592085     1.817698
    0.847500      2.141298     1.850337
    0.855000      1.960459     1.843676
    0.862500      2.201614     1.856633
    0.870000      2.710807     1.904507
    0.877500      3.491303     1.928391
    0.885000      4.546097     1.887184
    0.892500      5.822914     1.793048
    0.900000      7.160380     1.658856
    0.907500      7.884616     1.585214
    0.915000      7.608668     1.624185
    0.922500      7.356834     1.667185
    0.930000      7.836734     1.709840
    0.937500      9.009076     1.813112
    0.945000     10.379408     1.931264
    0.952500     11.325773     1.955865
    0.960000     11.801647     2.323569
    0.967500     12.132982     3.312701
    0.975000     12.585266     4.599794
    0.982500     13.192663     5.607035
    0.990000     13.540462     5.317628
    0.997500     13.365270     3.767422
    1.005000     13.139320     2.585007
    1.012500     13.266023     2.375626
    1.020000     13.626514     3.126070
    1.027500     13.818282     4.381861
    1.035000     13.794842     5.545679
    1.042500     13.847324     6.962947
    1.050000     14.093272     8.894013
    1.057500     14.520595    10.337806
    1.065000     15.114384    10.423940
    1.072500     15.751034     9.980708
    1.080000     16.199250    10.138030
    1.087500     16.349954    10.663236
    1.095000     16.438792    11.320737
    1.102500     16.741264    12.721060
    1.110000     17.151524    15.184603
    1.117500     17.309754    17.997229
    1.125000     17.175785    20.835193
    1.132500     17.000155    23.760892
    1.140000     16.987899    25.658573
    1.147500     17.126197    25.607293
    1.155000     17.194104    24.476197
    1.162500     17.170161    24.126968
    1.170000     17.203289    24.622210
    1.177500     17.313882    25.151290
    1.185000     17.473086    25.565080
    1.192500     17.630131    25.829497
    1.200000     17.763499    25.402168
    1.207500     17.908779    24.139289
    1.215000     18.051580    22.767209
    1.222500     18.204528    21.471583
    1.230000     18.414334    19.730735
    1.237500     18.634060    18.277350
    1.245000     18.801568    18.177219
    1.252500     18.937976    18.958181
    1.260000     19.070522    19.905144
    1.267500     19.231487    20.048974
    1.275000     19.477689    18.553370
    1.282500     19.813331    16.525796
    1.290000     20.149546    15.937722
    1.297500     20.297633    16.972938
    1.305000     20.209287    18.055805
    1.312500     20.122580    18.162721
    1.320000     20.182741    17.717453
    1.327500     20.314372    17.765206
    1.335000     20.473918    18.296983
    1.342500     20.698783    18.306960
    1.350000     20.954771    17.678671
    1.357500     21.140622    17.711536
    1.365000     21.187701    19.033993
    1.372500     21.172453    20.282492
    1.380000     21.227361    20.726415
    1.387500     21.307857    20.990215
    1.395000     21.341282    20.973196
    1.402500     21.342655    20.237916
    1.410000     21.280857    18.954225
    1.417500     21.182624    17.198984
    1.425000     21.111089    15.728206
    1.432500     21.095396    15.483521
    1.440000     21.215946    15.920212
    1.447500     21.515433    15.902007
    1.455000     21.806840    15.122141
    1.462500     21.788600    14.624905
    1.470000     21.569606    15.188047
    1.477500     21.476829    16.062205
    1.485000     21.510544    16.517449
    1.492500     21.502625    16.470698
    1.500000     21.470899    16.162556
    1.507500     21.496788    15.571307
    1.515000     21.529572    14.583459
    1.522500     21.498286    13.514715
    1.530000     21.431748    12.885273
    1.537500     21.418121    12.811476
    1.545000     21.498256    13.211924
    1.552500     21.579035    14.159302
    1.560000     21.490889    15.127825
    1.567500     21.254562    14.914503
    1.575000     21.096270    13.842972
    1.582500     21.137050    13.226359
    1.590000     21.329934    13.480405
    1.597500     21.561748    14.064267
    1.605000     21.655056    14.802822
    1.612500     21.528658    16.121131
    1.620000     21.405986    17.826366
    1.627500     21.487227    19.047829
    1.635000     21.709626    19.468189
    1.642500     21.880901    19.993457
    1.650000     21.871864    21.115492
    1.657500     21.749070    22.246229
    1.665000     21.674338    23.202183
    1.672500     21.742653    23.885803
    1.680000     21.971233    23.833466
    1.687500     22.228043    22.847528
    1.695000     22.352276    21.484365
    1.702500     22.373704    19.965664
    1.710000     22.317552    17.948932
    1.717500     22.165056    16.205408
    1.725000     21.971723    16.013802
    1.732500     21.846673    16.911549
    1.740000     21.866222    17.921698
    1.747500     21.882889    18.890354
    1.755000     21.774930    19.349831
    1.762500     21.747119    19.001453
    1.770000     21.945881    18.011980
    1.777500     22.219023    16.968665
    1.785000     22.384583    16.954908
    1.792500     22.477446    17.919825
    1.800000     22.586380    19.002842
