#! FIELDS cyl.z file.free uncertainty
#! SET sample_size 89997
#! SET effective_sample_size 230.549
#! SET fundeltaF 5.35738
#! SET blocks_num 3
#! SET blocks_effective_num 1.99416
#! SET min_cyl.z 0.3
#! SET max_cyl.z 1.8
#! SET nbins_cyl.z 201
#! SET periodic_cyl.z false
    0.300000    437.643574     3.965041
    0.307500    407.140930     3.965041
    0.315000    378.041351     3.965040
    0.322500    350.344837     3.965039
    0.330000    324.051384     3.965034
    0.337500    299.160985     3.965007
    0.345000    275.673593     3.964867
    0.352500    253.588991     3.964143
    0.360000    232.906071     3.960404
    0.367500    213.619163     3.941163
    0.375000    195.699503     3.843871
    0.382500    179.009512     3.392463
    0.390000    163.044915     1.928223
    0.397500    147.035848     0.772182
    0.405000    131.224667     1.553660
    0.412500    116.389447     1.794979
    0.420000    102.859495     1.845299
    0.427500     90.712481     1.854960
    0.435000     79.963635     1.856194
    0.442500     70.614774     1.854573
    0.450000     62.662336     1.847932
    0.457500     56.087526     1.820243
    0.465000     50.786438     1.687344
    0.472500     46.238557     1.157028
    0.480000     41.242459     0.706005
    0.487500     35.842534     0.910652
    0.495000     30.955653     0.794281
    0.502500     26.555277     0.746625
    0.510000     22.285878     1.155346
    0.517500     18.192218     1.238703
    0.525000     14.544698     1.002459
    0.532500     11.493194     0.743369
    0.540000      8.998681     0.698885
    0.547500      6.850633     0.716565
    0.555000      4.880005     0.690849
    0.562500      3.184229     0.742896
    0.570000      1.936753     0.804102
    0.577500      1.138926     0.804589
    0.585000      0.681280     0.735519
    0.592500      0.503245     0.690467
    0.600000      0.487639     0.700294
    0.607500      0.364132     0.691324
    0.615000      0.111173     0.710693
    0.622500      0.000000     0.815725
    0.630000      0.115008     0.956615
    0.637500      0.354734     0.934279
    0.645000      0.570668     0.716940
    0.652500      0.668488     0.782283
    0.660000      0.834804     0.903636
    0.667500      1.298909     0.761540
    0.675000      1.939179     0.746488
    0.682500      2.465698     1.080518
    0.690000      2.947370     1.247224
    0.697500      3.594315     1.292145
    0.705000      4.317806     1.324751
    0.712500      4.848893     1.205699
    0.720000      5.101526     0.868997
    0.727500      5.189030     0.479418
    0.735000      5.117846     0.644824
    0.742500      4.812951     1.157865
    0.750000      4.311087     1.444559
    0.757500      3.754517     1.516196
    0.765000      3.356638     1.602732
    0.772500      3.245151     1.790195
    0.780000      3.347754     2.076213
    0.787500      3.461747     2.357739
    0.795000      3.494080     2.532153
    0.802500      3.524220     2.653901
    0.810000      3.572121     2.630278
    0.817500      3.718270     2.448341
    0.825000      4.108373     2.348981
    0.832500      4.611505     2.447229
    0.840000      4.985183     2.585106
    0.847500      5.299119     2.686648
    0.855000      5.675566     2.946898
    0.862500      6.076390     3.261099
    0.870000      6.459472     3.283330
    0.877500      6.799493     3.095459
    0.885000      7.103277     2.991830
    0.892500      7.513488     3.016355
    0.900000      8.077470     3.106066
    0.907500      8.554701     3.312401
    0.915000      8.844874     3.597126
    0.922500      9.188270     3.730121
    0.930000      9.646639     3.675390
    0.937500     10.071929     3.607362
    0.945000     10.437167     3.582306
    0.952500     10.819044     3.483613
    0.960000     11.215030     3.276237
    0.967500     11.548710     3.064793
    0.975000     11.808813     2.954550
    0.982500     12.037735     2.931444
    0.990000     12.231266     2.904992
    0.997500     12.386648     2.817278
    1.005000     12.563784     2.714200
    1.012500     12.780366     2.625528
    1.020000     12.938186     2.516543
    1.027500     12.999647     2.390439
    1.035000     13.051817     2.406510
    1.042500     13.143606     2.673723
    1.050000     13.289069     2.971887
    1.057500     13.524444     3.109599
    1.065000     13.786464     3.151803
    1.072500     13.942902     3.170886
    1.080000     14.026315     3.209867
    1.087500     14.137751     3.307858
    1.095000     14.273837     3.419754
    1.102500     14.412992     3.491031
    1.110000     14.538295     3.572439
    1.117500     14.557468     3.727507
    1.125000     14.442273     3.920537
    1.132500     14.319484     4.022361
    1.140000     14.279800     3.988861
    1.147500     14.318380     3.910415
    1.155000     14.401709     3.803382
    1.162500     14.499131     3.662543
    1.170000     14.599338     3.625496
    1.177500     14.715225     3.753369
    1.185000     14.863386     3.948286
    1.192500     15.019971     4.128534
    1.200000     15.134534     4.292004
    1.207500     15.226348     4.429670
    1.215000     15.343065     4.499170
    1.222500     15.450481     4.502148
    1.230000     15.504271     4.491222
    1.237500     15.550032     4.463252
    1.245000     15.630370     4.389778
    1.252500     15.708455     4.353302
    1.260000     15.779013     4.483922
    1.267500     15.885762     4.739444
    1.275000     16.037242     4.891463
    1.282500     16.225627     4.806009
    1.290000     16.434290     4.568528
    1.297500     16.611285     4.333204
    1.305000     16.724661     4.236903
    1.312500     16.828015     4.286064
    1.320000     16.956082     4.379343
    1.327500     17.047896     4.463333
    1.335000     17.084893     4.538010
    1.342500     17.113415     4.588839
    1.350000     17.131054     4.604226
    1.357500     17.129522     4.603293
    1.365000     17.138085     4.640405
    1.372500     17.185188     4.727844
    1.380000     17.266428     4.758550
    1.387500     17.318635     4.690662
    1.395000     17.297152     4.661987
    1.402500     17.255680     4.709728
    1.410000     17.242246     4.742317
    1.417500     17.252710     4.738900
    1.425000     17.275352     4.730498
    1.432500     17.283500     4.712263
    1.440000     17.261754     4.684533
    1.447500     17.213820     4.711406
    1.455000     17.160030     4.789188
    1.462500     17.147144     4.795293
    1.470000     17.196098     4.697910
    1.477500     17.254164     4.625952
    1.485000     17.248344     4.663571
    1.492500     17.188959     4.728362
    1.500000     17.140049     4.742557
    1.507500     17.130559     4.712782
    1.515000     17.153110     4.658985
    1.522500     17.192078     4.591490
    1.530000     17.231965     4.504208
    1.537500     17.230851     4.430384
    1.545000     17.148905     4.459975
    1.552500     17.027699     4.619628
    1.560000     16.948939     4.818827
    1.567500     16.944891     4.927744
    1.575000     16.983808     4.900889
    1.582500     17.006252     4.828746
    1.590000     16.986753     4.838204
    1.597500     16.965239     4.927770
    1.605000     16.975615     5.005594
    1.612500     17.004515     5.062671
    1.620000     17.017896     5.127570
    1.627500     17.025055     5.148209
    1.635000     17.067653     5.090056
    1.642500     17.129025     4.987103
    1.650000     17.161310     4.905442
    1.657500     17.152130     4.917656
    1.665000     17.124460     4.991071
    1.672500     17.095585     5.004728
    1.680000     17.075939     4.911047
    1.687500     17.093393     4.809251
    1.695000     17.148723     4.794585
    1.702500     17.201792     4.815236
    1.710000     17.253168     4.818981
    1.717500     17.335636     4.817528
    1.725000     17.423146     4.772921
    1.732500     17.457897     4.635534
    1.740000     17.433374     4.481488
    1.747500     17.374379     4.423858
    1.755000     17.307411     4.418959
    1.762500     17.270268     4.407600
    1.770000     17.282216     4.444964
    1.777500     17.314516     4.559402
    1.785000     17.338517     4.659044
    1.792500     17.375665     4.677832
    1.800000     17.482905     4.672870
