#! FIELDS cyl.z file.free uncertainty
#! SET sample_size 189999
#! SET effective_sample_size 797.284
#! SET fundeltaF 24.7261
#! SET blocks_num 3
#! SET blocks_effective_num 2.89072
#! SET min_cyl.z 0.3
#! SET max_cyl.z 1.8
#! SET nbins_cyl.z 201
#! SET periodic_cyl.z false
    0.300000    145.836625     2.236335
    0.307500    134.187222     2.236305
    0.315000    123.855061     2.235961
    0.322500    114.768760     2.232184
    0.330000    106.740881     2.195236
    0.337500     98.969446     1.962266
    0.345000     89.119548     1.717847
    0.352500     77.965764     1.810057
    0.360000     67.626629     1.829343
    0.367500     58.469598     1.673334
    0.375000     50.314377     1.367561
    0.382500     42.721747     1.724242
    0.390000     35.487109     2.557572
    0.397500     28.958796     2.973616
    0.405000     23.494502     3.100960
    0.412500     19.205108     3.125784
    0.420000     15.994506     3.104323
    0.427500     13.471470     3.034020
    0.435000     10.979972     2.934930
    0.442500      8.405837     2.858136
    0.450000      6.203640     2.784933
    0.457500      4.542077     2.675020
    0.465000      3.306416     2.483075
    0.472500      2.372550     2.175598
    0.480000      1.706877     1.785726
    0.487500      1.275996     1.382763
    0.495000      0.969669     1.003809
    0.502500      0.706515     0.657300
    0.510000      0.522668     0.341412
    0.517500      0.438587     0.105921
    0.525000      0.358248     0.266088
    0.532500      0.204231     0.441962
    0.540000      0.052459     0.541627
    0.547500      0.000000     0.576931
    0.555000      0.027805     0.584656
    0.562500      0.099277     0.597895
    0.570000      0.266974     0.628500
    0.577500      0.560721     0.673149
    0.585000      0.929396     0.684066
    0.592500      1.375835     0.635759
    0.600000      1.999311     0.576369
    0.607500      2.828293     0.527294
    0.615000      3.660849     0.522129
    0.622500      4.227474     0.605312
    0.630000      4.644899     0.723014
    0.637500      5.316074     0.781749
    0.645000      6.420661     0.749841
    0.652500      7.765264     0.645963
    0.660000      9.017582     0.628423
    0.667500     10.106352     0.781962
    0.675000     11.224094     0.762348
    0.682500     12.528586     0.603446
    0.690000     13.985393     0.532911
    0.697500     15.254166     0.545783
    0.705000     15.874400     0.474744
    0.712500     15.955336     0.321385
    0.720000     16.069705     0.253189
    0.727500     16.598376     0.364978
    0.735000     17.533399     0.383596
    0.742500     18.519950     0.333711
    0.750000     19.200743     0.386336
    0.757500     19.602623     0.391564
    0.765000     19.967622     0.322191
    0.772500     20.430272     0.220453
    0.780000     20.874102     0.171632
    0.787500     21.155122     0.196239
    0.795000     21.319834     0.212062
    0.802500     21.466995     0.216054
    0.810000     21.648842     0.256141
    0.817500     21.860791     0.311974
    0.825000     22.083768     0.345497
    0.832500     22.342299     0.382374
    0.840000     22.676051     0.439807
    0.847500     23.099873     0.488054
    0.855000     23.595509     0.524217
    0.862500     24.127121     0.541372
    0.870000     24.671775     0.481758
    0.877500     25.216336     0.357859
    0.885000     25.765352     0.263035
    0.892500     26.302350     0.244611
    0.900000     26.723464     0.272910
    0.907500     27.010003     0.293899
    0.915000     27.303236     0.294809
    0.922500     27.650028     0.328233
    0.930000     27.990165     0.386913
    0.937500     28.300767     0.414276
    0.945000     28.573422     0.398376
    0.952500     28.808479     0.379187
    0.960000     29.043839     0.364301
    0.967500     29.305778     0.346804
    0.975000     29.567103     0.360604
    0.982500     29.804130     0.418952
    0.990000     30.038775     0.487736
    0.997500     30.301304     0.504525
    1.005000     30.591142     0.427780
    1.012500     30.863995     0.310958
    1.020000     31.058039     0.261820
    1.027500     31.185702     0.282920
    1.035000     31.329518     0.320079
    1.042500     31.520050     0.359917
    1.050000     31.726658     0.403405
    1.057500     31.946215     0.431630
    1.065000     32.199330     0.419917
    1.072500     32.455741     0.384896
    1.080000     32.682145     0.381663
    1.087500     32.886675     0.406727
    1.095000     33.068745     0.417314
    1.102500     33.235704     0.422661
    1.110000     33.411617     0.452041
    1.117500     33.621077     0.503891
    1.125000     33.858356     0.535525
    1.132500     34.067782     0.532774
    1.140000     34.212799     0.525724
    1.147500     34.321762     0.495902
    1.155000     34.444206     0.430463
    1.162500     34.625779     0.393284
    1.170000     34.865903     0.440421
    1.177500     35.099068     0.527862
    1.185000     35.283937     0.544470
    1.192500     35.435883     0.480267
    1.200000     35.588247     0.445899
    1.207500     35.764910     0.484925
    1.215000     35.964159     0.547331
    1.222500     36.143658     0.611877
    1.230000     36.224576     0.694924
    1.237500     36.204512     0.746956
    1.245000     36.188841     0.747851
    1.252500     36.221701     0.743139
    1.260000     36.244684     0.723231
    1.267500     36.246414     0.662217
    1.275000     36.276284     0.598919
    1.282500     36.337038     0.603068
    1.290000     36.395828     0.663284
    1.297500     36.418447     0.718755
    1.305000     36.430294     0.740780
    1.312500     36.514700     0.744811
    1.320000     36.691290     0.725761
    1.327500     36.813397     0.716494
    1.335000     36.724318     0.783209
    1.342500     36.526355     0.852529
    1.350000     36.368946     0.837294
    1.357500     36.261681     0.745466
    1.365000     36.201469     0.661261
    1.372500     36.252446     0.635184
    1.380000     36.426878     0.610313
    1.387500     36.606287     0.557236
    1.395000     36.668686     0.540913
    1.402500     36.581722     0.601949
    1.410000     36.406827     0.662479
    1.417500     36.287065     0.666178
    1.425000     36.306328     0.589121
    1.432500     36.381912     0.444019
    1.440000     36.394796     0.378555
    1.447500     36.405447     0.413423
    1.455000     36.528146     0.496673
    1.462500     36.720662     0.524298
    1.470000     36.864103     0.568106
    1.477500     36.954813     0.696634
    1.485000     37.061013     0.793468
    1.492500     37.148862     0.834375
    1.500000     37.091680     0.846242
    1.507500     36.944026     0.821655
    1.515000     36.904885     0.703569
    1.522500     36.934423     0.510938
    1.530000     36.837697     0.343335
    1.537500     36.663924     0.254644
    1.545000     36.604075     0.201240
    1.552500     36.691897     0.203066
    1.560000     36.794534     0.304832
    1.567500     36.785223     0.304642
    1.575000     36.691921     0.201013
    1.582500     36.605089     0.132245
    1.590000     36.532217     0.199697
    1.597500     36.410216     0.381456
    1.605000     36.232124     0.475320
    1.612500     36.126807     0.459927
    1.620000     36.219050     0.394351
    1.627500     36.457107     0.319054
    1.635000     36.646337     0.266869
    1.642500     36.662396     0.240187
    1.650000     36.571026     0.244688
    1.657500     36.528297     0.298504
    1.665000     36.566291     0.367406
    1.672500     36.577901     0.412202
    1.680000     36.526792     0.429979
    1.687500     36.468756     0.404951
    1.695000     36.436637     0.321134
    1.702500     36.406374     0.237007
    1.710000     36.356886     0.252004
    1.717500     36.326641     0.323164
    1.725000     36.369090     0.404952
    1.732500     36.476539     0.463643
    1.740000     36.559536     0.452794
    1.747500     36.518251     0.422183
    1.755000     36.399656     0.432937
    1.762500     36.342459     0.337285
    1.770000     36.361633     0.156138
    1.777500     36.414010     0.155496
    1.785000     36.471582     0.168081
    1.792500     36.490022     0.222468
    1.800000     36.542335     0.367035
