#! FIELDS cyl.z file.free uncertainty
#! SET sample_size 89997
#! SET effective_sample_size 378.386
#! SET fundeltaF 24.8281
#! SET blocks_num 3
#! SET blocks_effective_num 1.85677
#! SET min_cyl.z 0.3
#! SET max_cyl.z 1.8
#! SET nbins_cyl.z 201
#! SET periodic_cyl.z false
    0.300000    108.630640     5.998475
    0.307500     98.219891     5.997592
    0.315000     89.171372     5.996248
    0.322500     81.475582     5.994260
    0.330000     75.101467     5.991489
    0.337500     69.977765     5.988119
    0.345000     65.958270     5.985262
    0.352500     62.798476     5.984715
    0.360000     60.188410     5.974216
    0.367500     57.648897     5.752942
    0.375000     54.254857     4.264782
    0.382500     49.290983     1.374828
    0.390000     42.964253     3.012570
    0.397500     36.498558     4.547162
    0.405000     30.813690     5.180789
    0.412500     26.149484     5.380964
    0.420000     22.410203     5.293265
    0.427500     19.323770     4.812747
    0.435000     16.571126     3.814296
    0.442500     14.043730     2.772087
    0.450000     11.912879     2.279131
    0.457500     10.293871     2.188899
    0.465000      9.052545     2.009986
    0.472500      7.973215     1.596896
    0.480000      6.986536     1.309796
    0.487500      6.105632     1.179202
    0.495000      5.285068     0.960735
    0.502500      4.464295     0.596630
    0.510000      3.592323     0.233902
    0.517500      2.653308     0.045192
    0.525000      1.751881     0.094415
    0.532500      1.044194     0.167199
    0.540000      0.613589     0.310473
    0.547500      0.416591     0.406666
    0.555000      0.294901     0.324009
    0.562500      0.124597     0.129312
    0.570000      0.000000     0.200481
    0.577500      0.094153     0.243196
    0.585000      0.438578     0.179543
    0.592500      0.930202     0.138855
    0.600000      1.484834     0.145929
    0.607500      2.175185     0.189593
    0.615000      3.119591     0.164448
    0.622500      4.266805     0.038445
    0.630000      5.323762     0.357834
    0.637500      6.029730     0.531576
    0.645000      6.499489     0.487767
    0.652500      6.907810     0.252231
    0.660000      7.452856     0.230561
    0.667500      8.444212     0.904207
    0.675000     10.021446     1.532205
    0.682500     11.849350     1.730624
    0.690000     13.137582     1.728473
    0.697500     13.875798     2.060478
    0.705000     14.790183     2.342081
    0.712500     16.062448     2.565667
    0.720000     17.000142     3.235572
    0.727500     16.926331     4.169498
    0.735000     16.823505     4.636222
    0.742500     17.526535     4.634098
    0.750000     18.945004     4.021668
    0.757500     20.252453     2.988508
    0.765000     20.916897     2.488676
    0.772500     21.407754     2.443494
    0.780000     21.913515     2.940931
    0.787500     22.306887     3.543581
    0.795000     22.599230     3.780837
    0.802500     22.891212     3.725302
    0.810000     23.273714     3.614448
    0.817500     23.769416     3.622668
    0.825000     24.249595     3.813979
    0.832500     24.599473     4.071580
    0.840000     24.868994     4.208082
    0.847500     25.172324     4.188183
    0.855000     25.653512     4.051429
    0.862500     26.291396     3.896913
    0.870000     26.808363     3.856002
    0.877500     27.132745     3.892926
    0.885000     27.489100     3.899071
    0.892500     27.870681     3.987005
    0.900000     28.172671     4.188373
    0.907500     28.481586     4.249578
    0.915000     28.799612     4.127665
    0.922500     29.055473     3.974555
    0.930000     29.361586     3.751975
    0.937500     29.791193     3.398046
    0.945000     30.179983     3.096936
    0.952500     30.422151     2.986339
    0.960000     30.605606     2.950039
    0.967500     30.803528     2.899974
    0.975000     31.051802     2.816087
    0.982500     31.347596     2.726750
    0.990000     31.593290     2.697896
    0.997500     31.679798     2.775439
    1.005000     31.697195     2.911758
    1.012500     31.868901     2.980643
    1.020000     32.236409     2.938600
    1.027500     32.622797     2.869349
    1.035000     32.952638     2.783731
    1.042500     33.309701     2.581145
    1.050000     33.638572     2.308970
    1.057500     33.779657     2.174469
    1.065000     33.709167     2.248179
    1.072500     33.560324     2.422004
    1.080000     33.542061     2.540863
    1.087500     33.735948     2.564753
    1.095000     34.017801     2.561106
    1.102500     34.255878     2.543596
    1.110000     34.440434     2.508935
    1.117500     34.614030     2.501766
    1.125000     34.829538     2.515796
    1.132500     35.094935     2.538478
    1.140000     35.331000     2.613956
    1.147500     35.436709     2.721567
    1.155000     35.495288     2.737328
    1.162500     35.731376     2.714257
    1.170000     36.124402     2.772205
    1.177500     36.361941     2.857004
    1.185000     36.339290     3.001912
    1.192500     36.357532     3.144961
    1.200000     36.646698     3.168760
    1.207500     37.095846     3.079991
    1.215000     37.425909     2.946907
    1.222500     37.537288     2.821389
    1.230000     37.509345     2.754928
    1.237500     37.480761     2.707689
    1.245000     37.564426     2.644759
    1.252500     37.698492     2.620382
    1.260000     37.770617     2.602255
    1.267500     37.855936     2.507945
    1.275000     38.003061     2.304104
    1.282500     38.078621     2.208739
    1.290000     37.982063     2.217579
    1.297500     37.779038     2.176528
    1.305000     37.608513     2.083857
    1.312500     37.546269     1.909549
    1.320000     37.531772     1.745447
    1.327500     37.459731     1.672202
    1.335000     37.328309     1.718149
    1.342500     37.160745     1.880338
    1.350000     36.974095     2.072208
    1.357500     36.828692     2.159289
    1.365000     36.727041     2.163712
    1.372500     36.651943     2.187200
    1.380000     36.677797     2.058848
    1.387500     36.826225     1.649330
    1.395000     36.944609     1.223632
    1.402500     36.936637     1.117253
    1.410000     36.926007     1.324316
    1.417500     37.065944     1.705059
    1.425000     37.348263     2.135970
    1.432500     37.624777     2.381222
    1.440000     37.776654     2.311692
    1.447500     37.766677     2.145889
    1.455000     37.661498     2.097362
    1.462500     37.579674     2.135672
    1.470000     37.532750     2.213919
    1.477500     37.495092     2.320457
    1.485000     37.476359     2.391429
    1.492500     37.494766     2.376187
    1.500000     37.541393     2.386764
    1.507500     37.492464     2.576053
    1.515000     37.258804     2.971948
    1.522500     37.007748     3.255131
    1.530000     36.978905     3.102449
    1.537500     37.254567     2.636243
    1.545000     37.702304     2.300995
    1.552500     38.031660     2.354020
    1.560000     38.082521     2.493168
    1.567500     37.984965     2.511734
    1.575000     37.863891     2.554795
    1.582500     37.726633     2.570670
    1.590000     37.577021     2.459942
    1.597500     37.488125     2.389600
    1.605000     37.470222     2.440433
    1.612500     37.422457     2.499982
    1.620000     37.367081     2.560231
    1.627500     37.405648     2.701479
    1.635000     37.532381     2.772851
    1.642500     37.638877     2.503857
    1.650000     37.598425     1.986377
    1.657500     37.385630     1.699439
    1.665000     37.189230     1.770589
    1.672500     37.236547     1.982936
    1.680000     37.443340     2.100344
    1.687500     37.498303     2.034681
    1.695000     37.391670     1.897857
    1.702500     37.396280     1.832701
    1.710000     37.552670     1.841030
    1.717500     37.634683     1.812045
    1.725000     37.571078     1.786023
    1.732500     37.530500     1.897602
    1.740000     37.567409     2.109371
    1.747500     37.594602     2.230294
    1.755000     37.552508     2.233885
    1.762500     37.447298     2.258133
    1.770000     37.299602     2.245198
    1.777500     37.117040     2.099341
    1.785000     36.965330     1.922946
    1.792500     36.946177     1.826952
    1.800000     37.133890     1.773035
