#! FIELDS cyl.z file.free uncertainty
#! SET sample_size 89997
#! SET effective_sample_size 445.318
#! SET fundeltaF 24.2514
#! SET blocks_num 3
#! SET blocks_effective_num 2.15301
#! SET min_cyl.z 0.3
#! SET max_cyl.z 1.8
#! SET nbins_cyl.z 201
#! SET periodic_cyl.z false
    0.300000     93.280416     4.407906
    0.307500     85.009337     4.407906
    0.315000     77.890022     4.407904
    0.322500     71.589749     4.407900
    0.330000     65.679587     4.407891
    0.337500     60.118742     4.407882
    0.345000     55.181124     4.407877
    0.352500     51.010856     4.407842
    0.360000     47.663430     4.406881
    0.367500     45.190440     4.381323
    0.375000     43.259985     3.851767
    0.382500     39.387480     3.539888
    0.390000     32.987727     5.056018
    0.397500     27.135096     5.271327
    0.405000     22.505189     5.230342
    0.412500     19.090617     5.035701
    0.420000     16.656168     4.583298
    0.427500     14.557073     3.948639
    0.435000     12.029210     3.762149
    0.442500      9.339470     3.936194
    0.450000      7.105319     3.970298
    0.457500      5.461089     3.798392
    0.465000      4.255030     3.526866
    0.472500      3.358161     3.258716
    0.480000      2.769407     2.947134
    0.487500      2.417533     2.387171
    0.495000      2.070144     1.539556
    0.502500      1.629740     0.837097
    0.510000      1.257496     0.504565
    0.517500      1.035554     0.352390
    0.525000      0.903199     0.234637
    0.532500      0.783033     0.273503
    0.540000      0.593578     0.385936
    0.547500      0.350209     0.438208
    0.555000      0.138542     0.498046
    0.562500      0.009848     0.552765
    0.570000      0.000000     0.591621
    0.577500      0.092735     0.643518
    0.585000      0.257020     0.708774
    0.592500      0.529287     0.782009
    0.600000      0.996608     0.832733
    0.607500      1.728396     0.803663
    0.615000      2.689954     0.733283
    0.622500      3.714672     0.707705
    0.630000      4.639536     0.739146
    0.637500      5.450276     0.847386
    0.645000      6.256727     0.860296
    0.652500      7.261170     0.732650
    0.660000      8.531536     0.536403
    0.667500      9.902895     0.578625
    0.675000     11.295247     0.845649
    0.682500     12.761106     1.098396
    0.690000     14.201154     1.160757
    0.697500     15.318598     0.822592
    0.705000     15.916295     0.447356
    0.712500     16.292910     0.771907
    0.720000     16.870180     1.129223
    0.727500     17.758607     1.336844
    0.735000     18.707311     1.340275
    0.742500     19.287264     1.255915
    0.750000     19.446304     1.241527
    0.757500     19.452286     1.290366
    0.765000     19.440410     1.368877
    0.772500     19.425083     1.338435
    0.780000     19.458283     1.128877
    0.787500     19.671794     0.949795
    0.795000     20.115507     0.900585
    0.802500     20.643381     0.906098
    0.810000     21.083537     0.956659
    0.817500     21.389370     1.071211
    0.825000     21.616676     1.198256
    0.832500     21.867933     1.233669
    0.840000     22.214644     1.177935
    0.847500     22.680505     1.149338
    0.855000     23.164824     1.243630
    0.862500     23.586734     1.357881
    0.870000     24.057783     1.274470
    0.877500     24.619931     1.053713
    0.885000     25.164708     0.899442
    0.892500     25.638937     0.838370
    0.900000     26.045135     0.817318
    0.907500     26.346685     0.797101
    0.915000     26.670540     0.801797
    0.922500     27.212546     0.847663
    0.930000     27.906812     0.949147
    0.937500     28.562456     1.103291
    0.945000     29.142619     1.294925
    0.952500     29.653740     1.399793
    0.960000     30.048362     1.259482
    0.967500     30.322600     1.001268
    0.975000     30.517570     0.892972
    0.982500     30.688219     0.924090
    0.990000     30.895092     0.937259
    0.997500     31.168481     0.925144
    1.005000     31.495153     1.017913
    1.012500     31.825855     1.297272
    1.020000     32.092412     1.634844
    1.027500     32.285743     1.788916
    1.035000     32.442155     1.667469
    1.042500     32.555017     1.387961
    1.050000     32.622644     1.123952
    1.057500     32.698568     0.995848
    1.065000     32.814858     1.065511
    1.072500     32.950619     1.268609
    1.080000     33.099519     1.475869
    1.087500     33.322923     1.665194
    1.095000     33.657052     1.838303
    1.102500     34.011785     1.938479
    1.110000     34.268430     1.983886
    1.117500     34.419759     2.049568
    1.125000     34.493599     2.105956
    1.132500     34.515689     2.106083
    1.140000     34.566874     2.042365
    1.147500     34.734946     1.938971
    1.155000     34.955529     1.864799
    1.162500     35.044100     1.880645
    1.170000     35.024439     1.957356
    1.177500     35.073376     2.016381
    1.185000     35.262590     2.012950
    1.192500     35.543283     1.977596
    1.200000     35.837991     1.976673
    1.207500     36.075334     2.010376
    1.215000     36.138619     2.085196
    1.222500     36.036760     2.267011
    1.230000     35.968484     2.482879
    1.237500     36.105964     2.528365
    1.245000     36.413988     2.366988
    1.252500     36.652286     2.256738
    1.260000     36.668139     2.374307
    1.267500     36.576522     2.574171
    1.275000     36.480805     2.750169
    1.282500     36.385519     2.868026
    1.290000     36.331564     2.874226
    1.297500     36.404586     2.785163
    1.305000     36.626375     2.659453
    1.312500     36.809977     2.568042
    1.320000     36.723780     2.549688
    1.327500     36.520635     2.489870
    1.335000     36.442493     2.320469
    1.342500     36.480425     2.181140
    1.350000     36.593961     2.160183
    1.357500     36.802162     2.183533
    1.365000     36.928528     2.171298
    1.372500     36.745431     2.134700
    1.380000     36.423608     2.033153
    1.387500     36.280126     1.869367
    1.395000     36.425608     1.665757
    1.402500     36.737296     1.493984
    1.410000     36.977255     1.538391
    1.417500     37.012295     1.675360
    1.425000     36.822393     1.693760
    1.432500     36.511320     1.727434
    1.440000     36.347814     1.797541
    1.447500     36.430719     1.858382
    1.455000     36.632138     1.928661
    1.462500     36.847726     1.937164
    1.470000     37.049407     1.963304
    1.477500     37.249724     2.027813
    1.485000     37.433101     2.083016
    1.492500     37.474711     2.137755
    1.500000     37.266545     2.119073
    1.507500     36.854676     1.792381
    1.515000     36.401438     1.333828
    1.522500     36.147073     1.245690
    1.530000     36.248389     1.411875
    1.537500     36.546183     1.442619
    1.545000     36.716420     1.220464
    1.552500     36.679191     1.090404
    1.560000     36.500677     1.153312
    1.567500     36.143254     1.082322
    1.575000     35.688518     0.869085
    1.582500     35.430283     0.814667
    1.590000     35.462560     0.925362
    1.597500     35.565003     1.026390
    1.605000     35.551982     1.001597
    1.612500     35.487492     0.983598
    1.620000     35.512808     1.198592
    1.627500     35.684553     1.567264
    1.635000     35.825845     1.968039
    1.642500     35.755083     2.224843
    1.650000     35.714756     2.199832
    1.657500     35.929488     2.022153
    1.665000     36.210954     1.970321
    1.672500     36.325579     2.109227
    1.680000     36.335537     2.245160
    1.687500     36.368414     2.271004
    1.695000     36.434190     2.204564
    1.702500     36.488162     2.128207
    1.710000     36.556197     2.280873
    1.717500     36.671368     2.650357
    1.725000     36.808499     2.783515
    1.732500     36.920722     2.519263
    1.740000     36.934022     2.051036
    1.747500     36.805146     1.738222
    1.755000     36.639329     1.795063
    1.762500     36.475104     2.074609
    1.770000     36.229521     2.207788
    1.777500     36.029676     2.118216
    1.785000     36.058584     2.047672
    1.792500     36.256413     2.138667
    1.800000     36.533601     2.301709
