#! FIELDS cyl.z file.free uncertainty
#! SET sample_size 14997
#! SET effective_sample_size 54.743
#! SET fundeltaF 23.5283
#! SET blocks_num 3
#! SET blocks_effective_num 1.34322
#! SET min_cyl.z 0.3
#! SET max_cyl.z 1.8
#! SET nbins_cyl.z 201
#! SET periodic_cyl.z false
    0.300000    103.339360     1.791064
    0.307500     92.928916     1.791064
    0.315000     83.880863     1.791064
    0.322500     76.185761     1.791064
    0.330000     69.812605     1.791064
    0.337500     64.690071     1.791064
    0.345000     60.671566     1.791064
    0.352500     57.511962     1.791064
    0.360000     54.905539     1.791064
    0.367500     52.444092     1.791062
    0.375000     49.650162     1.791034
    0.382500     46.802841     1.790746
    0.390000     44.506012     1.787616
    0.397500     42.646773     1.755482
    0.405000     40.655842     1.546186
    0.412500     38.472774     0.765128
    0.420000     36.360042     1.119663
    0.427500     34.278833     3.939625
    0.435000     31.951248     6.063757
    0.442500     29.145858     7.117590
    0.450000     25.829952     8.420174
    0.457500     22.496215     9.450979
    0.465000     19.816294     9.678217
    0.472500     17.867028     8.267760
    0.480000     15.453412     3.358088
    0.487500     11.854582     0.204625
    0.495000      8.436014     0.393338
    0.502500      5.699268     0.587866
    0.510000      3.613269     0.744951
    0.517500      2.142327     0.764963
    0.525000      1.189006     0.587424
    0.532500      0.554861     0.285274
    0.540000      0.133878     0.091972
    0.547500      0.000000     0.096282
    0.555000      0.209790     0.080322
    0.562500      0.597041     0.098174
    0.570000      0.810616     0.092758
    0.577500      0.869315     0.183493
    0.585000      1.205135     0.359138
    0.592500      1.949877     0.184982
    0.600000      2.788154     0.445165
    0.607500      3.522422     1.078808
    0.615000      4.339107     1.321719
    0.622500      5.180479     1.514075
    0.630000      5.800172     2.218930
    0.637500      6.378697     3.058051
    0.645000      7.346841     3.504245
    0.652500      8.993038     3.605765
    0.660000     11.261185     3.329584
    0.667500     13.532892     3.264427
    0.675000     15.205827     5.706455
    0.682500     16.347240     8.767843
    0.690000     16.837959     8.968490
    0.697500     16.770031     7.553917
    0.705000     16.703982     7.171889
    0.712500     16.985860     7.717953
    0.720000     17.615869    10.587464
    0.727500     18.501283    17.852778
    0.735000     19.533322    31.632712
    0.742500     20.186494    49.212214
    0.750000     19.991881    54.144964
    0.757500     19.614989    50.873055
    0.765000     19.671648    52.264212
    0.772500     20.268675    62.526745
    0.780000     21.211492    92.738432
    0.787500     22.068639   146.405039
    0.795000     22.510953   168.720393
    0.802500     22.577194   136.860567
    0.810000     22.576736    96.586306
    0.817500     22.937892    70.545549
    0.825000     23.799799    63.118173
    0.832500     24.761827    78.451844
    0.840000     25.224767   103.047105
    0.847500     25.366582   121.835536
    0.855000     25.622540   134.011885
    0.862500     25.983434   123.793758
    0.870000     26.267115    84.736505
    0.877500     26.619982    50.428603
    0.885000     27.485525    40.506655
    0.892500     28.935915    49.215426
    0.900000     30.328266    64.447264
    0.907500     31.101464    72.559000
    0.915000     31.661994    83.331815
    0.922500     32.298236   111.805440
    0.930000     32.914530   160.944349
    0.937500     33.422787   199.956223
    0.945000     33.855328   202.640599
    0.952500     34.191073   192.031212
    0.960000     34.380910   184.342904
    0.967500     34.440464   167.092154
    0.975000     34.246183   141.035544
    0.982500     33.879913   116.719366
    0.990000     33.779525    99.875997
    0.997500     34.011888   100.653931
    1.005000     34.119544   125.195808
    1.012500     33.993317   148.387636
    1.020000     34.065019   160.755003
    1.027500     34.485724   174.724892
    1.035000     35.061119   197.188696
    1.042500     35.476332   226.482679
    1.050000     35.506444   254.960151
    1.057500     35.279131   265.331327
    1.065000     35.054964   245.551725
    1.072500     34.937728   206.391756
    1.080000     34.977465   173.345278
    1.087500     35.092821   174.419534
    1.095000     34.968150   222.823919
    1.102500     34.652652   263.139123
    1.110000     34.613588   264.026787
    1.117500     35.042717   251.998217
    1.125000     35.832376   246.731612
    1.132500     36.782613   242.449697
    1.140000     37.592519   239.931664
    1.147500     38.048322   255.412180
    1.155000     38.214247   296.201628
    1.162500     38.064036   351.084334
    1.170000     37.538011   401.648668
    1.177500     36.955028   438.883980
    1.185000     36.824613   457.224603
    1.192500     37.300742   455.716560
    1.200000     38.072256   429.547062
    1.207500     38.578999   385.154502
    1.215000     38.677544   354.220786
    1.222500     38.660562   343.672146
    1.230000     38.492514   361.931953
    1.237500     38.036902   409.949662
    1.245000     37.537727   451.727064
    1.252500     37.334649   469.368116
    1.260000     37.581392   464.176777
    1.267500     38.293454   435.931458
    1.275000     39.252484   382.868915
    1.282500     39.817315   305.895255
    1.290000     39.248130   245.067547
    1.297500     38.264969   239.356904
    1.305000     37.869144   245.844464
    1.312500     38.121069   233.643429
    1.320000     38.431553   201.966328
    1.327500     38.156346   197.150542
    1.335000     37.362579   209.689303
    1.342500     36.433146   189.715632
    1.350000     35.710315   157.621781
    1.357500     35.461734   150.762115
    1.365000     35.793877   176.391185
    1.372500     36.624793   213.623701
    1.380000     37.676264   235.396939
    1.387500     38.440259   246.329402
    1.395000     38.493601   255.820164
    1.402500     38.200518   256.728242
    1.410000     38.248351   265.796925
    1.417500     38.828341   294.957564
    1.425000     39.600718   328.101437
    1.432500     40.157306   334.916040
    1.440000     40.343148   348.318844
    1.447500     39.960707   404.624471
    1.455000     39.149383   445.809659
    1.462500     38.490253   437.631462
    1.470000     38.220794   386.379822
    1.477500     38.100196   314.900069
    1.485000     37.916066   275.047995
    1.492500     37.790752   284.352154
    1.500000     37.587445   310.775309
    1.507500     36.700704   294.052447
    1.515000     35.442572   236.445104
    1.522500     34.679972   182.750616
    1.530000     34.770064   155.621378
    1.537500     35.649404   177.060232
    1.545000     36.737107   253.293742
    1.552500     37.100453   300.487067
    1.560000     36.782661   290.225754
    1.567500     36.371222   275.878375
    1.575000     36.096467   269.567743
    1.582500     36.113897   276.519827
    1.590000     36.310115   284.273410
    1.597500     36.206997   258.192436
    1.605000     35.842128   222.965854
    1.612500     35.787266   223.233518
    1.620000     36.331438   265.300968
    1.627500     37.239931   344.161556
    1.635000     37.736805   414.853629
    1.642500     37.617795   418.445731
    1.650000     37.447949   379.344160
    1.657500     37.222148   333.434136
    1.665000     36.764758   319.447762
    1.672500     36.452065   331.251228
    1.680000     36.604485   333.747100
    1.687500     36.982420   307.390147
    1.695000     37.075713   265.050385
    1.702500     36.858569   230.855356
    1.710000     36.657879   220.871429
    1.717500     36.565868   226.011167
    1.725000     36.448248   209.136496
    1.732500     36.411662   181.890595
    1.740000     36.748668   189.254376
    1.747500     37.353361   253.767699
    1.755000     37.521883   347.145069
    1.762500     37.058199   377.662861
    1.770000     36.678095   352.227196
    1.777500     36.589520   330.835863
    1.785000     36.421219   358.523257
    1.792500     36.136464   400.687183
    1.800000     36.276547   417.700201
