#! FIELDS cyl.z file.free uncertainty
#! SET sample_size 189999
#! SET effective_sample_size 757.601
#! SET fundeltaF 22.7222
#! SET blocks_num 3
#! SET blocks_effective_num 2.6864
#! SET min_cyl.z 0.3
#! SET max_cyl.z 1.8
#! SET nbins_cyl.z 201
#! SET periodic_cyl.z false
    0.300000    109.812930     3.901469
    0.307500     99.402180     3.900873
    0.315000     90.353659     3.899964
    0.322500     82.657861     3.898614
    0.330000     76.283728     3.896715
    0.337500     71.159968     3.894338
    0.345000     67.140288     3.892057
    0.352500     63.979756     3.890260
    0.360000     61.363496     3.871316
    0.367500     58.739360     3.572357
    0.375000     54.752516     1.973411
    0.382500     48.739032     0.829780
    0.390000     42.057888     0.943784
    0.397500     35.737661     1.039556
    0.405000     30.218920     1.151374
    0.412500     25.648935     1.203621
    0.420000     21.933445     1.168334
    0.427500     18.795049     1.011224
    0.435000     15.961399     0.766222
    0.442500     13.404634     0.611573
    0.450000     11.262432     0.588048
    0.457500      9.561688     0.597735
    0.465000      8.164221     0.581306
    0.472500      6.954748     0.589824
    0.480000      5.935192     0.664337
    0.487500      5.073912     0.751674
    0.495000      4.269677     0.802842
    0.502500      3.497138     0.766903
    0.510000      2.790578     0.626137
    0.517500      2.125308     0.403049
    0.525000      1.473599     0.181065
    0.532500      0.920638     0.008279
    0.540000      0.574273     0.138581
    0.547500      0.410792     0.238115
    0.555000      0.283150     0.239998
    0.562500      0.106432     0.164796
    0.570000      0.000000     0.129440
    0.577500      0.122435     0.150003
    0.585000      0.478973     0.166365
    0.592500      0.938739     0.159800
    0.600000      1.422829     0.117999
    0.607500      2.028773     0.101319
    0.615000      2.872932     0.121729
    0.622500      3.893149     0.204264
    0.630000      4.835483     0.349250
    0.637500      5.552065     0.416690
    0.645000      6.198635     0.325492
    0.652500      6.902026     0.115152
    0.660000      7.720615     0.266292
    0.667500      8.819298     0.487791
    0.675000     10.288640     0.607287
    0.682500     11.813315     0.465780
    0.690000     12.792161     0.241493
    0.697500     13.268428     0.319613
    0.705000     13.806284     0.552242
    0.712500     14.702943     0.780720
    0.720000     15.775163     0.927984
    0.727500     16.446500     1.418715
    0.735000     16.749108     1.855448
    0.742500     17.232406     1.654447
    0.750000     17.878997     1.096063
    0.757500     18.421425     0.760260
    0.765000     19.004480     0.566342
    0.772500     19.768046     0.476993
    0.780000     20.421893     0.542098
    0.787500     20.690447     0.608867
    0.795000     20.792173     0.614663
    0.802500     21.014283     0.610354
    0.810000     21.379337     0.640669
    0.817500     21.774450     0.684864
    0.825000     22.172863     0.688390
    0.832500     22.629628     0.637528
    0.840000     23.122533     0.570124
    0.847500     23.586895     0.524359
    0.855000     24.072855     0.470170
    0.862500     24.635795     0.416147
    0.870000     25.212107     0.460521
    0.877500     25.707334     0.584968
    0.885000     26.112702     0.627915
    0.892500     26.497270     0.590488
    0.900000     26.898674     0.596712
    0.907500     27.298203     0.653576
    0.915000     27.639023     0.692110
    0.922500     27.897337     0.730241
    0.930000     28.164892     0.714500
    0.937500     28.507737     0.618438
    0.945000     28.844829     0.568053
    0.952500     29.107928     0.634594
    0.960000     29.319354     0.725022
    0.967500     29.496117     0.754371
    0.975000     29.669992     0.699157
    0.982500     29.885443     0.583882
    0.990000     30.127246     0.508931
    0.997500     30.335047     0.566929
    1.005000     30.505145     0.697480
    1.012500     30.705162     0.761983
    1.020000     30.943451     0.736803
    1.027500     31.150975     0.709397
    1.035000     31.349775     0.707986
    1.042500     31.600034     0.700938
    1.050000     31.853134     0.698196
    1.057500     32.030169     0.719903
    1.065000     32.134742     0.749261
    1.072500     32.238053     0.779399
    1.080000     32.403891     0.829535
    1.087500     32.633089     0.872606
    1.095000     32.874950     0.895040
    1.102500     33.099330     0.903807
    1.110000     33.307864     0.903001
    1.117500     33.486092     0.895394
    1.125000     33.642082     0.887544
    1.132500     33.830459     0.890960
    1.140000     34.048754     0.925055
    1.147500     34.193530     0.988295
    1.155000     34.245993     1.025451
    1.162500     34.359124     1.023685
    1.170000     34.587052     1.044199
    1.177500     34.780817     1.115150
    1.185000     34.841138     1.200108
    1.192500     34.891874     1.248305
    1.200000     35.072488     1.250862
    1.207500     35.362170     1.237495
    1.215000     35.656767     1.195026
    1.222500     35.868511     1.131614
    1.230000     35.959619     1.094471
    1.237500     35.954615     1.084307
    1.245000     35.926660     1.098300
    1.252500     35.933552     1.139720
    1.260000     35.990767     1.168198
    1.267500     36.069140     1.170046
    1.275000     36.050888     1.201983
    1.282500     35.856696     1.311861
    1.290000     35.628435     1.421786
    1.297500     35.591117     1.424508
    1.305000     35.770614     1.312605
    1.312500     35.941399     1.164614
    1.320000     35.869190     1.093246
    1.327500     35.619100     1.129942
    1.335000     35.422058     1.168967
    1.342500     35.288293     1.196135
    1.350000     35.093185     1.239885
    1.357500     34.901121     1.270717
    1.365000     34.807934     1.275517
    1.372500     34.775453     1.279672
    1.380000     34.820723     1.276702
    1.387500     34.988535     1.229817
    1.395000     35.167987     1.142619
    1.402500     35.192534     1.098034
    1.410000     35.091497     1.165211
    1.417500     35.072168     1.282770
    1.425000     35.207676     1.377332
    1.432500     35.393969     1.410296
    1.440000     35.541331     1.382260
    1.447500     35.596057     1.354612
    1.455000     35.581114     1.350372
    1.462500     35.586268     1.334002
    1.470000     35.589842     1.307505
    1.477500     35.512387     1.314656
    1.485000     35.382494     1.362307
    1.492500     35.315983     1.404946
    1.500000     35.363365     1.430037
    1.507500     35.421120     1.460207
    1.515000     35.377572     1.488319
    1.522500     35.298686     1.489380
    1.530000     35.323696     1.460119
    1.537500     35.493990     1.441670
    1.545000     35.716452     1.478219
    1.552500     35.812897     1.538950
    1.560000     35.730393     1.575968
    1.567500     35.590891     1.594634
    1.575000     35.473869     1.625096
    1.582500     35.380963     1.660991
    1.590000     35.318555     1.661144
    1.597500     35.327849     1.615174
    1.605000     35.380965     1.546573
    1.612500     35.368849     1.494983
    1.620000     35.320830     1.494765
    1.627500     35.347981     1.529293
    1.635000     35.441738     1.553395
    1.642500     35.519008     1.538408
    1.650000     35.483737     1.501549
    1.657500     35.277896     1.492268
    1.665000     35.016356     1.536762
    1.672500     34.900117     1.601317
    1.680000     34.951349     1.611803
    1.687500     34.989244     1.544021
    1.695000     34.936546     1.475234
    1.702500     34.913534     1.467297
    1.710000     34.986106     1.493684
    1.717500     35.076781     1.506537
    1.725000     35.101563     1.510279
    1.732500     35.089835     1.536995
    1.740000     35.066564     1.592620
    1.747500     34.989539     1.644014
    1.755000     34.853065     1.667095
    1.762500     34.748592     1.654061
    1.770000     34.726529     1.603225
    1.777500     34.729005     1.535869
    1.785000     34.776966     1.453106
    1.792500     34.919490     1.352589
    1.800000     35.124705     1.295653
