#! FIELDS cyl.z file.free uncertainty
#! SET sample_size 14997
#! SET effective_sample_size 21.2494
#! SET fundeltaF 30.3
#! SET blocks_num 3
#! SET blocks_effective_num 1.01171
#! SET min_cyl.z 0.3
#! SET max_cyl.z 1.8
#! SET nbins_cyl.z 201
#! SET periodic_cyl.z false
    0.300000    258.790384     1.763325
    0.307500    234.726514     1.763325
    0.315000    212.003763     1.763325
    0.322500    190.635617     1.763325
    0.330000    170.633559     1.763325
    0.337500    152.006446     1.763325
    0.345000    134.760444     1.763325
    0.352500    118.899196     1.763325
    0.360000    104.423966     1.763325
    0.367500     91.333604     1.763325
    0.375000     79.624221     1.763325
    0.382500     69.288461     1.763325
    0.390000     60.314274     1.763325
    0.397500     52.683040     1.763325
    0.405000     46.366937     1.763325
    0.412500     41.325243     1.763325
    0.420000     37.498099     1.763325
    0.427500     34.788171     1.763325
    0.435000     32.984070     1.763325
    0.442500     31.553222     1.763325
    0.450000     29.833233     1.763325
    0.457500     28.050688     1.763325
    0.465000     26.590375     1.763325
    0.472500     24.890706     1.763325
    0.480000     22.450144     1.763325
    0.487500     19.915811     1.763325
    0.495000     17.784840     1.763325
    0.502500     16.127895     1.763325
    0.510000     14.986486     1.763325
    0.517500     14.388552     1.763325
    0.525000     13.930978     1.763325
    0.532500     12.698780     1.763325
    0.540000     10.917845     1.763325
    0.547500      9.527656     1.763325
    0.555000      8.730789     1.763325
    0.562500      8.033629     1.763325
    0.570000      6.866830     1.763325
    0.577500      5.524869     1.763325
    0.585000      4.497259     1.763325
    0.592500      3.894717     1.763325
    0.600000      3.614069     1.763325
    0.607500      3.570214     1.763325
    0.615000      3.409622     1.763325
    0.622500      2.512945     1.763325
    0.630000      1.363675     1.763324
    0.637500      0.748804     1.763297
    0.645000      0.852205     1.762750
    0.652500      1.211026     1.755515
    0.660000      0.905081     1.714158
    0.667500      0.208230     1.602823
    0.675000      0.000000     1.372029
    0.682500      0.478818     0.946284
    0.690000      1.128394     0.312591
    0.697500      1.248814     0.729120
    0.705000      1.147810     2.100450
    0.712500      1.190090     3.467471
    0.720000      1.291838     3.627379
    0.727500      1.585169     2.712433
    0.735000      2.243944     1.791241
    0.742500      3.210714     1.615448
    0.750000      4.291116     2.609244
    0.757500      5.031035     3.936218
    0.765000      5.153116     4.232294
    0.772500      5.235115     4.458427
    0.780000      5.843477     5.468294
    0.787500      7.031843     7.119119
    0.795000      8.587184     8.295013
    0.802500     10.300757     9.719016
    0.810000     12.053919    16.591196
    0.817500     13.686988    40.380585
    0.825000     14.796466    75.188044
    0.832500     15.574218    93.483660
    0.840000     16.737147   112.667875
    0.847500     18.402962   170.201661
    0.855000     19.917264   252.529082
    0.862500     20.523652   267.679482
    0.870000     20.611245   264.792571
    0.877500     21.000139   285.178014
    0.885000     21.981760   302.628136
    0.892500     23.272794   290.482711
    0.900000     24.330935   266.331063
    0.907500     24.803690   274.126847
    0.915000     24.879236   318.921702
    0.922500     25.030501   391.501386
    0.930000     25.435729   461.745403
    0.937500     25.940624   486.356677
    0.945000     26.368975   472.117331
    0.952500     26.799767   467.673858
    0.960000     27.350514   470.388407
    0.967500     28.027888   457.061340
    0.975000     28.854642   441.761673
    0.982500     29.719488   450.031444
    0.990000     30.348181   477.614694
    0.997500     30.874293   491.699149
    1.005000     31.667955   481.259531
    1.012500     32.733641   450.656370
    1.020000     33.817663   397.281043
    1.027500     34.730654   355.106694
    1.035000     35.422016   378.886286
    1.042500     35.958477   413.740756
    1.050000     36.343769   362.170910
    1.057500     36.545670   273.071929
    1.065000     36.796128   238.531607
    1.072500     37.195881   235.757526
    1.080000     37.482011   235.685223
    1.087500     37.687201   234.505519
    1.095000     38.087878   239.719124
    1.102500     38.557339   250.194174
    1.110000     38.855484   257.060831
    1.117500     39.164699   251.538620
    1.125000     39.680389   241.210697
    1.132500     40.300698   243.641665
    1.140000     40.861244   257.579288
    1.147500     41.199935   264.477854
    1.155000     41.210236   265.996363
    1.162500     41.164935   268.885990
    1.170000     41.323378   271.284297
    1.177500     41.563013   277.030455
    1.185000     41.686271   288.119652
    1.192500     41.724370   292.158048
    1.200000     41.791617   284.775000
    1.207500     41.939315   279.722685
    1.215000     42.149830   292.559147
    1.222500     42.342005   327.069843
    1.230000     42.398674   353.809909
    1.237500     42.274899   348.944435
    1.245000     42.156391   335.779122
    1.252500     42.276505   339.872595
    1.260000     42.587413   359.916625
    1.267500     42.733935   369.367702
    1.275000     42.520535   358.650368
    1.282500     42.244990   356.305771
    1.290000     42.211519   375.145764
    1.297500     42.391475   402.210102
    1.305000     42.565789   415.460093
    1.312500     42.655959   424.795489
    1.320000     42.767398   440.360956
    1.327500     42.891789   441.857768
    1.335000     42.834617   419.330139
    1.342500     42.579345   390.397562
    1.350000     42.298750   364.842181
    1.357500     42.046810   341.354621
    1.365000     41.868657   332.373259
    1.372500     41.823818   355.928626
    1.380000     41.867381   401.582171
    1.387500     41.962340   427.705423
    1.395000     42.100391   416.330689
    1.402500     42.169937   385.782303
    1.410000     42.037000   370.188361
    1.417500     41.760229   386.548376
    1.425000     41.599668   405.530294
    1.432500     41.712093   390.533553
    1.440000     41.972642   346.419977
    1.447500     42.116631   315.425445
    1.455000     42.067116   321.474460
    1.462500     41.977355   354.066708
    1.470000     41.975950   388.036118
    1.477500     42.020418   403.157812
    1.485000     41.992817   408.587840
    1.492500     41.909156   424.332855
    1.500000     41.886656   442.746140
    1.507500     41.967712   453.481601
    1.515000     42.093742   456.799384
    1.522500     42.172673   456.190804
    1.530000     42.154723   474.067564
    1.537500     42.060095   520.779430
    1.545000     41.954650   560.399429
    1.552500     41.931043   560.560000
    1.560000     42.036072   536.705942
    1.567500     42.187596   517.468092
    1.575000     42.268130   502.698504
    1.582500     42.331165   484.153081
    1.590000     42.489138   477.080108
    1.597500     42.686799   492.354149
    1.605000     42.768253   506.986514
    1.612500     42.708323   507.603679
    1.620000     42.599594   520.080744
    1.627500     42.499559   552.894679
    1.635000     42.469329   571.071824
    1.642500     42.550558   548.247370
    1.650000     42.668673   507.582997
    1.657500     42.722270   485.438806
    1.665000     42.680475   481.091333
    1.672500     42.570107   470.605389
    1.680000     42.485986   447.399494
    1.687500     42.441412   420.270105
    1.695000     42.381237   397.967065
    1.702500     42.385650   384.071984
    1.710000     42.507126   378.894613
    1.717500     42.699310   385.889362
    1.725000     42.920820   398.661127
    1.732500     43.077136   392.898961
    1.740000     43.101134   367.517160
    1.747500     43.052843   355.083299
    1.755000     43.026812   361.495457
    1.762500     42.992395   368.735505
    1.770000     42.864344   380.281929
    1.777500     42.759425   406.981322
    1.785000     42.840432   437.789525
    1.792500     43.080108   456.062881
    1.800000     43.341054   464.538284
