#! FIELDS cyl.z file.free uncertainty
#! SET sample_size 189999
#! SET effective_sample_size 1340.97
#! SET fundeltaF 24.9868
#! SET blocks_num 3
#! SET blocks_effective_num 2.36771
#! SET min_cyl.z 0.3
#! SET max_cyl.z 1.8
#! SET nbins_cyl.z 201
#! SET periodic_cyl.z false
    0.300000    415.849655     1.828845
    0.307500    385.683247     1.828845
    0.315000    356.919561     1.828844
    0.322500    329.558338     1.828844
    0.330000    303.599101     1.828844
    0.337500    279.040934     1.828842
    0.345000    255.882019     1.828832
    0.352500    234.118601     1.828782
    0.360000    213.742639     1.828533
    0.367500    194.736318     1.827301
    0.375000    177.059229     1.821418
    0.382500    160.620300     1.795443
    0.390000    145.232430     1.699640
    0.397500    130.610208     1.454738
    0.405000    116.551857     1.129688
    0.412500    103.141606     1.058906
    0.420000     90.594469     1.277874
    0.427500     79.014972     1.448173
    0.435000     68.335155     1.320497
    0.442500     58.399369     0.943421
    0.450000     49.173109     0.892573
    0.457500     40.811893     1.209342
    0.465000     33.484465     1.493636
    0.472500     27.258620     1.689477
    0.480000     22.120251     1.811895
    0.487500     18.017645     1.842894
    0.495000     14.859906     1.718943
    0.502500     12.428316     1.367851
    0.510000     10.298041     0.886957
    0.517500      8.146338     0.539264
    0.525000      6.112686     0.331686
    0.532500      4.410707     0.209529
    0.540000      3.053917     0.167509
    0.547500      1.989197     0.207101
    0.555000      1.201825     0.249618
    0.562500      0.668437     0.241635
    0.570000      0.304402     0.223270
    0.577500      0.060546     0.221704
    0.585000      0.000000     0.220543
    0.592500      0.172339     0.179255
    0.600000      0.505904     0.105955
    0.607500      0.811703     0.113221
    0.615000      0.923665     0.202693
    0.622500      0.935668     0.337613
    0.630000      1.055647     0.395080
    0.637500      1.280554     0.299262
    0.645000      1.449825     0.152614
    0.652500      1.528865     0.100331
    0.660000      1.565778     0.130003
    0.667500      1.534132     0.180410
    0.675000      1.486755     0.181230
    0.682500      1.569722     0.107846
    0.690000      1.807994     0.041596
    0.697500      2.098744     0.045477
    0.705000      2.366356     0.084381
    0.712500      2.610700     0.139097
    0.720000      2.894897     0.169539
    0.727500      3.244916     0.158792
    0.735000      3.604183     0.170642
    0.742500      3.983712     0.216032
    0.750000      4.463917     0.276659
    0.757500      5.020019     0.387340
    0.765000      5.564790     0.477063
    0.772500      6.065922     0.479050
    0.780000      6.522806     0.406227
    0.787500      6.945139     0.347613
    0.795000      7.354790     0.388213
    0.802500      7.805801     0.478307
    0.810000      8.355337     0.530079
    0.817500      8.985093     0.472359
    0.825000      9.542754     0.348928
    0.832500      9.981364     0.416710
    0.840000     10.551236     0.633742
    0.847500     11.401538     0.760233
    0.855000     12.361988     0.749215
    0.862500     13.220679     0.686969
    0.870000     14.007971     0.612727
    0.877500     14.836017     0.521248
    0.885000     15.699757     0.417936
    0.892500     16.437946     0.594168
    0.900000     16.964805     1.171492
    0.907500     17.577777     1.421557
    0.915000     18.419802     1.073844
    0.922500     18.977536     0.259879
    0.930000     18.873758     0.462600
    0.937500     18.808728     0.722422
    0.945000     19.411549     0.603220
    0.952500     20.578169     0.176937
    0.960000     21.634495     0.299452
    0.967500     22.244932     0.387577
    0.975000     22.715161     0.337612
    0.982500     23.181772     0.226821
    0.990000     23.669538     0.146675
    0.997500     24.293245     0.244319
    1.005000     25.046877     0.351339
    1.012500     25.739923     0.433884
    1.020000     26.255422     0.581545
    1.027500     26.646337     0.804776
    1.035000     26.993102     0.870597
    1.042500     27.359179     0.756112
    1.050000     27.755593     0.704896
    1.057500     28.120741     0.737614
    1.065000     28.415560     0.701498
    1.072500     28.628595     0.594680
    1.080000     28.818523     0.462950
    1.087500     29.146637     0.383837
    1.095000     29.610451     0.521667
    1.102500     29.967385     0.689469
    1.110000     30.057506     0.710193
    1.117500     30.110417     0.658849
    1.125000     30.392828     0.543279
    1.132500     30.839122     0.382576
    1.140000     31.185147     0.165922
    1.147500     31.364364     0.219246
    1.155000     31.524269     0.637510
    1.162500     31.735384     1.160838
    1.170000     32.051224     1.338108
    1.177500     32.465431     1.108585
    1.185000     32.822340     0.832991
    1.192500     33.113409     0.634771
    1.200000     33.468249     0.439211
    1.207500     33.784363     0.286179
    1.215000     33.878530     0.240552
    1.222500     33.939899     0.409722
    1.230000     34.220490     0.660873
    1.237500     34.669872     0.853220
    1.245000     35.079191     0.883565
    1.252500     35.315402     0.848999
    1.260000     35.452277     0.878181
    1.267500     35.618683     0.946273
    1.275000     35.782643     0.994449
    1.282500     35.849277     1.013890
    1.290000     35.783230     1.070454
    1.297500     35.659339     1.136989
    1.305000     35.611734     1.137123
    1.312500     35.691173     1.103534
    1.320000     35.874246     1.108520
    1.327500     36.070565     1.185929
    1.335000     36.158944     1.302135
    1.342500     36.101825     1.444878
    1.350000     35.928083     1.644989
    1.357500     35.735396     1.816080
    1.365000     35.684750     1.849308
    1.372500     35.840423     1.708864
    1.380000     36.083399     1.441564
    1.387500     36.271926     1.204384
    1.395000     36.424413     1.110948
    1.402500     36.498330     1.204765
    1.410000     36.344395     1.453772
    1.417500     36.117396     1.643044
    1.425000     36.049541     1.657055
    1.432500     36.109398     1.549182
    1.440000     36.198747     1.431364
    1.447500     36.308480     1.342121
    1.455000     36.402626     1.304797
    1.462500     36.426184     1.384046
    1.470000     36.410597     1.525038
    1.477500     36.384878     1.584871
    1.485000     36.325671     1.465905
    1.492500     36.299674     1.247556
    1.500000     36.377664     1.086242
    1.507500     36.511121     1.003451
    1.515000     36.651396     0.969545
    1.522500     36.755017     1.049179
    1.530000     36.750755     1.244304
    1.537500     36.686637     1.399556
    1.545000     36.685918     1.338147
    1.552500     36.795077     1.032070
    1.560000     36.957869     0.699501
    1.567500     36.995781     0.655849
    1.575000     36.770885     0.881287
    1.582500     36.475488     1.190506
    1.590000     36.354211     1.412599
    1.597500     36.362289     1.442682
    1.605000     36.379772     1.307015
    1.612500     36.430193     1.076172
    1.620000     36.487599     0.945311
    1.627500     36.512665     0.982697
    1.635000     36.607937     0.952351
    1.642500     36.792494     0.837026
    1.650000     36.841324     0.748163
    1.657500     36.652047     0.740129
    1.665000     36.455553     0.769614
    1.672500     36.449168     0.682863
    1.680000     36.597447     0.566128
    1.687500     36.688761     0.625654
    1.695000     36.606824     0.790105
    1.702500     36.511397     0.870560
    1.710000     36.511466     0.858562
    1.717500     36.491669     0.819623
    1.725000     36.359491     0.779000
    1.732500     36.243486     0.744343
    1.740000     36.267672     0.750858
    1.747500     36.361205     0.807064
    1.755000     36.392655     0.916061
    1.762500     36.374344     1.057479
    1.770000     36.433412     1.146885
    1.777500     36.570006     1.127642
    1.785000     36.569556     1.079514
    1.792500     36.445506     1.089046
    1.800000     36.503316     1.110812
