#! FIELDS cyl.z file.free uncertainty
#! SET sample_size 90000
#! SET effective_sample_size 117.881
#! SET fundeltaF 29.1376
#! SET blocks_num 3
#! SET blocks_effective_num 2.02327
#! SET min_cyl.z 0.3
#! SET max_cyl.z 1.8
#! SET nbins_cyl.z 201
#! SET periodic_cyl.z false
    0.300000    120.951889    15.779225
    0.307500    112.211229    15.163163
    0.315000    104.557816    13.921815
    0.322500     97.834141    11.764003
    0.330000     91.886279     8.789857
    0.337500     86.640782     5.827235
    0.345000     82.132930     3.891673
    0.352500     78.368255     3.139861
    0.360000     74.802673     2.662805
    0.367500     68.651258     1.353135
    0.375000     59.599137     1.158787
    0.382500     50.996135     1.134337
    0.390000     43.579257     1.097206
    0.397500     37.362670     1.084463
    0.405000     32.226832     1.133555
    0.412500     28.001259     1.277018
    0.420000     24.523067     1.508211
    0.427500     21.625764     1.771355
    0.435000     19.036533     1.966362
    0.442500     16.431025     2.010162
    0.450000     13.709937     2.029077
    0.457500     11.070502     2.178865
    0.465000      8.756750     2.393096
    0.472500      6.892187     2.529615
    0.480000      5.487387     2.481525
    0.487500      4.368001     2.191443
    0.495000      3.238153     1.761989
    0.502500      2.095572     1.371294
    0.510000      1.206726     1.013740
    0.517500      0.750577     0.705709
    0.525000      0.690698     0.521324
    0.532500      0.789080     0.447630
    0.540000      0.838912     0.429073
    0.547500      0.770221     0.326484
    0.555000      0.510326     0.121383
    0.562500      0.175080     0.391543
    0.570000      0.000000     0.564604
    0.577500      0.047151     0.668290
    0.585000      0.262002     0.793594
    0.592500      0.592859     0.882789
    0.600000      1.068662     0.815450
    0.607500      1.777045     0.653492
    0.615000      2.679239     0.557739
    0.622500      3.495117     0.541385
    0.630000      4.174284     0.461060
    0.637500      5.232147     0.306064
    0.645000      7.033726     0.159177
    0.652500      9.293051     0.347394
    0.660000     11.081090     0.928408
    0.667500     12.284677     1.331462
    0.675000     13.588758     1.514627
    0.682500     15.228332     1.600364
    0.690000     17.235532     1.579221
    0.697500     19.001158     1.642222
    0.705000     18.919066     1.667124
    0.712500     17.862299     1.532380
    0.720000     17.328390     1.572097
    0.727500     17.668862     1.610283
    0.735000     18.866301     1.653137
    0.742500     20.824404     1.800588
    0.750000     23.140175     2.987313
    0.757500     24.527629     5.589381
    0.765000     24.715345     6.349492
    0.772500     24.773071     6.131238
    0.780000     25.006138     5.926201
    0.787500     25.346533     5.790205
    0.795000     25.631972     5.708476
    0.802500     25.793377     6.029196
    0.810000     26.003040     7.083232
    0.817500     26.349371     8.546642
    0.825000     26.710836     9.349005
    0.832500     27.001103     9.232228
    0.840000     27.277004     8.978828
    0.847500     27.690663     8.663006
    0.855000     28.305791     7.894183
    0.862500     29.030012     6.829065
    0.870000     29.828555     5.959978
    0.877500     30.703781     5.527882
    0.885000     31.527978     5.632392
    0.892500     32.165954     5.794191
    0.900000     32.543181     5.599011
    0.907500     32.847382     5.547720
    0.915000     33.374360     6.000079
    0.922500     33.993418     6.672384
    0.930000     34.401232     6.521628
    0.937500     34.704678     5.468268
    0.945000     35.097076     4.825047
    0.952500     35.443208     5.362516
    0.960000     35.569997     6.323137
    0.967500     35.625457     6.828004
    0.975000     35.757519     6.775623
    0.982500     36.039971     6.184421
    0.990000     36.510622     5.292759
    0.997500     37.008948     4.552259
    1.005000     37.352553     4.240910
    1.012500     37.549120     4.232820
    1.020000     37.671279     4.250758
    1.027500     37.763350     4.261651
    1.035000     37.812886     4.530122
    1.042500     37.814978     5.086206
    1.050000     37.858259     5.585481
    1.057500     38.036974     5.701172
    1.065000     38.321410     5.533497
    1.072500     38.602503     5.507751
    1.080000     38.820075     5.560856
    1.087500     38.947605     5.182914
    1.095000     39.008498     4.535056
    1.102500     39.124851     4.244498
    1.110000     39.372608     4.386465
    1.117500     39.692329     4.620633
    1.125000     39.973341     4.703922
    1.132500     40.164525     4.642090
    1.140000     40.235332     4.482619
    1.147500     40.246322     4.357975
    1.155000     40.354969     4.332677
    1.162500     40.541091     4.241813
    1.170000     40.670661     4.048713
    1.177500     40.804792     4.004686
    1.185000     41.035073     4.151937
    1.192500     41.276541     4.256570
    1.200000     41.490525     4.250832
    1.207500     41.735933     4.202510
    1.215000     41.931903     4.049212
    1.222500     41.959890     3.894492
    1.230000     41.911246     3.877321
    1.237500     41.874484     3.837720
    1.245000     41.861362     3.666051
    1.252500     41.901476     3.465058
    1.260000     41.951954     3.426176
    1.267500     41.981636     3.587036
    1.275000     42.069453     3.666112
    1.282500     42.210755     3.500813
    1.290000     42.267682     3.248324
    1.297500     42.174113     3.040704
    1.305000     42.037519     2.916048
    1.312500     41.999516     2.893693
    1.320000     41.992440     2.934289
    1.327500     41.914511     2.978480
    1.335000     41.783744     3.013100
    1.342500     41.574547     3.041201
    1.350000     41.383694     3.011353
    1.357500     41.400203     2.936704
    1.365000     41.596344     3.091604
    1.372500     41.713052     3.717925
    1.380000     41.633005     4.227313
    1.387500     41.491674     4.122062
    1.395000     41.352803     3.876791
    1.402500     41.225711     3.950924
    1.410000     41.232132     4.189647
    1.417500     41.423996     4.145325
    1.425000     41.612836     3.599101
    1.432500     41.649436     2.969057
    1.440000     41.678662     2.636986
    1.447500     41.862631     2.620598
    1.455000     42.157277     2.943788
    1.462500     42.444695     3.477255
    1.470000     42.646009     3.808663
    1.477500     42.692174     3.723284
    1.485000     42.651369     3.763690
    1.492500     42.562888     4.587446
    1.500000     42.338032     5.858072
    1.507500     42.067526     6.464144
    1.515000     41.945797     6.437411
    1.522500     41.966274     6.638569
    1.530000     42.019078     6.992182
    1.537500     42.141267     6.640210
    1.545000     42.293457     5.764168
    1.552500     42.255278     5.430031
    1.560000     42.075325     5.544056
    1.567500     41.962963     5.302938
    1.575000     41.924004     4.791596
    1.582500     41.845835     4.534901
    1.590000     41.712314     4.607111
    1.597500     41.634300     4.830437
    1.605000     41.629314     5.139420
    1.612500     41.529465     5.120415
    1.620000     41.237261     4.440379
    1.627500     40.925860     3.741682
    1.635000     40.794270     3.487923
    1.642500     40.874181     3.477106
    1.650000     41.101365     3.572819
    1.657500     41.346317     3.901134
    1.665000     41.456306     4.276947
    1.672500     41.443567     4.348733
    1.680000     41.456195     4.140943
    1.687500     41.525676     3.756282
    1.695000     41.546994     3.436683
    1.702500     41.465831     3.502683
    1.710000     41.366046     3.753680
    1.717500     41.276330     3.817507
    1.725000     41.108724     3.845626
    1.732500     40.844121     4.128663
    1.740000     40.633928     4.441060
    1.747500     40.593479     4.479034
    1.755000     40.630478     4.252565
    1.762500     40.659571     4.103781
    1.770000     40.719082     4.285823
    1.777500     40.801568     4.568442
    1.785000     40.836813     4.464881
    1.792500     40.855610     4.098601
    1.800000     41.047706     4.106569
