#! FIELDS cyl.z file.free uncertainty
#! SET sample_size 14997
#! SET effective_sample_size 88.4915
#! SET fundeltaF 29.1518
#! SET blocks_num 3
#! SET blocks_effective_num 1.36196
#! SET min_cyl.z 0.3
#! SET max_cyl.z 1.8
#! SET nbins_cyl.z 201
#! SET periodic_cyl.z false
    0.300000    219.826894     9.645941
    0.307500    198.769123     9.250105
    0.315000    178.859303     8.774348
    0.322500    160.121849     8.268688
    0.330000    142.606993     7.759814
    0.337500    126.361726     7.232889
    0.345000    111.409718     6.633420
    0.352500     97.740484     5.871677
    0.360000     85.301719     4.844702
    0.367500     74.002098     3.527532
    0.375000     63.749104     2.116574
    0.382500     54.518238     0.998648
    0.390000     46.377547     0.525878
    0.397500     39.431387     0.570031
    0.405000     33.753191     0.598349
    0.412500     29.332670     0.505241
    0.420000     25.948530     0.764737
    0.427500     22.944893     2.146074
    0.435000     19.733073     3.299305
    0.442500     16.665614     3.647859
    0.450000     14.136313     3.909780
    0.457500     12.080292     4.195345
    0.465000     10.142668     3.838677
    0.472500      8.136078     2.789494
    0.480000      6.297996     2.008248
    0.487500      4.816686     1.830865
    0.495000      3.673150     1.915069
    0.502500      2.820480     1.866867
    0.510000      2.263860     1.590630
    0.517500      1.958471     1.169596
    0.525000      1.717996     0.744928
    0.532500      1.370143     0.410809
    0.540000      0.935554     0.216004
    0.547500      0.516828     0.165070
    0.555000      0.207044     0.228625
    0.562500      0.050272     0.453510
    0.570000      0.000000     0.707068
    0.577500      0.096772     0.810587
    0.585000      0.545254     0.747230
    0.592500      1.368774     0.613107
    0.600000      2.272219     0.549956
    0.607500      3.152755     0.511101
    0.615000      4.206723     0.367530
    0.622500      5.297343     0.293995
    0.630000      5.971433     0.380405
    0.637500      6.400950     0.465908
    0.645000      6.983578     0.718896
    0.652500      7.739278     1.064890
    0.660000      8.638438     1.325052
    0.667500      9.810392     1.506314
    0.675000     11.558271     2.001543
    0.682500     13.919214     4.858656
    0.690000     15.918518    11.694558
    0.697500     16.503118    12.391006
    0.705000     16.621846     9.168754
    0.712500     17.049531     9.574266
    0.720000     17.745528    12.984720
    0.727500     18.348967    15.328327
    0.735000     18.781686    15.447721
    0.742500     19.287007    14.041992
    0.750000     19.834425    11.208971
    0.757500     19.978654     8.592404
    0.765000     19.775020     8.204397
    0.772500     19.900931    10.273412
    0.780000     20.560083    14.682419
    0.787500     21.274925    18.909340
    0.795000     21.654930    19.972511
    0.802500     21.928210    21.027323
    0.810000     22.143970    23.507101
    0.817500     22.228545    24.989838
    0.825000     22.588307    24.494240
    0.832500     23.586754    22.789137
    0.840000     25.086419    20.928438
    0.847500     26.439378    20.608563
    0.855000     27.101480    20.213865
    0.862500     27.389459    16.431675
    0.870000     27.740735    10.959372
    0.877500     28.346216     7.661483
    0.885000     29.252024     8.695730
    0.892500     30.286467    12.792219
    0.900000     31.261212    15.980089
    0.907500     32.148019    16.398215
    0.915000     32.885098    14.803141
    0.922500     33.279571    11.913663
    0.930000     33.499598     9.810954
    0.937500     34.001177     9.800382
    0.945000     34.656522    13.057143
    0.952500     34.991477    18.948957
    0.960000     35.188432    23.045605
    0.967500     35.655455    24.590055
    0.975000     36.384798    23.969618
    0.982500     37.086043    21.667332
    0.990000     37.544198    19.800687
    0.997500     37.764821    20.011190
    1.005000     37.845419    21.627980
    1.012500     37.855573    23.472654
    1.020000     37.803392    24.537680
    1.027500     37.867720    24.172617
    1.035000     38.177889    22.624224
    1.042500     38.482338    20.838975
    1.050000     38.583124    19.813278
    1.057500     38.581288    19.435672
    1.065000     38.523211    19.666750
    1.072500     38.405860    20.196460
    1.080000     38.306892    20.136778
    1.087500     38.333817    19.712224
    1.095000     38.508659    19.881078
    1.102500     38.786753    20.333715
    1.110000     39.069741    20.124696
    1.117500     39.149415    20.249948
    1.125000     38.965725    21.494303
    1.132500     38.734069    22.361112
    1.140000     38.645478    22.032810
    1.147500     38.809868    20.889533
    1.155000     39.243263    19.880358
    1.162500     39.649330    20.874349
    1.170000     39.614721    24.443104
    1.177500     39.413045    27.552092
    1.185000     39.606983    28.430032
    1.192500     40.367379    26.431163
    1.200000     41.397083    21.809186
    1.207500     42.236536    18.222140
    1.215000     42.778496    17.623922
    1.222500     42.941559    18.291225
    1.230000     42.921341    18.459112
    1.237500     43.179214    16.750428
    1.245000     43.570851    12.895453
    1.252500     43.371967     9.927266
    1.260000     42.432676     9.598122
    1.267500     41.489471     9.749965
    1.275000     41.170698     9.646325
    1.282500     41.659025     9.293602
    1.290000     42.592604     9.070170
    1.297500     43.036545     8.906424
    1.305000     42.465978     9.057356
    1.312500     41.544688     9.336297
    1.320000     40.855240     9.493309
    1.327500     40.328455     9.698426
    1.335000     39.769307     9.951513
    1.342500     39.259613    10.103932
    1.350000     39.067124    10.136316
    1.357500     39.413796    10.075830
    1.365000     40.300062     9.904059
    1.372500     41.318993     9.694139
    1.380000     41.712344     9.625990
    1.387500     41.311615     9.693789
    1.395000     40.822578     9.777656
    1.402500     40.872766     9.788091
    1.410000     41.668126     9.655828
    1.417500     42.856640     9.322014
    1.425000     43.485695    10.311282
    1.432500     43.480653    11.709247
    1.440000     43.349406    10.546215
    1.447500     42.881456     9.263847
    1.455000     42.184247     9.235556
    1.462500     41.407045     9.314588
    1.470000     40.516615     9.525991
    1.477500     39.981136     9.732673
    1.485000     40.262068     9.813623
    1.492500     41.224903     9.783608
    1.500000     41.921281     9.730467
    1.507500     41.944763     9.646647
    1.515000     41.985880     9.613011
    1.522500     42.305170     9.609636
    1.530000     42.981132     9.578329
    1.537500     43.797075     9.695630
    1.545000     43.745019     9.856630
    1.552500     42.823782     9.903894
    1.560000     42.032695     9.898882
    1.567500     41.565896     9.855324
    1.575000     41.207769     9.822457
    1.582500     40.896747     9.854425
    1.590000     40.770755     9.895587
    1.597500     40.747578     9.846261
    1.605000     40.626221     9.753085
    1.612500     40.481233     9.745364
    1.620000     40.509431     9.832786
    1.627500     40.820121     9.949154
    1.635000     41.351082     9.937452
    1.642500     41.849436     9.707075
    1.650000     42.033463     9.442222
    1.657500     42.063774     9.355150
    1.665000     42.074390     9.415998
    1.672500     41.718219     9.567491
    1.680000     41.177559     9.742737
    1.687500     40.924162     9.917415
    1.695000     40.914938     9.996238
    1.702500     40.920878     9.965972
    1.710000     40.973094     9.953541
    1.717500     41.146226    10.034235
    1.725000     41.510645    10.130252
    1.732500     41.967389    10.152644
    1.740000     42.211797    10.100009
    1.747500     42.381728     9.985583
    1.755000     42.646139     9.835944
    1.762500     42.834422     9.806890
    1.770000     42.746049     9.943157
    1.777500     42.449871    10.047936
    1.785000     42.454554    10.010512
    1.792500     42.904851     9.848067
    1.800000     43.238881     9.727381
