#! FIELDS cyl.z file.free uncertainty
#! SET sample_size 89997
#! SET effective_sample_size 417.94
#! SET fundeltaF 24.4182
#! SET blocks_num 3
#! SET blocks_effective_num 2.10358
#! SET min_cyl.z 0.3
#! SET max_cyl.z 1.8
#! SET nbins_cyl.z 201
#! SET periodic_cyl.z false
    0.300000    164.762936     3.494597
    0.307500    149.344357     3.494593
    0.315000    134.982099     3.494580
    0.322500    121.616919     3.494504
    0.330000    109.302596     3.494031
    0.337500     98.154753     3.491172
    0.345000     88.266129     3.474562
    0.352500     79.649240     3.382691
    0.360000     72.117081     2.943492
    0.367500     65.011248     1.676274
    0.375000     57.673249     0.681714
    0.382500     50.590701     0.815992
    0.390000     44.316821     0.792724
    0.397500     38.850333     0.642009
    0.405000     34.012609     0.538274
    0.412500     29.767648     0.700101
    0.420000     26.150274     1.008465
    0.427500     23.025087     1.067302
    0.435000     20.116406     0.724704
    0.442500     17.266830     0.395696
    0.450000     14.556641     0.371092
    0.457500     12.112184     0.545060
    0.465000      9.937083     0.566947
    0.472500      8.001942     0.386862
    0.480000      6.300555     0.157274
    0.487500      4.806358     0.032820
    0.495000      3.553859     0.022619
    0.502500      2.613544     0.033102
    0.510000      1.942965     0.091277
    0.517500      1.407738     0.083618
    0.525000      0.926687     0.014275
    0.532500      0.522772     0.045795
    0.540000      0.240861     0.060255
    0.547500      0.077290     0.105357
    0.555000      0.004563     0.150833
    0.562500      0.000000     0.159906
    0.570000      0.070426     0.189679
    0.577500      0.296620     0.252564
    0.585000      0.751110     0.279377
    0.592500      1.363598     0.178595
    0.600000      1.983577     0.139346
    0.607500      2.587591     0.608964
    0.615000      3.304045     1.073100
    0.622500      4.229403     1.275057
    0.630000      5.263559     1.037367
    0.637500      6.249227     0.546403
    0.645000      7.158582     0.222952
    0.652500      7.989247     0.229787
    0.660000      8.803539     0.480020
    0.667500      9.790978     0.764142
    0.675000     11.156162     1.030087
    0.682500     12.833722     1.257592
    0.690000     14.245134     1.485358
    0.697500     14.935775     1.598179
    0.705000     15.316877     1.522617
    0.712500     15.849177     1.537475
    0.720000     16.568186     1.840428
    0.727500     17.226704     2.479954
    0.735000     17.706923     3.147761
    0.742500     18.190830     3.617517
    0.750000     18.740401     3.797260
    0.757500     19.110045     3.502847
    0.765000     19.198663     2.856542
    0.772500     19.318704     2.424703
    0.780000     19.707132     2.406242
    0.787500     20.195621     2.539607
    0.795000     20.535772     2.512090
    0.802500     20.774275     2.422261
    0.810000     20.930981     2.549075
    0.817500     20.994407     2.859153
    0.825000     21.213502     3.062424
    0.832500     21.759775     3.105204
    0.840000     22.435350     3.240323
    0.847500     22.930091     3.660111
    0.855000     23.272622     4.154976
    0.862500     23.701602     4.461694
    0.870000     24.308121     4.464877
    0.877500     24.903001     4.181077
    0.885000     25.273916     3.826468
    0.892500     25.614089     3.626139
    0.900000     26.194686     3.531318
    0.907500     26.938528     3.426492
    0.915000     27.555222     3.317131
    0.922500     27.919341     3.260372
    0.930000     28.153912     3.276205
    0.937500     28.462149     3.408400
    0.945000     28.926524     3.581129
    0.952500     29.432079     3.581082
    0.960000     29.787944     3.314827
    0.967500     29.940597     2.971771
    0.975000     30.066441     2.815798
    0.982500     30.330949     3.012264
    0.990000     30.633565     3.495273
    0.997500     30.833238     3.903496
    1.005000     30.995719     4.030841
    1.012500     31.134185     3.859528
    1.020000     31.191340     3.473658
    1.027500     31.269035     3.206996
    1.035000     31.482050     3.247984
    1.042500     31.788171     3.432949
    1.050000     32.076919     3.527088
    1.057500     32.279295     3.502070
    1.065000     32.435764     3.415380
    1.072500     32.631952     3.241671
    1.080000     32.859113     2.988164
    1.087500     33.061335     2.833524
    1.095000     33.260447     2.986978
    1.102500     33.509496     3.384349
    1.110000     33.822249     3.755848
    1.117500     34.176651     3.924746
    1.125000     34.512020     3.769033
    1.132500     34.734617     3.336653
    1.140000     34.848300     3.092543
    1.147500     35.004189     3.310846
    1.155000     35.194297     3.714390
    1.162500     35.251967     3.899658
    1.170000     35.206643     3.822520
    1.177500     35.260355     3.669009
    1.185000     35.502774     3.679380
    1.192500     35.859897     4.131681
    1.200000     36.156136     5.002248
    1.207500     36.219358     5.733934
    1.215000     36.142393     5.833370
    1.222500     36.126676     5.455072
    1.230000     36.176277     5.140220
    1.237500     36.192982     5.165581
    1.245000     36.138107     5.102778
    1.252500     36.041875     4.700003
    1.260000     35.992945     4.340044
    1.267500     36.046263     4.245920
    1.275000     36.161462     4.294664
    1.282500     36.299712     4.438501
    1.290000     36.441562     4.537429
    1.297500     36.490016     4.213286
    1.305000     36.337083     3.539385
    1.312500     36.045467     3.036912
    1.320000     35.850340     2.780496
    1.327500     35.877852     2.555571
    1.335000     35.957299     2.256691
    1.342500     35.882514     1.954899
    1.350000     35.734828     1.821148
    1.357500     35.663692     1.816025
    1.365000     35.675233     1.804908
    1.372500     35.763292     1.700941
    1.380000     35.892202     1.592682
    1.387500     35.911256     1.654889
    1.395000     35.836629     1.781447
    1.402500     35.876475     1.795248
    1.410000     36.100606     1.694884
    1.417500     36.352154     1.553397
    1.425000     36.359685     1.394565
    1.432500     36.107688     1.258411
    1.440000     35.927223     1.253210
    1.447500     36.033887     1.363714
    1.455000     36.375710     1.529294
    1.462500     36.742262     1.657288
    1.470000     36.857462     1.641454
    1.477500     36.731197     1.586542
    1.485000     36.658756     1.621117
    1.492500     36.741261     1.693092
    1.500000     36.865748     1.744851
    1.507500     36.884667     1.717148
    1.515000     36.733749     1.581050
    1.522500     36.583160     1.490369
    1.530000     36.600098     1.443762
    1.537500     36.654326     1.343187
    1.545000     36.525574     1.260598
    1.552500     36.320166     1.250977
    1.560000     36.215859     1.251622
    1.567500     36.233008     1.336047
    1.575000     36.423467     1.468433
    1.582500     36.792410     1.555115
    1.590000     37.182237     1.612729
    1.597500     37.399513     1.727055
    1.605000     37.346680     1.973406
    1.612500     37.120102     2.227395
    1.620000     36.951361     2.297700
    1.627500     36.928409     2.172885
    1.635000     37.023478     1.983980
    1.642500     37.231925     1.795003
    1.650000     37.396627     1.852252
    1.657500     37.439010     2.202053
    1.665000     37.554538     2.302662
    1.672500     37.704979     2.083666
    1.680000     37.662014     1.923763
    1.687500     37.422198     2.070521
    1.695000     37.101366     2.418030
    1.702500     36.858777     2.696433
    1.710000     36.823065     2.762317
    1.717500     36.887392     2.712252
    1.725000     36.853455     2.668743
    1.732500     36.751249     2.579491
    1.740000     36.723274     2.396213
    1.747500     36.743918     2.329474
    1.755000     36.624579     2.528161
    1.762500     36.343256     2.773925
    1.770000     36.104623     3.023407
    1.777500     36.056329     3.223143
    1.785000     36.198649     3.151461
    1.792500     36.457170     2.812441
    1.800000     36.729235     2.524037
