#! FIELDS cyl.z file.free uncertainty
#! SET sample_size 189999
#! SET effective_sample_size 807.649
#! SET fundeltaF 23.1224
#! SET blocks_num 3
#! SET blocks_effective_num 2.85707
#! SET min_cyl.z 0.3
#! SET max_cyl.z 1.8
#! SET nbins_cyl.z 201
#! SET periodic_cyl.z false
    0.300000    133.115960     3.049465
    0.307500    122.837207     3.045704
    0.315000    113.802734     3.031992
    0.322500    105.901809     2.966305
    0.330000     98.849661     2.589091
    0.337500     91.622848     1.598267
    0.345000     83.184673     1.758960
    0.352500     74.693038     1.583167
    0.360000     66.974353     1.298178
    0.367500     60.095503     1.291485
    0.375000     53.997955     1.324705
    0.382500     48.625458     1.303007
    0.390000     43.775599     1.245718
    0.397500     38.868945     1.408928
    0.405000     33.596998     1.951036
    0.412500     28.542014     2.100111
    0.420000     24.155619     2.017231
    0.427500     20.502366     1.888112
    0.435000     17.494560     1.770083
    0.442500     14.986733     1.648814
    0.450000     12.829643     1.470066
    0.457500     10.936360     1.232805
    0.465000      9.260105     1.041226
    0.472500      7.738956     0.964061
    0.480000      6.349334     0.931005
    0.487500      5.115674     0.815458
    0.495000      4.015507     0.570836
    0.502500      3.052159     0.310210
    0.510000      2.303686     0.140110
    0.517500      1.760478     0.047793
    0.525000      1.315608     0.012278
    0.532500      0.879432     0.065738
    0.540000      0.471078     0.161227
    0.547500      0.187321     0.220426
    0.555000      0.042858     0.208090
    0.562500      0.000000     0.139977
    0.570000      0.078332     0.068862
    0.577500      0.296900     0.030394
    0.585000      0.651626     0.030930
    0.592500      1.156284     0.068804
    0.600000      1.779679     0.119119
    0.607500      2.443153     0.195114
    0.615000      3.111770     0.343562
    0.622500      3.832184     0.462363
    0.630000      4.663458     0.446760
    0.637500      5.535931     0.384007
    0.645000      6.394766     0.413884
    0.652500      7.362061     0.400550
    0.660000      8.493054     0.293685
    0.667500      9.635739     0.281808
    0.675000     10.583024     0.506340
    0.682500     11.317280     0.766159
    0.690000     12.009830     1.016876
    0.697500     12.778697     1.185079
    0.705000     13.595086     1.234754
    0.712500     14.317090     1.245021
    0.720000     14.735967     1.309523
    0.727500     14.735520     1.424847
    0.735000     14.581030     1.503879
    0.742500     14.774415     1.498103
    0.750000     15.488858     1.417830
    0.757500     16.369374     1.314326
    0.765000     16.984122     1.252620
    0.772500     17.426133     1.224558
    0.780000     17.894793     1.182006
    0.787500     18.437037     1.062774
    0.795000     19.037033     0.842687
    0.802500     19.619813     0.575800
    0.810000     20.104854     0.378298
    0.817500     20.522997     0.293163
    0.825000     20.952916     0.250334
    0.832500     21.391104     0.220790
    0.840000     21.777235     0.240651
    0.847500     22.131659     0.271442
    0.855000     22.616705     0.253012
    0.862500     23.268494     0.265759
    0.870000     23.946751     0.401615
    0.877500     24.502118     0.496072
    0.885000     24.700644     0.392933
    0.892500     24.475361     0.568279
    0.900000     24.328108     0.779794
    0.907500     24.687013     0.694739
    0.915000     25.428006     0.507430
    0.922500     26.124809     0.615915
    0.930000     26.623769     0.758559
    0.937500     27.017008     0.888465
    0.945000     27.338291     0.994982
    0.952500     27.624091     1.005723
    0.960000     27.927101     0.999789
    0.967500     28.254262     1.044225
    0.975000     28.571119     1.092377
    0.982500     28.843880     1.113708
    0.990000     29.059075     1.150995
    0.997500     29.233050     1.212418
    1.005000     29.427777     1.260652
    1.012500     29.711391     1.295191
    1.020000     30.075003     1.326072
    1.027500     30.435253     1.334456
    1.035000     30.739780     1.314094
    1.042500     30.983636     1.276484
    1.050000     31.171000     1.234917
    1.057500     31.347758     1.210048
    1.065000     31.561415     1.225341
    1.072500     31.782064     1.282492
    1.080000     31.998193     1.328074
    1.087500     32.272022     1.311732
    1.095000     32.593047     1.264288
    1.102500     32.866245     1.262606
    1.110000     33.059175     1.326283
    1.117500     33.216341     1.391751
    1.125000     33.355630     1.419930
    1.132500     33.462253     1.431189
    1.140000     33.586075     1.409953
    1.147500     33.839603     1.352554
    1.155000     34.263249     1.313066
    1.162500     34.744543     1.300186
    1.170000     35.122443     1.286212
    1.177500     35.353643     1.267739
    1.185000     35.533987     1.218132
    1.192500     35.735526     1.145553
    1.200000     35.859540     1.113211
    1.207500     35.875752     1.104694
    1.215000     35.971003     1.097369
    1.222500     36.207093     1.078271
    1.230000     36.438074     1.019726
    1.237500     36.533823     0.940105
    1.245000     36.486494     0.969277
    1.252500     36.375479     1.143375
    1.260000     36.330552     1.298180
    1.267500     36.421739     1.304957
    1.275000     36.573296     1.213011
    1.282500     36.647384     1.132166
    1.290000     36.525250     1.099247
    1.297500     36.219767     1.154419
    1.305000     35.942104     1.200296
    1.312500     35.863872     1.116951
    1.320000     35.953501     0.952025
    1.327500     36.045109     0.838246
    1.335000     36.022613     0.808279
    1.342500     35.991172     0.777430
    1.350000     36.089005     0.714684
    1.357500     36.199621     0.657200
    1.365000     36.150340     0.629606
    1.372500     35.995631     0.592967
    1.380000     35.863997     0.509737
    1.387500     35.819223     0.437210
    1.395000     35.845409     0.456826
    1.402500     35.885317     0.541093
    1.410000     35.893759     0.582719
    1.417500     35.799825     0.589627
    1.425000     35.609731     0.660531
    1.432500     35.502127     0.720180
    1.440000     35.579142     0.666098
    1.447500     35.666043     0.505611
    1.455000     35.553575     0.314256
    1.462500     35.340136     0.234097
    1.470000     35.275589     0.313179
    1.477500     35.450871     0.450026
    1.485000     35.715280     0.563267
    1.492500     35.852086     0.602898
    1.500000     35.811021     0.612648
    1.507500     35.695815     0.597345
    1.515000     35.646526     0.586520
    1.522500     35.688661     0.659643
    1.530000     35.727868     0.829316
    1.537500     35.707383     1.017642
    1.545000     35.612558     1.114473
    1.552500     35.431704     1.084720
    1.560000     35.248125     0.996616
    1.567500     35.145063     0.939940
    1.575000     35.131878     0.943796
    1.582500     35.206450     0.960497
    1.590000     35.337251     0.955586
    1.597500     35.478159     0.920426
    1.605000     35.598698     0.872569
    1.612500     35.706463     0.840800
    1.620000     35.816507     0.853505
    1.627500     35.881279     0.904401
    1.635000     35.807538     0.931469
    1.642500     35.578381     0.963449
    1.650000     35.392549     1.016534
    1.657500     35.404889     1.048294
    1.665000     35.503110     1.034968
    1.672500     35.603792     0.983010
    1.680000     35.777929     0.928544
    1.687500     35.957954     0.931414
    1.695000     35.979546     0.966513
    1.702500     35.900033     0.993720
    1.710000     35.874189     0.980696
    1.717500     35.864268     0.925458
    1.725000     35.733980     0.938556
    1.732500     35.537493     1.017949
    1.740000     35.465895     1.078986
    1.747500     35.536449     1.095038
    1.755000     35.613447     1.076547
    1.762500     35.635995     1.063878
    1.770000     35.640899     1.099388
    1.777500     35.632083     1.168127
    1.785000     35.530906     1.216202
    1.792500     35.400663     1.214636
    1.800000     35.480880     1.146142
