#! FIELDS cyl.z file.free uncertainty
#! SET sample_size 14997
#! SET effective_sample_size 37.7195
#! SET fundeltaF 22.7738
#! SET blocks_num 3
#! SET blocks_effective_num 1.90175
#! SET min_cyl.z 0.3
#! SET max_cyl.z 1.8
#! SET nbins_cyl.z 201
#! SET periodic_cyl.z false
    0.300000    235.086344     1.754325
    0.307500    211.358785     1.754325
    0.315000    188.961957     1.754325
    0.322500    167.887250     1.754325
    0.330000    148.129512     1.754325
    0.337500    129.688284     1.754325
    0.345000    112.568005     1.754325
    0.352500     96.777057     1.754325
    0.360000     82.326050     1.754325
    0.367500     69.225952     1.754325
    0.375000     57.486440     1.754325
    0.382500     47.114407     1.754325
    0.390000     38.111927     1.754325
    0.397500     30.471959     1.754325
    0.405000     24.167520     1.754325
    0.412500     19.123575     1.754325
    0.420000     15.149894     1.754325
    0.427500     11.845222     1.754325
    0.435000      8.728766     1.754325
    0.442500      5.767912     1.754325
    0.450000      3.344191     1.754325
    0.457500      1.720003     1.754325
    0.465000      0.838401     1.754325
    0.472500      0.342057     1.754325
    0.480000      0.000000     1.754325
    0.487500      0.082108     1.754325
    0.495000      0.829932     1.754325
    0.502500      1.850473     1.754325
    0.510000      2.123444     1.754324
    0.517500      1.833876     1.754310
    0.525000      2.008301     1.754153
    0.532500      3.127420     1.752400
    0.540000      5.367738     1.733228
    0.547500      8.719447     1.538586
    0.555000     12.341923     1.580677
    0.562500     13.155649     4.423549
    0.570000     11.198956     4.128512
    0.577500      9.006525     3.565033
    0.585000      7.556397     3.307494
    0.592500      6.835465     3.556757
    0.600000      6.332229     4.418365
    0.607500      5.558420     5.206909
    0.615000      4.690149     5.406665
    0.622500      4.088107     5.205404
    0.630000      3.779484     4.655639
    0.637500      3.537383     3.765249
    0.645000      3.199707     2.994644
    0.652500      2.828483     2.892381
    0.660000      2.591349     3.024795
    0.667500      2.592782     3.003756
    0.675000      2.743918     2.947097
    0.682500      2.973063     3.228208
    0.690000      3.378492     3.687560
    0.697500      3.828709     4.084607
    0.705000      3.966790     4.475783
    0.712500      3.979824     4.760405
    0.720000      4.341056     4.800309
    0.727500      5.216647     4.516185
    0.735000      6.598309     4.016052
    0.742500      8.491083     3.490844
    0.750000     10.621692     2.864828
    0.757500     12.111463     2.583814
    0.765000     12.986196     3.313873
    0.772500     14.184830     4.337052
    0.780000     15.950608     5.044354
    0.787500     17.594353     5.172821
    0.795000     18.291957     4.451473
    0.802500     18.436416     2.876205
    0.810000     18.428180     1.260591
    0.817500     18.705218     0.936747
    0.825000     19.707907     1.002468
    0.832500     21.329383     0.786279
    0.840000     22.909960     0.787881
    0.847500     24.123690     1.288490
    0.855000     24.866242     2.158674
    0.862500     24.755665     2.705236
    0.870000     24.226610     2.456065
    0.877500     24.048811     1.927815
    0.885000     24.480959     1.583021
    0.892500     25.193912     1.748983
    0.900000     25.530373     2.597037
    0.907500     25.249790     3.585777
    0.915000     24.866043     4.116320
    0.922500     24.980696     4.194233
    0.930000     25.701367     3.873872
    0.937500     26.643017     3.222994
    0.945000     27.330774     2.768902
    0.952500     27.636955     2.821852
    0.960000     27.607591     2.885534
    0.967500     27.457869     2.821370
    0.975000     27.501016     2.909530
    0.982500     27.796533     3.122045
    0.990000     27.995196     3.216511
    0.997500     27.791718     3.028721
    1.005000     27.506958     2.740045
    1.012500     27.545634     2.685429
    1.020000     27.925430     2.950164
    1.027500     28.390970     3.012587
    1.035000     28.834371     2.610323
    1.042500     29.399825     2.399591
    1.050000     30.071770     2.816970
    1.057500     30.727798     3.495079
    1.065000     31.375574     3.968063
    1.072500     31.970047     4.152048
    1.080000     32.314621     4.074530
    1.087500     32.358628     3.745934
    1.095000     32.414446     3.339677
    1.102500     32.760938     3.128871
    1.110000     33.283220     3.348432
    1.117500     33.573406     3.925605
    1.125000     33.595341     4.350066
    1.132500     33.742161     4.334994
    1.140000     34.246290     3.817817
    1.147500     35.102191     3.170175
    1.155000     36.181602     3.083724
    1.162500     37.110554     3.398486
    1.170000     37.469724     3.619014
    1.177500     37.434619     3.815218
    1.185000     37.220170     3.979194
    1.192500     37.092383     3.975057
    1.200000     37.380230     3.680643
    1.207500     37.987134     3.197264
    1.215000     38.470027     3.463636
    1.222500     38.656026     4.258093
    1.230000     38.761974     4.608418
    1.237500     39.097192     4.487953
    1.245000     39.741384     4.255881
    1.252500     39.946160     4.051777
    1.260000     39.032986     3.786517
    1.267500     38.039612     3.773658
    1.275000     37.750518     3.859358
    1.282500     38.251180     3.634880
    1.290000     39.167787     3.181776
    1.297500     39.927932     3.170972
    1.305000     40.238772     3.442589
    1.312500     39.991932     3.416458
    1.320000     39.386332     3.976174
    1.327500     38.601537     4.933516
    1.335000     37.450820     5.348918
    1.342500     36.167664     5.387366
    1.350000     35.455394     5.394619
    1.357500     35.733094     5.403375
    1.365000     36.989518     5.306495
    1.372500     38.600738     4.827750
    1.380000     39.383056     3.908969
    1.387500     39.236377     3.176502
    1.395000     38.844829     2.807607
    1.402500     38.537592     2.704356
    1.410000     38.304036     3.018996
    1.417500     37.829366     3.896723
    1.425000     36.978084     4.704835
    1.432500     36.156748     5.097259
    1.440000     35.780618     5.220483
    1.447500     35.876906     5.177341
    1.455000     36.086135     5.078613
    1.462500     36.194536     4.986038
    1.470000     36.435678     4.825940
    1.477500     37.024595     4.584545
    1.485000     37.752129     4.320723
    1.492500     37.920164     4.189441
    1.500000     37.598567     4.166692
    1.507500     37.258541     4.090755
    1.515000     36.860319     4.054343
    1.522500     36.480992     4.149241
    1.530000     36.280569     4.307067
    1.537500     36.253859     4.408704
    1.545000     36.383254     4.465873
    1.552500     36.503164     4.507217
    1.560000     36.066273     4.575632
    1.567500     35.089644     4.782669
    1.575000     34.404043     5.023879
    1.582500     34.504748     5.140351
    1.590000     35.292419     5.019775
    1.597500     36.133591     4.671363
    1.605000     36.526731     4.386997
    1.612500     36.751903     4.321590
    1.620000     37.152950     4.383162
    1.627500     37.416105     4.404271
    1.635000     36.716819     4.474528
    1.642500     35.619080     4.592569
    1.650000     35.096692     4.569116
    1.657500     35.323957     4.475113
    1.665000     35.806072     4.591403
    1.672500     35.712124     5.012539
    1.680000     35.042435     5.274855
    1.687500     34.292824     5.395243
    1.695000     33.783446     5.497713
    1.702500     33.710738     5.571186
    1.710000     33.829385     5.662495
    1.717500     33.650645     5.774872
    1.725000     33.368749     5.819130
    1.732500     33.443988     5.805159
    1.740000     33.916104     5.761306
    1.747500     34.487834     5.678760
    1.755000     34.896482     5.554969
    1.762500     35.118614     5.412723
    1.770000     35.063841     5.278788
    1.777500     34.628803     5.250011
    1.785000     34.079479     5.355750
    1.792500     33.636945     5.509760
    1.800000     33.334862     5.618344
