#! FIELDS cyl.z file.free uncertainty
#! SET sample_size 89997
#! SET effective_sample_size 75.4654
#! SET fundeltaF 15.255
#! SET blocks_num 3
#! SET blocks_effective_num 2.18797
#! SET min_cyl.z 0.3
#! SET max_cyl.z 1.8
#! SET nbins_cyl.z 201
#! SET periodic_cyl.z false
    0.300000    274.466429     2.846574
    0.307500    251.946498     2.846574
    0.315000    230.799454     2.846574
    0.322500    210.993392     2.846574
    0.330000    192.466005     2.846574
    0.337500    175.111261     2.846574
    0.345000    158.793593     2.846572
    0.352500    143.417789     2.846570
    0.360000    128.996049     2.846565
    0.367500    115.613670     2.846555
    0.375000    103.346026     2.846527
    0.382500     92.222764     2.846385
    0.390000     82.232471     2.845580
    0.397500     73.332424     2.841346
    0.405000     65.455845     2.822216
    0.412500     58.523812     2.751340
    0.420000     52.452850     2.546003
    0.427500     47.142583     2.111537
    0.435000     42.484942     1.508417
    0.442500     38.410828     1.043266
    0.450000     34.813219     0.950617
    0.457500     31.409207     1.168679
    0.465000     28.038797     1.423699
    0.472500     24.965683     1.586775
    0.480000     22.424227     1.758323
    0.487500     20.268773     2.021642
    0.495000     18.117819     2.285102
    0.502500     15.835321     2.356241
    0.510000     13.634431     2.308567
    0.517500     11.740817     2.312504
    0.525000     10.245611     2.363295
    0.532500      9.164765     2.372296
    0.540000      8.417125     2.364548
    0.547500      7.762542     2.435086
    0.555000      7.102271     2.518584
    0.562500      6.580045     2.468173
    0.570000      6.140522     2.181435
    0.577500      5.614677     1.539868
    0.585000      5.035518     0.664316
    0.592500      4.556909     0.434840
    0.600000      4.382136     0.605810
    0.607500      4.491089     0.308107
    0.615000      4.346486     0.451013
    0.622500      3.525717     0.867069
    0.630000      2.429389     0.607114
    0.637500      1.439974     0.140608
    0.645000      0.667465     0.293501
    0.652500      0.153625     0.297882
    0.660000      0.000000     0.151854
    0.667500      0.258310     0.132308
    0.675000      0.727503     0.333692
    0.682500      1.183612     0.488771
    0.690000      1.760170     0.415253
    0.697500      2.654845     0.294492
    0.705000      3.743219     0.501756
    0.712500      4.685827     0.765671
    0.720000      5.505661     0.934044
    0.727500      6.526191     1.153173
    0.735000      7.714684     1.455128
    0.742500      8.720745     1.595791
    0.750000      9.408641     1.430798
    0.757500      9.976759     1.212908
    0.765000     10.711401     1.132326
    0.772500     11.754412     1.150332
    0.780000     12.990725     1.345047
    0.787500     14.071581     1.895331
    0.795000     14.747308     2.604124
    0.802500     15.130097     3.078538
    0.810000     15.379350     3.370440
    0.817500     15.596532     3.546285
    0.825000     15.878163     3.509563
    0.832500     16.157548     3.338235
    0.840000     16.345703     3.243426
    0.847500     16.444072     3.275253
    0.855000     16.425558     3.339871
    0.862500     16.348869     3.334075
    0.870000     16.307703     3.251009
    0.877500     16.274256     3.136954
    0.885000     16.192307     3.025995
    0.892500     16.050319     2.933050
    0.900000     15.890517     2.903581
    0.907500     15.848613     2.965975
    0.915000     16.011463     3.054794
    0.922500     16.290595     3.100415
    0.930000     16.535193     3.098102
    0.937500     16.712647     3.094014
    0.945000     16.933262     3.135355
    0.952500     17.290394     3.179608
    0.960000     17.753612     3.144561
    0.967500     18.267262     3.086919
    0.975000     18.808978     3.173833
    0.982500     19.333026     3.455533
    0.990000     19.802738     3.802486
    0.997500     20.249374     3.986954
    1.005000     20.707636     3.850520
    1.012500     21.188781     3.456704
    1.020000     21.735994     3.059469
    1.027500     22.307076     2.891782
    1.035000     22.748134     2.949758
    1.042500     23.034519     2.942189
    1.050000     23.303431     2.711861
    1.057500     23.658117     2.387179
    1.065000     24.043777     2.131632
    1.072500     24.351315     2.093582
    1.080000     24.608816     2.304858
    1.087500     24.887258     2.601774
    1.095000     25.130348     2.785128
    1.102500     25.247448     2.785516
    1.110000     25.278444     2.713504
    1.117500     25.327061     2.614043
    1.125000     25.424315     2.440859
    1.132500     25.537607     2.269175
    1.140000     25.697368     2.217669
    1.147500     25.977000     2.251135
    1.155000     26.354937     2.309285
    1.162500     26.727098     2.417873
    1.170000     27.025082     2.525841
    1.177500     27.261714     2.513416
    1.185000     27.469896     2.445627
    1.192500     27.659795     2.441615
    1.200000     27.853176     2.470615
    1.207500     28.072893     2.505751
    1.215000     28.300497     2.573591
    1.222500     28.499114     2.697785
    1.230000     28.650975     2.853494
    1.237500     28.767675     2.926703
    1.245000     28.861049     2.865627
    1.252500     28.911829     2.768115
    1.260000     28.908941     2.747954
    1.267500     28.890237     2.831186
    1.275000     28.892348     2.980243
    1.282500     28.894221     3.156503
    1.290000     28.881145     3.330225
    1.297500     28.882970     3.398225
    1.305000     28.908421     3.288311
    1.312500     28.927767     3.137173
    1.320000     28.921570     3.103830
    1.327500     28.890236     3.159227
    1.335000     28.831413     3.190462
    1.342500     28.743730     3.161195
    1.350000     28.659342     3.158551
    1.357500     28.626884     3.232351
    1.365000     28.651265     3.303032
    1.372500     28.684906     3.344331
    1.380000     28.667726     3.443249
    1.387500     28.582055     3.590198
    1.395000     28.474741     3.686030
    1.402500     28.395640     3.700468
    1.410000     28.361772     3.665147
    1.417500     28.378689     3.628603
    1.425000     28.402893     3.582048
    1.432500     28.353029     3.512351
    1.440000     28.258965     3.502814
    1.447500     28.231723     3.548584
    1.455000     28.282132     3.546135
    1.462500     28.342209     3.508352
    1.470000     28.380532     3.480486
    1.477500     28.387546     3.430407
    1.485000     28.377955     3.360188
    1.492500     28.381755     3.299672
    1.500000     28.383047     3.236299
    1.507500     28.381186     3.184790
    1.515000     28.411158     3.233098
    1.522500     28.458682     3.395862
    1.530000     28.472697     3.572284
    1.537500     28.464966     3.656673
    1.545000     28.497673     3.646486
    1.552500     28.578456     3.646618
    1.560000     28.640647     3.698959
    1.567500     28.616096     3.688635
    1.575000     28.550977     3.561029
    1.582500     28.537100     3.455616
    1.590000     28.566883     3.480476
    1.597500     28.595393     3.555318
    1.605000     28.605810     3.553842
    1.612500     28.599888     3.482291
    1.620000     28.592411     3.441949
    1.627500     28.583360     3.471923
    1.635000     28.554491     3.536095
    1.642500     28.504143     3.631842
    1.650000     28.453150     3.758237
    1.657500     28.427854     3.796100
    1.665000     28.436741     3.691330
    1.672500     28.448845     3.608500
    1.680000     28.456087     3.566546
    1.687500     28.489902     3.391526
    1.695000     28.527636     3.174146
    1.702500     28.497478     3.136031
    1.710000     28.403647     3.202426
    1.717500     28.337219     3.232191
    1.725000     28.352265     3.253609
    1.732500     28.411137     3.278174
    1.740000     28.443355     3.264830
    1.747500     28.434001     3.202614
    1.755000     28.405792     3.096569
    1.762500     28.323079     3.049046
    1.770000     28.142295     3.203106
    1.777500     27.944850     3.466160
    1.785000     27.856115     3.628352
    1.792500     27.908190     3.623862
    1.800000     28.075098     3.568489
