#! FIELDS cyl.z file.free uncertainty
#! SET sample_size 89997
#! SET effective_sample_size 95.2001
#! SET fundeltaF 18.5143
#! SET blocks_num 3
#! SET blocks_effective_num 2.19915
#! SET min_cyl.z 0.3
#! SET max_cyl.z 1.8
#! SET nbins_cyl.z 201
#! SET periodic_cyl.z false
    0.300000    253.473078     2.961634
    0.307500    234.002665     2.725386
    0.315000    214.934639     2.654923
    0.322500    195.585923     2.658962
    0.330000    176.522654     2.663193
    0.337500    158.465459     2.804660
    0.345000    141.675448     2.939996
    0.352500    126.231232     3.026493
    0.360000    112.162567     3.074610
    0.367500     99.483080     3.099553
    0.375000     88.199286     3.111237
    0.382500     78.313737     3.114049
    0.390000     69.825332     3.106303
    0.397500     62.725232     3.073774
    0.405000     56.978401     2.963914
    0.412500     52.449679     2.608736
    0.420000     48.667455     1.702277
    0.427500     44.693560     0.697891
    0.435000     40.283992     0.713752
    0.442500     36.087284     1.123240
    0.450000     32.386762     1.306502
    0.457500     29.049381     1.334008
    0.465000     25.976178     1.496475
    0.472500     23.326118     1.797810
    0.480000     21.112700     2.089625
    0.487500     18.976402     2.303820
    0.495000     16.773231     2.394353
    0.502500     14.898693     2.239773
    0.510000     13.569916     1.691006
    0.517500     12.510769     0.847495
    0.525000     11.289647     0.305530
    0.532500      9.955910     0.255981
    0.540000      8.749162     0.251834
    0.547500      7.650040     0.098340
    0.555000      6.703531     0.231845
    0.562500      6.111336     0.323315
    0.570000      5.906436     0.339386
    0.577500      5.734280     0.489963
    0.585000      5.030034     0.540333
    0.592500      3.953471     0.363284
    0.600000      3.096505     0.488757
    0.607500      2.614844     0.964430
    0.615000      2.318593     1.316654
    0.622500      1.905347     1.246517
    0.630000      1.256333     0.702206
    0.637500      0.609545     0.221654
    0.645000      0.192934     0.521186
    0.652500      0.009797     0.462492
    0.660000      0.000000     0.168454
    0.667500      0.199551     0.095229
    0.675000      0.584475     0.146725
    0.682500      0.987741     0.223379
    0.690000      1.360158     0.431230
    0.697500      1.815887     0.576516
    0.705000      2.523400     0.514759
    0.712500      3.605150     0.260956
    0.720000      4.949134     0.249936
    0.727500      6.274446     0.435823
    0.735000      7.519394     0.565508
    0.742500      8.831417     0.642237
    0.750000     10.207435     1.044574
    0.757500     11.505609     1.285124
    0.765000     12.560828     1.294402
    0.772500     13.339901     1.353019
    0.780000     14.009574     1.458117
    0.787500     14.702234     1.527719
    0.795000     15.379909     1.612066
    0.802500     16.066904     1.840487
    0.810000     16.935004     2.235847
    0.817500     17.894787     2.694911
    0.825000     18.488543     3.083916
    0.832500     18.638810     3.237854
    0.840000     18.700960     3.101688
    0.847500     18.766173     2.829094
    0.855000     18.734283     2.697061
    0.862500     18.597644     2.766478
    0.870000     18.475905     2.845700
    0.877500     18.439795     2.799719
    0.885000     18.437581     2.691372
    0.892500     18.456084     2.661411
    0.900000     18.585779     2.736100
    0.907500     18.858868     2.823467
    0.915000     19.210364     2.862551
    0.922500     19.571222     2.868214
    0.930000     19.890189     2.810582
    0.937500     20.152236     2.724356
    0.945000     20.398723     2.737368
    0.952500     20.709107     2.776171
    0.960000     21.150503     2.668739
    0.967500     21.685534     2.395908
    0.975000     22.224276     2.046335
    0.982500     22.752171     1.700742
    0.990000     23.266531     1.402057
    0.997500     23.739405     1.205432
    1.005000     24.172196     1.179416
    1.012500     24.570276     1.308521
    1.020000     24.946126     1.480484
    1.027500     25.285451     1.644019
    1.035000     25.557600     1.781268
    1.042500     25.809378     1.864346
    1.050000     26.089118     1.909357
    1.057500     26.375269     1.917991
    1.065000     26.644376     1.840344
    1.072500     26.920129     1.700569
    1.080000     27.188001     1.634250
    1.087500     27.402123     1.712844
    1.095000     27.587387     1.819727
    1.102500     27.759641     1.817400
    1.110000     27.901320     1.732761
    1.117500     28.039694     1.659513
    1.125000     28.211208     1.597320
    1.132500     28.421711     1.578994
    1.140000     28.650734     1.705524
    1.147500     28.880232     1.934733
    1.155000     29.078737     2.113809
    1.162500     29.179493     2.210811
    1.170000     29.209537     2.266536
    1.177500     29.280985     2.239766
    1.185000     29.420895     2.130130
    1.192500     29.604270     2.057331
    1.200000     29.825539     2.086649
    1.207500     30.069497     2.159841
    1.215000     30.320571     2.246523
    1.222500     30.536251     2.401232
    1.230000     30.669169     2.607517
    1.237500     30.767647     2.719161
    1.245000     30.896214     2.643397
    1.252500     31.035167     2.418955
    1.260000     31.137680     2.230746
    1.267500     31.202188     2.242869
    1.275000     31.252323     2.409966
    1.282500     31.288649     2.594652
    1.290000     31.302160     2.710427
    1.297500     31.304644     2.737836
    1.305000     31.307280     2.680595
    1.312500     31.291471     2.566350
    1.320000     31.246301     2.499054
    1.327500     31.204977     2.555200
    1.335000     31.189567     2.676432
    1.342500     31.172269     2.745317
    1.350000     31.137112     2.730843
    1.357500     31.128494     2.692889
    1.365000     31.161027     2.669860
    1.372500     31.174991     2.659332
    1.380000     31.145330     2.684058
    1.387500     31.095715     2.750469
    1.395000     31.015942     2.797635
    1.402500     30.927136     2.771977
    1.410000     30.890145     2.693372
    1.417500     30.869083     2.631700
    1.425000     30.798723     2.657156
    1.432500     30.716984     2.779167
    1.440000     30.676393     2.912632
    1.447500     30.678181     2.967074
    1.455000     30.718267     2.917904
    1.462500     30.790453     2.799870
    1.470000     30.858469     2.735955
    1.477500     30.908016     2.787484
    1.485000     30.969412     2.839488
    1.492500     31.057429     2.786244
    1.500000     31.133945     2.637638
    1.507500     31.160754     2.496006
    1.515000     31.134806     2.471726
    1.522500     31.067516     2.554262
    1.530000     30.992992     2.635459
    1.537500     30.966166     2.679909
    1.545000     31.022971     2.721888
    1.552500     31.131879     2.719075
    1.560000     31.212171     2.662468
    1.567500     31.232969     2.646188
    1.575000     31.231392     2.665894
    1.582500     31.239988     2.650195
    1.590000     31.268744     2.601562
    1.597500     31.304927     2.566051
    1.605000     31.323700     2.544951
    1.612500     31.316461     2.511908
    1.620000     31.304415     2.504773
    1.627500     31.345451     2.539889
    1.635000     31.438263     2.567935
    1.642500     31.476103     2.632404
    1.650000     31.407780     2.760784
    1.657500     31.316556     2.819040
    1.665000     31.263599     2.782219
    1.672500     31.236640     2.753573
    1.680000     31.247041     2.705776
    1.687500     31.277846     2.555373
    1.695000     31.249573     2.391404
    1.702500     31.168416     2.346142
    1.710000     31.124026     2.367011
    1.717500     31.136159     2.363104
    1.725000     31.126853     2.340687
    1.732500     31.064517     2.313007
    1.740000     31.013731     2.291654
    1.747500     30.997258     2.320204
    1.755000     30.988299     2.395419
    1.762500     30.969167     2.493925
    1.770000     30.930323     2.604506
    1.777500     30.905241     2.660734
    1.785000     30.949729     2.610125
    1.792500     31.084703     2.523765
    1.800000     31.305852     2.504695
