#! FIELDS cyl.z file.free uncertainty
#! SET sample_size 14997
#! SET effective_sample_size 140.309
#! SET fundeltaF 23.2526
#! SET blocks_num 3
#! SET blocks_effective_num 1.86015
#! SET min_cyl.z 0.3
#! SET max_cyl.z 1.8
#! SET nbins_cyl.z 201
#! SET periodic_cyl.z false
    0.300000    507.401499     2.004183
    0.307500    473.033935     2.004174
    0.315000    440.063701     2.004156
    0.322500    408.487924     2.004123
    0.330000    378.302379     2.004057
    0.337500    349.500975     2.003929
    0.345000    322.075147     2.003673
    0.352500    296.013322     2.003154
    0.360000    271.300712     2.002064
    0.367500    247.919788     1.999674
    0.375000    225.851435     1.994186
    0.382500    205.075040     1.981066
    0.390000    185.560638     1.948917
    0.397500    167.234069     1.871554
    0.405000    149.888169     1.709609
    0.412500    133.139437     1.483310
    0.420000    116.796719     1.324989
    0.427500    101.180027     1.267821
    0.435000     86.674779     1.242206
    0.442500     73.466381     1.208844
    0.450000     61.617917     1.159378
    0.457500     51.146722     1.095264
    0.465000     42.052103     1.020185
    0.472500     34.319406     0.938713
    0.480000     27.909150     0.856665
    0.487500     22.722291     0.781386
    0.495000     18.524188     0.721261
    0.502500     14.904036     0.678510
    0.510000     11.572904     0.612008
    0.517500      8.687799     0.418576
    0.525000      6.467356     0.009394
    0.532500      4.841256     0.572354
    0.540000      3.534924     0.956876
    0.547500      2.366717     0.745260
    0.555000      1.396310     0.153351
    0.562500      0.731294     0.551944
    0.570000      0.327276     0.836433
    0.577500      0.074739     0.910894
    0.585000      0.000000     0.952275
    0.592500      0.172778     0.979647
    0.600000      0.592783     0.859143
    0.607500      1.142590     0.532926
    0.615000      1.402167     0.183760
    0.622500      1.119244     0.109082
    0.630000      0.730414     0.378604
    0.637500      0.561586     0.512573
    0.645000      0.586833     0.509345
    0.652500      0.744550     0.566412
    0.660000      0.978060     0.745462
    0.667500      1.274233     0.924446
    0.675000      1.695543     1.022571
    0.682500      2.125352     0.964952
    0.690000      2.292225     0.807974
    0.697500      2.088521     0.657879
    0.705000      1.808749     0.474588
    0.712500      1.836199     0.211800
    0.720000      2.211116     0.132842
    0.727500      2.802038     0.371833
    0.735000      3.702755     0.381323
    0.742500      5.090389     0.164020
    0.750000      6.475813     0.687780
    0.757500      6.777964     0.894796
    0.765000      6.657843     0.681606
    0.772500      7.098035     0.555471
    0.780000      8.089328     0.589504
    0.787500      9.014116     0.875341
    0.795000      9.576927     1.043095
    0.802500     10.273223     1.086542
    0.810000     11.326831     0.971998
    0.817500     12.324909     0.535225
    0.825000     12.879853     1.412809
    0.832500     13.392652     2.447670
    0.840000     14.159164     2.983170
    0.847500     14.852743     3.169826
    0.855000     15.330944     3.143254
    0.862500     16.027940     2.942656
    0.870000     17.233616     2.658389
    0.877500     18.579085     2.579953
    0.885000     19.389927     2.830545
    0.892500     19.884313     2.862305
    0.900000     20.146854     2.403914
    0.907500     19.845601     2.001349
    0.915000     19.478473     2.049740
    0.922500     19.646992     2.069502
    0.930000     20.366638     1.698028
    0.937500     21.145126     1.208318
    0.945000     21.555554     1.190772
    0.952500     21.924910     1.297919
    0.960000     22.715026     1.319972
    0.967500     23.817747     1.677164
    0.975000     24.364844     2.512979
    0.982500     24.133098     2.938704
    0.990000     24.013723     2.885481
    0.997500     24.332390     2.556871
    1.005000     24.766451     2.106827
    1.012500     24.802894     1.868452
    1.020000     24.575261     1.866571
    1.027500     24.512634     1.815912
    1.035000     24.641344     1.413236
    1.042500     24.942155     1.120467
    1.050000     25.548494     1.396011
    1.057500     26.399769     2.132528
    1.065000     27.097606     3.070021
    1.072500     27.364651     3.694135
    1.080000     27.463111     3.720531
    1.087500     27.714321     3.496839
    1.095000     28.190753     3.501709
    1.102500     28.862028     4.097511
    1.110000     29.668751     5.568607
    1.117500     30.372290     7.893187
    1.125000     30.629138     9.464674
    1.132500     30.531529     9.000624
    1.140000     30.523444     7.830752
    1.147500     30.888975     7.229448
    1.155000     31.624780     7.615960
    1.162500     32.341033     9.348047
    1.170000     32.537609    11.827968
    1.177500     32.419329    13.457394
    1.185000     32.379343    14.091396
    1.192500     32.428855    14.711601
    1.200000     32.422920    16.773717
    1.207500     32.371268    19.243389
    1.215000     32.551982    19.757723
    1.222500     33.064526    18.033062
    1.230000     33.624258    15.338525
    1.237500     34.087121    12.976766
    1.245000     34.519957    11.332888
    1.252500     34.660047    11.235312
    1.260000     34.213725    11.795848
    1.267500     33.612228    11.544235
    1.275000     33.455235    11.106298
    1.282500     33.891651    10.868027
    1.290000     34.578668    11.098053
    1.297500     34.710924    12.512841
    1.305000     34.191167    13.809129
    1.312500     33.802824    14.066672
    1.320000     33.835944    14.037005
    1.327500     34.184642    14.175734
    1.335000     34.734568    14.400930
    1.342500     35.199576    16.452417
    1.350000     35.233054    21.324651
    1.357500     35.283404    24.053466
    1.365000     35.884383    21.774932
    1.372500     36.831353    15.799980
    1.380000     36.947850    17.766101
    1.387500     35.465891    26.652762
    1.395000     33.951744    29.470299
    1.402500     33.340604    29.445631
    1.410000     33.702063    28.433912
    1.417500     34.819075    26.239152
    1.425000     36.092854    21.941697
    1.432500     36.310627    16.594209
    1.440000     35.499552    12.810180
    1.447500     34.869851    11.085103
    1.455000     34.765005    11.856705
    1.462500     34.977018    15.168465
    1.470000     35.417854    18.957707
    1.477500     36.107649    19.673608
    1.485000     36.462464    13.898322
    1.492500     36.006009     8.030392
    1.500000     35.582953     7.941207
    1.507500     35.702515    12.721503
    1.515000     36.013098    21.125376
    1.522500     36.020538    27.118053
    1.530000     35.751864    28.611695
    1.537500     35.124033    29.978183
    1.545000     34.236746    31.776089
    1.552500     33.646272    31.716909
    1.560000     33.579689    30.204189
    1.567500     33.696932    30.002308
    1.575000     33.364635    32.584163
    1.582500     32.719124    34.476507
    1.590000     32.351267    34.619457
    1.597500     32.479065    34.138350
    1.605000     33.175527    33.697829
    1.612500     34.359725    32.583611
    1.620000     35.281274    28.858642
    1.627500     35.105770    25.926899
    1.635000     34.651039    26.625449
    1.642500     34.611749    28.240633
    1.650000     34.758696    28.952702
    1.657500     34.581625    28.278063
    1.665000     34.316570    27.036386
    1.672500     34.532070    25.872124
    1.680000     35.178609    26.482764
    1.687500     35.311771    31.625565
    1.695000     34.549495    36.112474
    1.702500     33.925707    37.112145
    1.710000     34.015790    36.442201
    1.717500     34.797445    34.600267
    1.725000     35.713635    31.770426
    1.732500     35.928172    29.741736
    1.740000     35.553017    29.909250
    1.747500     35.299705    30.755632
    1.755000     35.671571    30.517113
    1.762500     36.719426    28.594806
    1.770000     37.451220    27.681995
    1.777500     36.537560    31.226442
    1.785000     35.302184    33.977415
    1.792500     34.868408    35.265221
    1.800000     35.361436    35.602850
