#! FIELDS cyl.z file.free uncertainty
#! SET sample_size 14997
#! SET effective_sample_size 144.555
#! SET fundeltaF 24.5326
#! SET blocks_num 3
#! SET blocks_effective_num 1.4803
#! SET min_cyl.z 0.3
#! SET max_cyl.z 1.8
#! SET nbins_cyl.z 201
#! SET periodic_cyl.z false
    0.300000    531.750136     1.775824
    0.307500    494.587604     1.775806
    0.315000    458.828135     1.775785
    0.322500    424.471732     1.775759
    0.330000    391.518392     1.775728
    0.337500    359.968115     1.775689
    0.345000    329.820902     1.775641
    0.352500    301.076750     1.775580
    0.360000    273.735659     1.775501
    0.367500    247.797625     1.775395
    0.375000    223.262644     1.775247
    0.382500    200.130707     1.775028
    0.390000    178.401800     1.774689
    0.397500    158.075892     1.774135
    0.405000    139.152927     1.773191
    0.412500    121.632798     1.771521
    0.420000    105.515298     1.768488
    0.427500     90.800019     1.762877
    0.435000     77.486159     1.752361
    0.442500     65.572104     1.732492
    0.450000     55.054522     1.694788
    0.457500     45.926279     1.623214
    0.465000     38.171353     1.488150
    0.472500     31.751872     1.238031
    0.480000     26.576194     0.797059
    0.487500     22.438371     0.173142
    0.495000     18.994818     0.904670
    0.502500     15.954252     1.744165
    0.510000     13.208492     1.895342
    0.517500     10.531322     1.131862
    0.525000      7.807851     0.582405
    0.532500      5.431411     0.711462
    0.540000      3.689791     0.542732
    0.547500      2.474836     0.686304
    0.555000      1.530142     1.226416
    0.562500      0.752303     1.253964
    0.570000      0.241336     0.861089
    0.577500      0.100333     0.522571
    0.585000      0.227650     0.414908
    0.592500      0.349165     0.352489
    0.600000      0.234796     0.286921
    0.607500      0.000000     0.642153
    0.615000      0.080669     0.781898
    0.622500      0.721041     0.591888
    0.630000      1.674493     0.504817
    0.637500      2.278101     0.454540
    0.645000      2.299590     0.648987
    0.652500      2.186409     0.815631
    0.660000      2.269023     0.686307
    0.667500      2.434495     0.472072
    0.675000      2.418023     0.475865
    0.682500      2.282972     0.908479
    0.690000      2.254738     1.450478
    0.697500      2.339595     1.889956
    0.705000      2.251330     1.924766
    0.712500      2.041896     1.593765
    0.720000      2.196684     1.256281
    0.727500      2.930097     0.912027
    0.735000      4.086514     0.437681
    0.742500      5.298869     0.390806
    0.750000      6.213957     1.263974
    0.757500      7.048329     1.831698
    0.765000      8.205272     2.230460
    0.772500      9.267695     2.953112
    0.780000      9.303311     4.180624
    0.787500      8.965190     4.997227
    0.795000      9.193205     4.818436
    0.802500     10.089805     3.602814
    0.810000     11.252108     1.964095
    0.817500     12.133362     1.139453
    0.825000     12.769798     0.730547
    0.832500     13.480978     1.053612
    0.840000     13.969734     4.307351
    0.847500     14.321902     6.144140
    0.855000     15.282447     6.169336
    0.862500     17.087683     5.273382
    0.870000     19.381189     4.643192
    0.877500     21.557503     5.127613
    0.885000     23.058245     4.947973
    0.892500     23.565097     4.968272
    0.900000     23.614701     5.203436
    0.907500     23.666847     5.960246
    0.915000     23.704547     6.142208
    0.922500     23.615105     4.308864
    0.930000     23.527967     2.276189
    0.937500     23.762513     1.260574
    0.945000     24.235260     2.409806
    0.952500     24.573564     4.715204
    0.960000     25.000381     5.299212
    0.967500     25.839319     4.290689
    0.975000     26.879946     3.404337
    0.982500     27.760064     3.409766
    0.990000     28.457157     3.090350
    0.997500     29.028291     3.059608
    1.005000     29.268858     3.577403
    1.012500     29.164418     4.100851
    1.020000     28.858113     4.434882
    1.027500     28.298195     5.504879
    1.035000     27.905925     6.576770
    1.042500     28.300725     6.907063
    1.050000     29.628836     6.598574
    1.057500     31.365486     5.616970
    1.065000     32.640538     4.708261
    1.072500     33.591829     4.319762
    1.080000     34.417082     4.206880
    1.087500     34.832892     4.665031
    1.095000     35.029673     5.627504
    1.102500     35.258663     6.914303
    1.110000     35.593144     7.724895
    1.117500     36.035397     7.678453
    1.125000     36.358065     6.932719
    1.132500     36.306001     6.139889
    1.140000     36.024647     6.079874
    1.147500     35.873982     6.344723
    1.155000     36.006949     6.157519
    1.162500     36.193333     5.333479
    1.170000     36.260075     4.654194
    1.177500     36.519918     4.333451
    1.185000     37.148716     4.108828
    1.192500     37.786260     4.265905
    1.200000     38.046255     4.510545
    1.207500     38.126071     4.045376
    1.215000     38.225792     3.206987
    1.222500     38.390809     2.651689
    1.230000     38.641457     2.597493
    1.237500     38.831621     3.153420
    1.245000     38.870976     4.253829
    1.252500     38.781288     5.341802
    1.260000     38.528269     6.031295
    1.267500     38.237763     6.191459
    1.275000     38.083332     5.929233
    1.282500     38.164385     5.582162
    1.290000     38.481934     5.738598
    1.297500     38.908584     6.843616
    1.305000     39.264429     7.353426
    1.312500     39.289403     7.743502
    1.320000     38.871911     9.958051
    1.327500     38.431949    12.068471
    1.335000     38.434622    12.685258
    1.342500     38.967919    11.939436
    1.350000     39.694279    10.158259
    1.357500     39.946849     8.560477
    1.365000     39.577490     7.802222
    1.372500     39.133416     7.366238
    1.380000     38.935361     7.356965
    1.387500     38.940534     7.338028
    1.395000     38.957578     6.209222
    1.402500     38.922029     4.387667
    1.410000     38.976298     3.337556
    1.417500     39.130679     3.229526
    1.425000     39.237041     3.218214
    1.432500     39.017470     2.253354
    1.440000     38.183174     0.849426
    1.447500     37.120319     0.414753
    1.455000     36.321523     0.522120
    1.462500     36.013082     0.570039
    1.470000     36.272131     0.516892
    1.477500     36.864106     1.434537
    1.485000     37.201632     3.268293
    1.492500     37.099223     3.454584
    1.500000     36.705821     2.311841
    1.507500     36.259560     1.877540
    1.515000     36.170251     2.052354
    1.522500     36.529271     2.281660
    1.530000     37.069537     2.774123
    1.537500     37.350895     3.746122
    1.545000     37.220235     3.636980
    1.552500     36.719471     1.911370
    1.560000     35.695665     0.397134
    1.567500     34.719374     0.381812
    1.575000     34.468538     0.672756
    1.582500     35.048489     1.377581
    1.590000     36.184793     2.276443
    1.597500     37.267990     2.634122
    1.605000     37.543204     2.979536
    1.612500     37.264860     4.126269
    1.620000     36.970973     4.757884
    1.627500     36.731345     4.148972
    1.635000     36.639274     3.524023
    1.642500     36.639409     3.932558
    1.650000     36.337489     4.787943
    1.657500     35.905540     4.983542
    1.665000     35.866079     4.813592
    1.672500     36.147204     4.895758
    1.680000     36.372550     4.974593
    1.687500     36.473119     5.058997
    1.695000     36.532640     6.154482
    1.702500     36.493523     7.439138
    1.710000     36.272597     6.746276
    1.717500     36.046920     4.893720
    1.725000     36.046267     3.731226
    1.732500     36.153897     3.324941
    1.740000     36.085648     2.977384
    1.747500     35.903024     3.013751
    1.755000     35.843509     3.760316
    1.762500     35.942700     4.560391
    1.770000     36.130291     4.701123
    1.777500     36.376082     4.284594
    1.785000     36.555942     3.977013
    1.792500     36.546242     4.556713
    1.800000     36.477621     5.594122
