#! FIELDS cyl.z file.free uncertainty
#! SET sample_size 189999
#! SET effective_sample_size 760.94
#! SET fundeltaF 20.8302
#! SET blocks_num 3
#! SET blocks_effective_num 2.94877
#! SET min_cyl.z 0.3
#! SET max_cyl.z 1.8
#! SET nbins_cyl.z 201
#! SET periodic_cyl.z false
    0.300000    264.529594     2.876332
    0.307500    243.810994     2.876332
    0.315000    224.495459     2.876332
    0.322500    206.582990     2.876332
    0.330000    190.073586     2.876332
    0.337500    174.967248     2.876332
    0.345000    161.263974     2.876332
    0.352500    148.963762     2.876332
    0.360000    138.066583     2.876332
    0.367500    128.572238     2.876332
    0.375000    120.479237     2.876332
    0.382500    113.776588     2.876332
    0.390000    108.384545     2.876332
    0.397500    103.815001     2.876250
    0.405000     98.721452     2.871524
    0.412500     93.040043     2.731728
    0.420000     86.554437     0.932350
    0.427500     76.307787     1.423387
    0.435000     65.808094     1.720076
    0.442500     56.534209     1.834112
    0.450000     48.554170     1.866891
    0.457500     41.785564     1.777398
    0.465000     36.018419     1.488651
    0.472500     30.937109     1.032327
    0.480000     26.329442     0.673566
    0.487500     22.150509     0.598605
    0.495000     18.277500     0.640061
    0.502500     14.574946     0.573987
    0.510000     11.143152     0.400922
    0.517500      8.207334     0.233147
    0.525000      5.902912     0.165349
    0.532500      4.181775     0.134016
    0.540000      2.852867     0.156650
    0.547500      1.777255     0.309260
    0.555000      0.968995     0.437396
    0.562500      0.434958     0.529361
    0.570000      0.110082     0.618457
    0.577500      0.000000     0.661321
    0.585000      0.141568     0.618374
    0.592500      0.442420     0.513877
    0.600000      0.757097     0.388338
    0.607500      0.972531     0.289010
    0.615000      1.062214     0.241662
    0.622500      1.159215     0.248249
    0.630000      1.337716     0.303166
    0.637500      1.555739     0.326038
    0.645000      1.780802     0.273668
    0.652500      1.970444     0.320615
    0.660000      2.097497     0.495495
    0.667500      2.172586     0.661382
    0.675000      2.221623     0.799328
    0.682500      2.302534     0.883002
    0.690000      2.411354     0.913480
    0.697500      2.450155     0.924211
    0.705000      2.433771     0.916730
    0.712500      2.497069     0.883958
    0.720000      2.708416     0.845929
    0.727500      3.066962     0.852236
    0.735000      3.560923     0.942542
    0.742500      4.182173     1.023131
    0.750000      4.878881     0.903716
    0.757500      5.451636     0.648504
    0.765000      5.766247     0.561093
    0.772500      6.043123     0.641782
    0.780000      6.588239     0.776027
    0.787500      7.469476     0.848907
    0.795000      8.464876     0.884379
    0.802500      9.301124     0.927557
    0.810000      9.963638     0.976472
    0.817500     10.605662     1.010716
    0.825000     11.345303     0.965631
    0.832500     12.206702     0.774470
    0.840000     13.091794     0.645226
    0.847500     13.932779     0.770462
    0.855000     14.882149     0.822201
    0.862500     15.961446     0.794633
    0.870000     16.883514     0.768145
    0.877500     17.571789     0.743222
    0.885000     18.246975     0.694595
    0.892500     18.901877     0.686276
    0.900000     19.402745     0.849184
    0.907500     19.846696     1.059296
    0.915000     20.372860     1.150236
    0.922500     20.974736     1.063912
    0.930000     21.493805     0.912594
    0.937500     21.762156     0.887153
    0.945000     21.824179     0.966073
    0.952500     21.919905     1.037308
    0.960000     22.308459     1.063246
    0.967500     23.021525     1.062307
    0.975000     23.832712     0.997763
    0.982500     24.470711     0.837199
    0.990000     24.868980     0.653971
    0.997500     25.168083     0.564365
    1.005000     25.487084     0.617504
    1.012500     25.817989     0.726933
    1.020000     26.135880     0.767110
    1.027500     26.458981     0.735914
    1.035000     26.768661     0.721171
    1.042500     27.049598     0.741450
    1.050000     27.326733     0.728343
    1.057500     27.594151     0.645244
    1.065000     27.822736     0.518934
    1.072500     27.992868     0.369918
    1.080000     28.135008     0.245223
    1.087500     28.330388     0.234144
    1.095000     28.626226     0.308461
    1.102500     28.964379     0.382563
    1.110000     29.196412     0.457708
    1.117500     29.292096     0.550847
    1.125000     29.370373     0.621793
    1.132500     29.491220     0.634239
    1.140000     29.667494     0.587521
    1.147500     29.894739     0.520807
    1.155000     30.106423     0.499021
    1.162500     30.268820     0.524541
    1.170000     30.435738     0.550251
    1.177500     30.659897     0.548014
    1.185000     30.903169     0.517067
    1.192500     31.072082     0.500061
    1.200000     31.161165     0.529553
    1.207500     31.247697     0.565923
    1.215000     31.392226     0.560451
    1.222500     31.619254     0.523867
    1.230000     31.886346     0.513272
    1.237500     32.095462     0.537492
    1.245000     32.224702     0.531837
    1.252500     32.335799     0.483940
    1.260000     32.464841     0.435544
    1.267500     32.588582     0.405747
    1.275000     32.674203     0.431766
    1.282500     32.738021     0.528614
    1.290000     32.801719     0.610422
    1.297500     32.876618     0.618740
    1.305000     32.979601     0.599987
    1.312500     33.083640     0.572486
    1.320000     33.141737     0.520885
    1.327500     33.171187     0.497564
    1.335000     33.199004     0.514482
    1.342500     33.184161     0.560061
    1.350000     33.151788     0.633534
    1.357500     33.209174     0.692696
    1.365000     33.356406     0.689871
    1.372500     33.480797     0.630027
    1.380000     33.521501     0.528642
    1.387500     33.520614     0.441623
    1.395000     33.526327     0.423684
    1.402500     33.493565     0.457361
    1.410000     33.354700     0.498186
    1.417500     33.159549     0.525930
    1.425000     33.031043     0.541581
    1.432500     33.046188     0.539507
    1.440000     33.206761     0.509736
    1.447500     33.463497     0.488697
    1.455000     33.716197     0.522326
    1.462500     33.889000     0.567063
    1.470000     33.944650     0.563982
    1.477500     33.802695     0.564625
    1.485000     33.553197     0.602326
    1.492500     33.392552     0.617507
    1.500000     33.324263     0.569609
    1.507500     33.308760     0.496903
    1.515000     33.324340     0.469335
    1.522500     33.238238     0.478751
    1.530000     33.027130     0.470610
    1.537500     32.845774     0.448931
    1.545000     32.757216     0.448620
    1.552500     32.724259     0.496851
    1.560000     32.700002     0.573973
    1.567500     32.636119     0.640112
    1.575000     32.559835     0.666270
    1.582500     32.554518     0.646315
    1.590000     32.613412     0.559007
    1.597500     32.662923     0.430820
    1.605000     32.684023     0.374630
    1.612500     32.704320     0.379960
    1.620000     32.673819     0.370986
    1.627500     32.505652     0.436986
    1.635000     32.296989     0.553778
    1.642500     32.235630     0.590513
    1.650000     32.339481     0.551005
    1.657500     32.468319     0.535444
    1.665000     32.547640     0.547931
    1.672500     32.606536     0.536227
    1.680000     32.603328     0.570009
    1.687500     32.499439     0.648942
    1.695000     32.387101     0.691421
    1.702500     32.354764     0.705012
    1.710000     32.399095     0.711257
    1.717500     32.428531     0.705375
    1.725000     32.371219     0.704067
    1.732500     32.292873     0.702831
    1.740000     32.283398     0.669845
    1.747500     32.345305     0.613584
    1.755000     32.389709     0.557177
    1.762500     32.313531     0.495507
    1.770000     32.192705     0.462341
    1.777500     32.208878     0.461389
    1.785000     32.349941     0.488993
    1.792500     32.452996     0.559216
    1.800000     32.558880     0.636503
