#! FIELDS cyl.z file.free uncertainty
#! SET sample_size 189999
#! SET effective_sample_size 810.066
#! SET fundeltaF 23.5593
#! SET blocks_num 3
#! SET blocks_effective_num 2.56782
#! SET min_cyl.z 0.3
#! SET max_cyl.z 1.8
#! SET nbins_cyl.z 201
#! SET periodic_cyl.z false
    0.300000    434.824816     4.914581
    0.307500    403.236974     4.914212
    0.315000    373.052003     4.913397
    0.322500    344.269666     4.911592
    0.330000    316.889437     4.907600
    0.337500    290.910159     4.898781
    0.345000    266.329277     4.879358
    0.352500    243.141188     4.836856
    0.360000    221.333783     4.745182
    0.367500    200.881632     4.553486
    0.375000    181.734664     4.178036
    0.382500    163.806617     3.533528
    0.390000    146.983866     2.673133
    0.397500    131.181494     1.966907
    0.405000    116.410680     1.799219
    0.412500    102.766000     1.930456
    0.420000     90.349398     2.035456
    0.427500     79.217526     2.045212
    0.435000     69.352993     1.954627
    0.442500     60.597819     1.711001
    0.450000     52.554558     1.240815
    0.457500     44.824358     0.757114
    0.465000     37.559218     0.602356
    0.472500     31.150118     0.634945
    0.480000     25.753538     0.686292
    0.487500     21.308653     0.718846
    0.495000     17.607684     0.676849
    0.502500     14.321529     0.464251
    0.510000     11.157284     0.132468
    0.517500      8.155314     0.344441
    0.525000      5.594148     0.494142
    0.532500      3.646025     0.434240
    0.540000      2.289288     0.283001
    0.547500      1.375489     0.193742
    0.555000      0.723556     0.185227
    0.562500      0.245179     0.208366
    0.570000      0.000000     0.197580
    0.577500      0.017508     0.120884
    0.585000      0.143458     0.043844
    0.592500      0.230251     0.033451
    0.600000      0.338735     0.052667
    0.607500      0.536191     0.045932
    0.615000      0.749063     0.097457
    0.622500      0.955555     0.158276
    0.630000      1.228561     0.246627
    0.637500      1.561120     0.303457
    0.645000      1.904641     0.182669
    0.652500      2.219955     0.208282
    0.660000      2.429063     0.361452
    0.667500      2.512255     0.331933
    0.675000      2.553672     0.290269
    0.682500      2.570779     0.298263
    0.690000      2.558499     0.323821
    0.697500      2.604375     0.379546
    0.705000      2.740572     0.449876
    0.712500      2.903091     0.456434
    0.720000      3.127324     0.404448
    0.727500      3.578954     0.359356
    0.735000      4.299930     0.350665
    0.742500      5.054895     0.426903
    0.750000      5.545915     0.573976
    0.757500      5.815649     0.619007
    0.765000      6.100415     0.567958
    0.772500      6.455086     0.543695
    0.780000      6.790328     0.592695
    0.787500      7.147069     0.668849
    0.795000      7.697509     0.732441
    0.802500      8.447393     0.795821
    0.810000      9.183826     0.804361
    0.817500      9.728752     0.775317
    0.825000     10.134799     0.851696
    0.832500     10.566348     1.024003
    0.840000     11.064683     1.138994
    0.847500     11.588241     1.148189
    0.855000     12.273849     1.135979
    0.862500     13.345068     1.130989
    0.870000     14.671415     1.156245
    0.877500     15.821187     1.192474
    0.885000     16.794602     1.173815
    0.892500     17.711698     1.250518
    0.900000     18.276866     1.422009
    0.907500     18.472304     1.344890
    0.915000     18.634708     1.080069
    0.922500     19.014866     0.891328
    0.930000     19.753537     0.785235
    0.937500     20.814938     0.519591
    0.945000     21.838500     0.287535
    0.952500     22.499812     0.527447
    0.960000     23.027882     0.517318
    0.967500     23.587620     0.380655
    0.975000     24.101719     0.358258
    0.982500     24.585539     0.465921
    0.990000     25.018939     0.658845
    0.997500     25.427913     0.764009
    1.005000     25.930178     0.713968
    1.012500     26.448406     0.631324
    1.020000     26.803407     0.576814
    1.027500     26.972940     0.611881
    1.035000     27.047633     0.873029
    1.042500     27.031858     1.477135
    1.050000     26.935641     2.138487
    1.057500     27.042054     2.341587
    1.065000     27.516062     1.942524
    1.072500     28.065456     1.188866
    1.080000     28.418823     0.647284
    1.087500     28.715378     0.494175
    1.095000     29.010557     0.506011
    1.102500     29.204749     0.483008
    1.110000     29.389131     0.418900
    1.117500     29.693435     0.335784
    1.125000     30.054957     0.224823
    1.132500     30.373155     0.168728
    1.140000     30.658120     0.246261
    1.147500     30.927882     0.388686
    1.155000     31.155204     0.487217
    1.162500     31.323040     0.543241
    1.170000     31.424717     0.643516
    1.177500     31.516972     0.767367
    1.185000     31.713537     0.779571
    1.192500     32.031768     0.685146
    1.200000     32.396648     0.599697
    1.207500     32.754074     0.544192
    1.215000     33.074329     0.477894
    1.222500     33.332249     0.412196
    1.230000     33.510269     0.367243
    1.237500     33.611544     0.338343
    1.245000     33.682949     0.345005
    1.252500     33.772665     0.387549
    1.260000     33.874363     0.387739
    1.267500     33.973073     0.339504
    1.275000     34.101204     0.307257
    1.282500     34.290629     0.305543
    1.290000     34.504947     0.337578
    1.297500     34.661452     0.370235
    1.305000     34.728682     0.388900
    1.312500     34.747244     0.422157
    1.320000     34.766028     0.472304
    1.327500     34.796860     0.507599
    1.335000     34.839836     0.510017
    1.342500     34.889433     0.485578
    1.350000     34.937916     0.440175
    1.357500     35.013162     0.438354
    1.365000     35.106133     0.476784
    1.372500     35.147544     0.450703
    1.380000     35.127611     0.363259
    1.387500     35.099189     0.326422
    1.395000     35.076517     0.369571
    1.402500     35.084551     0.368943
    1.410000     35.155804     0.285316
    1.417500     35.252008     0.197059
    1.425000     35.303262     0.213912
    1.432500     35.278890     0.335252
    1.440000     35.252896     0.450411
    1.447500     35.302317     0.525231
    1.455000     35.361321     0.576407
    1.462500     35.398282     0.593464
    1.470000     35.456805     0.603129
    1.477500     35.463212     0.675794
    1.485000     35.430684     0.771053
    1.492500     35.499601     0.786913
    1.500000     35.621371     0.726526
    1.507500     35.618415     0.657700
    1.515000     35.444812     0.572982
    1.522500     35.202141     0.462610
    1.530000     35.047100     0.427332
    1.537500     35.073675     0.483861
    1.545000     35.228318     0.500183
    1.552500     35.332857     0.498349
    1.560000     35.241367     0.604537
    1.567500     35.041326     0.752006
    1.575000     34.944621     0.787587
    1.582500     34.994037     0.703742
    1.590000     35.043789     0.599805
    1.597500     34.988729     0.546095
    1.605000     34.918474     0.518675
    1.612500     34.967110     0.492401
    1.620000     35.106064     0.479805
    1.627500     35.203342     0.474768
    1.635000     35.221598     0.467832
    1.642500     35.237439     0.463817
    1.650000     35.283619     0.460763
    1.657500     35.297227     0.467840
    1.665000     35.270694     0.453359
    1.672500     35.288301     0.367616
    1.680000     35.366562     0.248739
    1.687500     35.398320     0.154600
    1.695000     35.328076     0.141643
    1.702500     35.298964     0.209433
    1.710000     35.419174     0.322914
    1.717500     35.576159     0.358646
    1.725000     35.618515     0.322308
    1.732500     35.556302     0.305484
    1.740000     35.463991     0.351204
    1.747500     35.361893     0.435972
    1.755000     35.232546     0.510419
    1.762500     35.099315     0.567231
    1.770000     35.065232     0.585834
    1.777500     35.167210     0.568506
    1.785000     35.305848     0.527216
    1.792500     35.434176     0.436087
    1.800000     35.627599     0.347242
