#! FIELDS cyl.z file.free uncertainty
#! SET sample_size 89997
#! SET effective_sample_size 714.771
#! SET fundeltaF 22.0107
#! SET blocks_num 3
#! SET blocks_effective_num 2.85577
#! SET min_cyl.z 0.3
#! SET max_cyl.z 1.8
#! SET nbins_cyl.z 201
#! SET periodic_cyl.z false
    0.300000    430.421272     3.210984
    0.307500    398.833592     3.210984
    0.315000    368.648976     3.210984
    0.322500    339.867426     3.210984
    0.330000    312.488939     3.210984
    0.337500    286.513515     3.210984
    0.345000    261.941144     3.210984
    0.352500    238.771802     3.210984
    0.360000    217.005410     3.210984
    0.367500    196.641722     3.210984
    0.375000    177.679973     3.210984
    0.382500    160.117769     3.210983
    0.390000    143.947685     3.210976
    0.397500    129.147019     3.210919
    0.405000    115.649508     3.210459
    0.412500    103.286075     3.207007
    0.420000     91.752582     3.186218
    0.427500     80.812521     3.097034
    0.435000     70.540266     2.814552
    0.442500     61.044401     2.129868
    0.450000     52.192875     1.082183
    0.457500     43.886599     0.785829
    0.465000     36.347224     1.186531
    0.472500     29.848844     1.379503
    0.480000     24.481530     1.396119
    0.487500     20.151934     1.256832
    0.495000     16.627839     0.946328
    0.502500     13.640773     0.559592
    0.510000     10.999579     0.322597
    0.517500      8.555821     0.319616
    0.525000      6.255608     0.400992
    0.532500      4.279902     0.440048
    0.540000      2.833725     0.372324
    0.547500      1.893438     0.206662
    0.555000      1.232208     0.015949
    0.562500      0.663260     0.132571
    0.570000      0.217053     0.181623
    0.577500      0.000000     0.144702
    0.585000      0.000866     0.094637
    0.592500      0.090387     0.151579
    0.600000      0.128592     0.245842
    0.607500      0.066242     0.361521
    0.615000      0.054758     0.415218
    0.622500      0.314200     0.436360
    0.630000      0.862212     0.440254
    0.637500      1.450189     0.344055
    0.645000      1.802162     0.194546
    0.652500      1.959890     0.152376
    0.660000      2.131212     0.190408
    0.667500      2.278401     0.251899
    0.675000      2.195777     0.269591
    0.682500      1.933347     0.261454
    0.690000      1.754649     0.364492
    0.697500      1.765143     0.498122
    0.705000      1.775331     0.537016
    0.712500      1.691640     0.488770
    0.720000      1.783157     0.433914
    0.727500      2.249591     0.450071
    0.735000      2.967475     0.565928
    0.742500      3.573695     0.623832
    0.750000      3.887633     0.560737
    0.757500      4.122773     0.572170
    0.765000      4.399528     0.654915
    0.772500      4.608199     0.704751
    0.780000      4.717873     0.692875
    0.787500      4.897265     0.698891
    0.795000      5.271388     0.724846
    0.802500      5.804845     0.793798
    0.810000      6.419939     0.819519
    0.817500      6.982526     0.804106
    0.825000      7.372807     0.836689
    0.832500      7.720419     0.918454
    0.840000      8.165904     1.015487
    0.847500      8.622142     1.113149
    0.855000      9.168925     1.177275
    0.862500     10.130863     1.216658
    0.870000     11.432735     1.290966
    0.877500     12.590072     1.365317
    0.885000     13.607523     1.363800
    0.892500     14.571143     1.386497
    0.900000     14.988241     1.408505
    0.907500     14.942440     1.253292
    0.915000     14.978390     1.148617
    0.922500     15.356729     1.221923
    0.930000     16.222482     1.294446
    0.937500     17.640583     1.175357
    0.945000     19.372545     0.880521
    0.952500     20.777496     0.655207
    0.960000     21.630229     0.628690
    0.967500     22.372670     0.690405
    0.975000     23.121670     0.784340
    0.982500     23.553625     1.062106
    0.990000     23.624895     1.365486
    0.997500     23.793591     1.446288
    1.005000     24.268946     1.349822
    1.012500     24.782950     1.205437
    1.020000     25.073285     1.043045
    1.027500     25.155396     0.885186
    1.035000     24.986211     1.091399
    1.042500     24.479178     1.808335
    1.050000     23.936547     2.434097
    1.057500     23.938165     2.658185
    1.065000     24.713536     2.547066
    1.072500     25.924163     2.132885
    1.080000     26.926092     1.684374
    1.087500     27.556810     1.513944
    1.095000     27.951740     1.500621
    1.102500     28.128441     1.557043
    1.110000     28.269169     1.627319
    1.117500     28.608445     1.597733
    1.125000     29.085968     1.413861
    1.132500     29.409026     1.183567
    1.140000     29.527322     1.066674
    1.147500     29.664053     1.050514
    1.155000     29.874581     1.076248
    1.162500     29.959205     1.179750
    1.170000     29.806783     1.388359
    1.177500     29.660992     1.566214
    1.185000     29.803117     1.587042
    1.192500     30.239619     1.467857
    1.200000     30.775203     1.319260
    1.207500     31.280280     1.161356
    1.215000     31.723540     0.929125
    1.222500     32.008547     0.733571
    1.230000     32.110035     0.703459
    1.237500     32.162149     0.769901
    1.245000     32.218970     0.912006
    1.252500     32.277218     1.086429
    1.260000     32.399121     1.100577
    1.267500     32.556868     0.948720
    1.275000     32.669529     0.863590
    1.282500     32.810529     0.880331
    1.290000     33.035911     0.921809
    1.297500     33.187502     0.943322
    1.305000     33.143808     0.929496
    1.312500     33.041621     0.911191
    1.320000     33.016398     0.903709
    1.327500     32.997405     0.901351
    1.335000     32.927043     0.921554
    1.342500     32.873962     0.959362
    1.350000     32.834935     0.963104
    1.357500     32.788882     0.875356
    1.365000     32.772099     0.711434
    1.372500     32.791676     0.558635
    1.380000     32.857057     0.483420
    1.387500     32.964209     0.475564
    1.395000     33.039106     0.490280
    1.402500     33.089487     0.525961
    1.410000     33.192059     0.582192
    1.417500     33.305958     0.615499
    1.425000     33.351326     0.560958
    1.432500     33.344033     0.439088
    1.440000     33.314021     0.373357
    1.447500     33.302419     0.349891
    1.455000     33.324432     0.269395
    1.462500     33.386360     0.250102
    1.470000     33.533485     0.322649
    1.477500     33.672799     0.422892
    1.485000     33.739257     0.539539
    1.492500     33.877014     0.564995
    1.500000     34.034261     0.516963
    1.507500     33.902899     0.413500
    1.515000     33.465510     0.314401
    1.522500     33.077723     0.439537
    1.530000     33.051396     0.565979
    1.537500     33.400481     0.573679
    1.545000     33.808803     0.542402
    1.552500     33.914084     0.494272
    1.560000     33.659542     0.284954
    1.567500     33.258638     0.139913
    1.575000     33.022787     0.187752
    1.582500     33.050535     0.307988
    1.590000     33.174442     0.497786
    1.597500     33.193289     0.656672
    1.605000     33.101091     0.789253
    1.612500     33.103908     0.872064
    1.620000     33.298688     0.883462
    1.627500     33.547244     0.811706
    1.635000     33.660348     0.702865
    1.642500     33.625073     0.636252
    1.650000     33.563218     0.563309
    1.657500     33.515261     0.507658
    1.665000     33.450391     0.545237
    1.672500     33.384947     0.622613
    1.680000     33.365869     0.662704
    1.687500     33.286022     0.693909
    1.695000     33.100762     0.735587
    1.702500     33.068540     0.717812
    1.710000     33.303915     0.606677
    1.717500     33.553256     0.477902
    1.725000     33.559283     0.477756
    1.732500     33.370870     0.577569
    1.740000     33.163842     0.629124
    1.747500     33.112566     0.581073
    1.755000     33.237631     0.496816
    1.762500     33.351605     0.460763
    1.770000     33.339137     0.510401
    1.777500     33.313451     0.583813
    1.785000     33.338480     0.667208
    1.792500     33.326917     0.769300
    1.800000     33.340719     0.781381
