#! FIELDS cyl.z file.free uncertainty
#! SET sample_size 89997
#! SET effective_sample_size 686.99
#! SET fundeltaF 23.7956
#! SET blocks_num 3
#! SET blocks_effective_num 2.90028
#! SET min_cyl.z 0.3
#! SET max_cyl.z 1.8
#! SET nbins_cyl.z 201
#! SET periodic_cyl.z false
    0.300000    479.416536     2.262826
    0.307500    445.209962     2.262825
    0.315000    412.406375     2.262823
    0.322500    381.005810     2.262820
    0.330000    351.008286     2.262813
    0.337500    322.413804     2.262798
    0.345000    295.222357     2.262767
    0.352500    269.433913     2.262700
    0.360000    245.048397     2.262554
    0.367500    222.065627     2.262238
    0.375000    200.485180     2.261553
    0.382500    180.306048     2.260069
    0.390000    161.525847     2.256858
    0.397500    144.138914     2.249952
    0.405000    128.131870     2.235310
    0.412500    113.473784     2.205287
    0.420000    100.097231     2.148265
    0.427500     87.874582     2.056288
    0.435000     76.627388     1.947192
    0.442500     66.221096     1.868908
    0.450000     56.650574     1.847505
    0.457500     47.954289     1.857513
    0.465000     40.086879     1.846704
    0.472500     32.939393     1.757918
    0.480000     26.461072     1.555180
    0.487500     20.705736     1.264916
    0.495000     15.771221     0.998697
    0.502500     11.738263     0.891424
    0.510000      8.634374     0.932656
    0.517500      6.401071     0.979342
    0.525000      4.853232     0.913150
    0.532500      3.670252     0.686897
    0.540000      2.573903     0.411367
    0.547500      1.580826     0.259301
    0.555000      0.854434     0.273681
    0.562500      0.435851     0.325648
    0.570000      0.226994     0.349743
    0.577500      0.097992     0.387472
    0.585000      0.001289     0.378963
    0.592500      0.000000     0.280137
    0.600000      0.156143     0.175522
    0.607500      0.372068     0.108452
    0.615000      0.460622     0.019052
    0.622500      0.457534     0.219580
    0.630000      0.528126     0.326114
    0.637500      0.670177     0.252055
    0.645000      0.797213     0.161530
    0.652500      0.898784     0.361479
    0.660000      1.018922     0.529773
    0.667500      1.215508     0.543208
    0.675000      1.557693     0.504148
    0.682500      2.024016     0.492044
    0.690000      2.457498     0.502367
    0.697500      2.754187     0.571709
    0.705000      2.957212     0.661057
    0.712500      3.193657     0.644471
    0.720000      3.529813     0.509312
    0.727500      3.902247     0.394364
    0.735000      4.311834     0.398065
    0.742500      4.785886     0.370786
    0.750000      5.177023     0.198684
    0.757500      5.428250     0.166773
    0.765000      5.741278     0.287613
    0.772500      6.271146     0.495170
    0.780000      6.999148     0.714418
    0.787500      7.750781     0.779557
    0.795000      8.339562     0.594412
    0.802500      8.884884     0.469529
    0.810000      9.683890     0.485268
    0.817500     10.786150     0.533075
    0.825000     11.949887     0.548483
    0.832500     12.958419     0.427575
    0.840000     13.803494     0.386684
    0.847500     14.483302     0.499216
    0.855000     15.035268     0.662138
    0.862500     15.672823     0.795276
    0.870000     16.595341     0.839801
    0.877500     17.695623     0.774997
    0.885000     18.606898     0.710209
    0.892500     19.257130     0.678633
    0.900000     19.847842     0.633467
    0.907500     20.454063     0.527440
    0.915000     21.087685     0.375416
    0.922500     21.683172     0.353631
    0.930000     21.977404     0.466928
    0.937500     21.945949     0.544090
    0.945000     21.966239     0.439413
    0.952500     22.249451     0.208189
    0.960000     22.780722     0.084021
    0.967500     23.523184     0.251543
    0.975000     24.328023     0.540094
    0.982500     24.933221     0.640843
    0.990000     25.317258     0.505011
    0.997500     25.634367     0.368759
    1.005000     25.906006     0.338513
    1.012500     26.085845     0.302493
    1.020000     26.156448     0.204935
    1.027500     26.188150     0.113943
    1.035000     26.334235     0.066079
    1.042500     26.692416     0.169773
    1.050000     27.204354     0.272776
    1.057500     27.722515     0.324707
    1.065000     28.154835     0.339758
    1.072500     28.490985     0.331122
    1.080000     28.728550     0.355249
    1.087500     28.921630     0.436418
    1.095000     29.156340     0.549981
    1.102500     29.413574     0.651783
    1.110000     29.621760     0.740442
    1.117500     29.724794     0.821397
    1.125000     29.733219     0.844230
    1.132500     29.824025     0.801368
    1.140000     30.160443     0.735628
    1.147500     30.676942     0.761948
    1.155000     31.146041     0.929961
    1.162500     31.398995     1.138046
    1.170000     31.492281     1.270193
    1.177500     31.572071     1.256463
    1.185000     31.676421     1.130430
    1.192500     31.779462     1.010770
    1.200000     31.893294     0.958413
    1.207500     32.083442     0.942918
    1.215000     32.409964     0.930892
    1.222500     32.845303     0.964708
    1.230000     33.263724     1.038921
    1.237500     33.541775     1.039349
    1.245000     33.660744     0.974205
    1.252500     33.715400     0.973124
    1.260000     33.768889     1.031061
    1.267500     33.800707     1.054810
    1.275000     33.847634     1.034712
    1.282500     33.996198     1.049337
    1.290000     34.242538     1.087399
    1.297500     34.476003     1.050488
    1.305000     34.566818     0.995112
    1.312500     34.463486     1.028935
    1.320000     34.277436     1.079295
    1.327500     34.207934     1.113118
    1.335000     34.352723     1.163023
    1.342500     34.615693     1.221318
    1.350000     34.824517     1.267150
    1.357500     34.948006     1.313519
    1.365000     35.028367     1.367172
    1.372500     35.099766     1.404814
    1.380000     35.186232     1.392572
    1.387500     35.178723     1.295025
    1.395000     35.002859     1.165047
    1.402500     34.854043     1.084370
    1.410000     34.818266     1.056760
    1.417500     34.746494     1.175470
    1.425000     34.622137     1.410453
    1.432500     34.627856     1.543986
    1.440000     34.897562     1.466717
    1.447500     35.322523     1.290584
    1.455000     35.596103     1.245655
    1.462500     35.591660     1.300842
    1.470000     35.472961     1.389124
    1.477500     35.361969     1.545711
    1.485000     35.307865     1.629908
    1.492500     35.358290     1.518067
    1.500000     35.474224     1.324409
    1.507500     35.501721     1.302180
    1.515000     35.300551     1.505543
    1.522500     34.979526     1.721633
    1.530000     34.791407     1.774499
    1.537500     34.733871     1.663063
    1.545000     34.638199     1.562761
    1.552500     34.563849     1.569156
    1.560000     34.637248     1.626015
    1.567500     34.745887     1.667943
    1.575000     34.731723     1.542683
    1.582500     34.629665     1.217969
    1.590000     34.504924     0.927520
    1.597500     34.398690     0.884122
    1.605000     34.401555     1.101698
    1.612500     34.554752     1.386356
    1.620000     34.763812     1.520612
    1.627500     34.906146     1.479868
    1.635000     34.995465     1.419902
    1.642500     35.127800     1.397929
    1.650000     35.262478     1.325621
    1.657500     35.318366     1.148661
    1.665000     35.391564     0.972300
    1.672500     35.630936     0.897856
    1.680000     35.960455     0.921907
    1.687500     36.034583     1.001265
    1.695000     35.767390     1.057152
    1.702500     35.485179     1.073038
    1.710000     35.384935     1.102835
    1.717500     35.430256     1.183095
    1.725000     35.545054     1.240562
    1.732500     35.627366     1.203279
    1.740000     35.596366     1.182880
    1.747500     35.624405     1.198864
    1.755000     35.910196     1.231965
    1.762500     36.248756     1.236464
    1.770000     36.205752     1.071464
    1.777500     35.812987     0.826744
    1.785000     35.358496     0.628172
    1.792500     34.992582     0.664122
    1.800000     34.816397     0.943481
