#! FIELDS cyl.z file.free uncertainty
#! SET sample_size 189999
#! SET effective_sample_size 1347.04
#! SET fundeltaF 23.9846
#! SET blocks_num 3
#! SET blocks_effective_num 2.42492
#! SET min_cyl.z 0.3
#! SET max_cyl.z 1.8
#! SET nbins_cyl.z 201
#! SET periodic_cyl.z false
    0.300000    421.977864     4.109871
    0.307500    392.755222     4.099385
    0.315000    364.855682     4.078613
    0.322500    338.218401     4.040791
    0.330000    312.763353     3.980707
    0.337500    288.420035     3.901678
    0.345000    265.170348     3.817478
    0.352500    243.058751     3.742818
    0.360000    222.152106     3.685286
    0.367500    202.488486     3.649243
    0.375000    184.039827     3.644413
    0.382500    166.687701     3.685966
    0.390000    150.255270     3.767951
    0.397500    134.653502     3.832044
    0.405000    119.977504     3.802155
    0.412500    106.373702     3.606264
    0.420000     93.872584     3.116580
    0.427500     82.322878     2.191985
    0.435000     71.474078     1.165281
    0.442500     61.274755     1.056160
    0.450000     51.957224     1.328519
    0.457500     43.750167     1.426977
    0.465000     36.723761     1.376780
    0.472500     30.778173     1.170745
    0.480000     25.620542     0.779274
    0.487500     20.875056     0.476637
    0.495000     16.457076     0.587115
    0.502500     12.593829     0.678997
    0.510000      9.463005     0.643978
    0.517500      7.071376     0.513724
    0.525000      5.270523     0.369342
    0.532500      3.799492     0.294998
    0.540000      2.481077     0.204912
    0.547500      1.382840     0.070086
    0.555000      0.624417     0.022730
    0.562500      0.201791     0.018530
    0.570000      0.027558     0.079723
    0.577500      0.000000     0.150331
    0.585000      0.029716     0.185695
    0.592500      0.054104     0.164054
    0.600000      0.074493     0.068959
    0.607500      0.152418     0.006515
    0.615000      0.328292     0.034768
    0.622500      0.593521     0.161641
    0.630000      0.871596     0.272260
    0.637500      1.055427     0.313541
    0.645000      1.171821     0.326846
    0.652500      1.281872     0.325785
    0.660000      1.339459     0.329820
    0.667500      1.347045     0.382431
    0.675000      1.380865     0.432165
    0.682500      1.463741     0.422552
    0.690000      1.605027     0.393085
    0.697500      1.784325     0.415639
    0.705000      1.959996     0.458306
    0.712500      2.197298     0.480049
    0.720000      2.566863     0.468981
    0.727500      3.014359     0.447572
    0.735000      3.463351     0.446462
    0.742500      3.899085     0.422455
    0.750000      4.310288     0.392633
    0.757500      4.705866     0.365354
    0.765000      5.211585     0.288445
    0.772500      5.896795     0.209879
    0.780000      6.620247     0.271916
    0.787500      7.248362     0.346523
    0.795000      7.817043     0.334353
    0.802500      8.436257     0.308611
    0.810000      9.136560     0.408466
    0.817500      9.856189     0.593329
    0.825000     10.601012     0.668530
    0.832500     11.344036     0.594566
    0.840000     11.975935     0.817479
    0.847500     12.571167     1.389281
    0.855000     13.364890     1.686307
    0.862500     14.466410     1.354588
    0.870000     15.551069     0.569358
    0.877500     15.999873     0.606540
    0.885000     16.058773     0.880861
    0.892500     16.475896     0.911566
    0.900000     17.474505     0.794976
    0.907500     18.803605     0.623743
    0.915000     19.975905     0.599553
    0.922500     20.610354     0.605863
    0.930000     20.707494     0.541211
    0.937500     20.630556     0.562692
    0.945000     20.842174     0.581651
    0.952500     21.533770     0.419221
    0.960000     22.438012     0.245757
    0.967500     23.150823     0.601588
    0.975000     23.766217     0.825090
    0.982500     24.461355     0.764896
    0.990000     25.074129     0.511606
    0.997500     25.477247     0.339915
    1.005000     25.831933     0.376232
    1.012500     26.261342     0.519835
    1.020000     26.676408     0.613231
    1.027500     26.970650     0.688193
    1.035000     27.169919     0.759064
    1.042500     27.383371     0.730225
    1.050000     27.659636     0.574472
    1.057500     27.995653     0.395270
    1.065000     28.430104     0.329317
    1.072500     28.924548     0.417994
    1.080000     29.275954     0.629666
    1.087500     29.435485     0.900387
    1.095000     29.606847     1.103701
    1.102500     29.856759     1.174693
    1.110000     30.074374     1.214574
    1.117500     30.229585     1.224303
    1.125000     30.394048     1.115897
    1.132500     30.623384     0.969490
    1.140000     30.957213     0.869393
    1.147500     31.355470     0.815727
    1.155000     31.692057     0.824364
    1.162500     31.912583     0.889827
    1.170000     32.074991     0.945775
    1.177500     32.254231     0.949912
    1.185000     32.455656     0.940741
    1.192500     32.630601     0.972667
    1.200000     32.781199     1.031630
    1.207500     32.948644     1.055647
    1.215000     33.161129     1.021756
    1.222500     33.401106     1.024057
    1.230000     33.628555     1.128988
    1.237500     33.875413     1.219433
    1.245000     34.193055     1.198884
    1.252500     34.511443     1.104788
    1.260000     34.697622     1.006843
    1.267500     34.745053     0.951674
    1.275000     34.750215     0.926334
    1.282500     34.810986     0.909898
    1.290000     35.004381     0.911948
    1.297500     35.282832     0.913160
    1.305000     35.436013     0.912096
    1.312500     35.397579     0.946621
    1.320000     35.347939     1.017159
    1.327500     35.385356     1.072766
    1.335000     35.456780     1.101540
    1.342500     35.476545     1.184162
    1.350000     35.440984     1.309259
    1.357500     35.457535     1.355599
    1.365000     35.573466     1.298505
    1.372500     35.680778     1.214367
    1.380000     35.708602     1.147238
    1.387500     35.695527     1.089816
    1.395000     35.657957     1.050807
    1.402500     35.628994     1.011085
    1.410000     35.634178     0.983130
    1.417500     35.650029     1.049442
    1.425000     35.641150     1.188893
    1.432500     35.579574     1.253716
    1.440000     35.550768     1.160687
    1.447500     35.671191     1.020890
    1.455000     35.863293     0.991199
    1.462500     35.957486     1.050379
    1.470000     35.935476     1.078684
    1.477500     35.845459     1.064477
    1.485000     35.712315     1.003132
    1.492500     35.611305     0.910640
    1.500000     35.631800     0.871077
    1.507500     35.705789     0.937853
    1.515000     35.657912     1.070036
    1.522500     35.523481     1.187585
    1.530000     35.454944     1.198812
    1.537500     35.417121     1.098956
    1.545000     35.320558     1.046825
    1.552500     35.239583     1.087167
    1.560000     35.243285     1.145309
    1.567500     35.289925     1.213110
    1.575000     35.329525     1.223903
    1.582500     35.341837     1.091190
    1.590000     35.308766     0.942243
    1.597500     35.232935     0.942835
    1.605000     35.184265     1.065805
    1.612500     35.226018     1.159882
    1.620000     35.309076     1.155832
    1.627500     35.338857     1.125020
    1.635000     35.314214     1.125956
    1.642500     35.278897     1.134680
    1.650000     35.246398     1.105594
    1.657500     35.266648     1.056623
    1.665000     35.389585     1.059489
    1.672500     35.541117     1.084275
    1.680000     35.579401     1.085838
    1.687500     35.473526     1.144735
    1.695000     35.315559     1.247992
    1.702500     35.210832     1.266086
    1.710000     35.186638     1.158038
    1.717500     35.181422     1.061064
    1.725000     35.171513     1.044546
    1.732500     35.146474     1.031474
    1.740000     35.077706     1.018283
    1.747500     35.024005     1.051889
    1.755000     35.035869     1.134786
    1.762500     35.083177     1.196357
    1.770000     35.107903     1.117146
    1.777500     35.034117     0.930376
    1.785000     34.869549     0.812312
    1.792500     34.755111     0.810890
    1.800000     34.827857     0.898548
