#! FIELDS cyl.z file.free uncertainty
#! SET sample_size 89997
#! SET effective_sample_size 270.004
#! SET fundeltaF 47.4896
#! SET blocks_num 3
#! SET blocks_effective_num 2.23292
#! SET min_cyl.z 0.3
#! SET max_cyl.z 1.8
#! SET nbins_cyl.z 201
#! SET periodic_cyl.z false
    0.300000    551.064645     0.849028
    0.307500    514.313576     0.634787
    0.315000    478.908983     0.454894
    0.322500    444.840537     0.447730
    0.330000    412.098895     0.661089
    0.337500    380.676992     0.970630
    0.345000    350.571148     1.308486
    0.352500    321.781586     1.651537
    0.360000    294.312178     1.992412
    0.367500    268.169558     2.329784
    0.375000    243.361934     2.663469
    0.382500    219.897999     2.991940
    0.390000    197.786121     3.311842
    0.397500    177.033893     3.618740
    0.405000    157.647949     3.908174
    0.412500    139.633949     4.176473
    0.420000    122.996626     4.421128
    0.427500    107.739833     4.640772
    0.435000     93.866456     4.834788
    0.442500     81.377936     5.002187
    0.450000     70.272489     5.138148
    0.457500     60.538505     5.221418
    0.465000     52.129500     5.167402
    0.472500     44.873724     4.695367
    0.480000     38.268427     3.454246
    0.487500     31.653569     2.699732
    0.495000     25.182244     2.953149
    0.502500     19.428005     3.128651
    0.510000     14.615564     3.191690
    0.517500     10.727036     3.191250
    0.525000      7.676860     3.117841
    0.532500      5.378697     2.950243
    0.540000      3.716372     2.731046
    0.547500      2.540943     2.593882
    0.555000      1.796907     2.574111
    0.562500      1.525843     2.598854
    0.570000      1.665447     2.621218
    0.577500      1.943051     2.621610
    0.585000      2.123629     2.590214
    0.592500      2.381985     2.459607
    0.600000      2.984499     2.242832
    0.607500      3.794884     1.916911
    0.615000      4.154454     1.108493
    0.622500      3.546757     0.210892
    0.630000      2.463478     0.916144
    0.637500      1.564795     1.065099
    0.645000      0.994086     0.973164
    0.652500      0.592853     0.917163
    0.660000      0.243036     1.023946
    0.667500      0.006699     1.171013
    0.675000      0.000000     1.223955
    0.682500      0.227542     1.218849
    0.690000      0.625246     1.251156
    0.697500      1.238338     1.323520
    0.705000      2.106741     1.389751
    0.712500      3.096656     1.433268
    0.720000      4.098633     1.457279
    0.727500      5.096907     1.489796
    0.735000      5.839024     1.549117
    0.742500      6.246393     1.577748
    0.750000      6.896789     1.561766
    0.757500      8.297773     1.532367
    0.765000     10.535032     1.479427
    0.772500     13.148849     1.361245
    0.780000     15.241548     1.253602
    0.787500     16.701879     1.203566
    0.795000     17.882585     1.168887
    0.802500     19.029141     1.121321
    0.810000     20.424724     1.039309
    0.817500     22.045214     0.883316
    0.825000     23.339532     1.202874
    0.832500     24.094089     1.571609
    0.840000     24.969834     1.343913
    0.847500     26.184417     0.825665
    0.855000     26.934148     0.629276
    0.862500     26.364490     0.996536
    0.870000     25.588034     1.235496
    0.877500     25.647923     1.302134
    0.885000     26.764664     1.206844
    0.892500     28.692489     1.126103
    0.900000     30.672646     2.227669
    0.907500     32.036892     2.755465
    0.915000     32.804014     2.052281
    0.922500     33.078973     1.842757
    0.930000     33.194854     2.464153
    0.937500     33.667076     3.080405
    0.945000     34.742795     3.229083
    0.952500     36.143861     2.731996
    0.960000     37.347373     1.678226
    0.967500     38.277626     0.775588
    0.975000     39.062812     0.439937
    0.982500     39.712371     0.585586
    0.990000     40.338034     0.835094
    0.997500     40.862937     0.944456
    1.005000     40.990440     1.136806
    1.012500     41.038181     1.404841
    1.020000     41.566086     1.545535
    1.027500     42.554274     1.589196
    1.035000     43.486397     1.715938
    1.042500     44.131528     1.984244
    1.050000     44.767807     2.054881
    1.057500     45.531943     1.746812
    1.065000     46.238572     1.542045
    1.072500     46.816351     1.718961
    1.080000     47.500656     1.730893
    1.087500     48.229406     1.867238
    1.095000     48.573146     2.303681
    1.102500     48.540426     2.422841
    1.110000     48.437797     2.456847
    1.117500     48.295509     3.108672
    1.125000     48.271623     3.973352
    1.132500     48.723953     4.271804
    1.140000     49.738420     3.929418
    1.147500     51.006528     3.252106
    1.155000     52.117064     2.662774
    1.162500     52.910547     2.401111
    1.170000     53.578410     2.404730
    1.177500     54.211719     2.414790
    1.185000     54.700091     2.298103
    1.192500     55.012256     2.150575
    1.200000     55.044660     2.210772
    1.207500     54.897601     2.427481
    1.215000     54.864006     2.553355
    1.222500     54.756207     2.633548
    1.230000     54.232335     2.806433
    1.237500     53.721278     2.969468
    1.245000     53.780031     2.985116
    1.252500     54.447890     2.860046
    1.260000     55.284421     2.713887
    1.267500     55.823664     2.673588
    1.275000     56.097436     2.672758
    1.282500     56.254954     2.608390
    1.290000     56.345815     2.508229
    1.297500     56.539749     2.386314
    1.305000     56.869315     2.262845
    1.312500     57.075775     2.266674
    1.320000     57.090790     2.411020
    1.327500     57.151352     2.502091
    1.335000     57.322227     2.515985
    1.342500     57.468734     2.511003
    1.350000     57.624791     2.537088
    1.357500     57.971370     2.593566
    1.365000     58.500637     2.556601
    1.372500     58.955408     2.459874
    1.380000     59.132149     2.543857
    1.387500     59.159371     2.769424
    1.395000     59.272636     2.881041
    1.402500     59.464264     2.707882
    1.410000     59.474963     2.367922
    1.417500     59.315490     2.175788
    1.425000     59.271703     2.060571
    1.432500     59.352980     2.011860
    1.440000     59.373600     2.086106
    1.447500     59.418393     2.212649
    1.455000     59.659582     2.318520
    1.462500     59.868908     2.278740
    1.470000     59.604583     1.712988
    1.477500     58.938536     0.946766
    1.485000     58.458732     0.717173
    1.492500     58.540901     0.926172
    1.500000     59.073861     1.565333
    1.507500     59.688612     2.276062
    1.515000     60.160407     2.712955
    1.522500     60.402779     2.947534
    1.530000     60.398513     2.959727
    1.537500     60.246769     2.768855
    1.545000     60.070623     2.435706
    1.552500     59.987365     2.154048
    1.560000     60.026803     2.129303
    1.567500     60.082018     2.270046
    1.575000     60.021188     2.430580
    1.582500     59.843278     2.491351
    1.590000     59.671449     2.467746
    1.597500     59.609478     2.504387
    1.605000     59.702846     2.552798
    1.612500     59.841100     2.471924
    1.620000     59.842160     2.376308
    1.627500     59.798841     2.340732
    1.635000     59.793095     2.327991
    1.642500     59.643017     2.420768
    1.650000     59.305449     2.481566
    1.657500     59.017862     2.371843
    1.665000     58.935647     2.176845
    1.672500     59.067022     2.059528
    1.680000     59.306568     2.096474
    1.687500     59.412888     2.220361
    1.695000     59.281891     2.343742
    1.702500     59.044608     2.413549
    1.710000     58.860230     2.376908
    1.717500     58.842464     2.243004
    1.725000     59.031828     2.137419
    1.732500     59.379100     2.144390
    1.740000     59.697754     2.191640
    1.747500     59.812180     2.224868
    1.755000     59.754732     2.190380
    1.762500     59.655081     2.145442
    1.770000     59.623986     2.201067
    1.777500     59.670503     2.328269
    1.785000     59.755033     2.402973
    1.792500     59.824328     2.401868
    1.800000     59.918150     2.397554
