#! FIELDS cyl.z file.free uncertainty
#! SET sample_size 14997
#! SET effective_sample_size 91.4819
#! SET fundeltaF 25.6643
#! SET blocks_num 3
#! SET blocks_effective_num 2.4777
#! SET min_cyl.z 0.3
#! SET max_cyl.z 1.8
#! SET nbins_cyl.z 201
#! SET periodic_cyl.z false
    0.300000    377.824816     2.213062
    0.307500    346.963930     2.208642
    0.315000    317.505486     2.203303
    0.322500    289.449335     2.196859
    0.330000    262.795285     2.189087
    0.337500    237.543084     2.179722
    0.345000    213.692404     2.168451
    0.352500    191.242806     2.154908
    0.360000    170.193693     2.138671
    0.367500    150.544243     2.119262
    0.375000    132.293309     2.096156
    0.382500    115.439264     2.068806
    0.390000     99.979790     2.036694
    0.397500     85.911548     1.999419
    0.405000     73.229723     1.956828
    0.412500     61.927342     1.909127
    0.420000     51.994147     1.856675
    0.427500     43.414204     1.798341
    0.435000     36.159038     1.724734
    0.442500     30.164875     1.596590
    0.450000     25.263285     1.305163
    0.457500     21.057629     0.820403
    0.465000     17.051520     0.946223
    0.472500     13.233024     1.390426
    0.480000      9.947413     1.662688
    0.487500      7.383273     1.850609
    0.495000      5.549357     1.958861
    0.502500      4.348081     1.945589
    0.510000      3.612822     1.801491
    0.517500      3.013081     1.595450
    0.525000      2.133724     1.417202
    0.532500      1.198811     1.196473
    0.540000      0.677260     0.921922
    0.547500      0.550383     0.740423
    0.555000      0.460349     0.652216
    0.562500      0.259235     0.518444
    0.570000      0.127465     0.475327
    0.577500      0.075681     0.510247
    0.585000      0.000000     0.551852
    0.592500      0.064642     0.569281
    0.600000      0.457692     0.581877
    0.607500      0.987760     0.610047
    0.615000      1.307942     0.597507
    0.622500      1.448528     0.617199
    0.630000      1.424968     0.894893
    0.637500      1.250276     1.278412
    0.645000      1.362767     1.398385
    0.652500      2.057228     1.123495
    0.660000      3.088841     0.792042
    0.667500      3.862376     1.843819
    0.675000      4.155488     2.703772
    0.682500      4.144754     2.939803
    0.690000      3.996107     3.110875
    0.697500      3.917529     3.334946
    0.705000      4.134028     3.377464
    0.712500      4.727113     3.171558
    0.720000      5.561942     2.830382
    0.727500      6.452019     2.599317
    0.735000      7.348446     2.596049
    0.742500      8.135950     2.638505
    0.750000      8.626956     2.707609
    0.757500      8.833942     3.130478
    0.765000      8.966061     3.703063
    0.772500      9.426184     3.858159
    0.780000     10.427347     3.309695
    0.787500     11.583122     2.206065
    0.795000     12.157164     1.823863
    0.802500     12.326691     1.832950
    0.810000     12.818792     1.770346
    0.817500     13.959563     1.957698
    0.825000     15.796261     2.402648
    0.832500     17.964934     3.256157
    0.840000     19.539051     4.332068
    0.847500     20.456176     4.165685
    0.855000     20.970378     2.563898
    0.862500     20.837742     1.383921
    0.870000     20.408362     1.384216
    0.877500     19.939663     1.529092
    0.885000     19.793657     1.615968
    0.892500     20.363435     1.656129
    0.900000     21.446734     1.536360
    0.907500     22.199031     1.537516
    0.915000     22.623632     1.637001
    0.922500     23.327588     1.592294
    0.930000     24.095275     1.415719
    0.937500     24.430050     1.243828
    0.945000     24.472004     1.299875
    0.952500     24.576059     1.579501
    0.960000     24.763543     1.825594
    0.967500     24.889030     1.622026
    0.975000     25.026395     1.245232
    0.982500     25.409977     0.955102
    0.990000     25.980727     0.663006
    0.997500     26.410905     0.528784
    1.005000     26.680474     0.510934
    1.012500     27.031961     0.731707
    1.020000     27.609205     0.957915
    1.027500     28.178327     1.215298
    1.035000     28.278630     2.267435
    1.042500     28.181412     3.220790
    1.050000     28.342212     3.677234
    1.057500     28.636760     3.605883
    1.065000     28.865699     3.157793
    1.072500     29.219618     2.742867
    1.080000     29.756554     2.492827
    1.087500     30.256450     2.013733
    1.095000     30.737391     1.446855
    1.102500     31.534759     1.221412
    1.110000     32.639989     1.218794
    1.117500     33.386434     1.653545
    1.125000     33.374917     1.671204
    1.132500     33.053173     1.652176
    1.140000     33.000838     1.964553
    1.147500     33.483326     2.554660
    1.155000     34.234479     3.150319
    1.162500     34.768050     3.300698
    1.170000     35.116897     3.195323
    1.177500     35.538040     3.091895
    1.185000     36.106896     2.839639
    1.192500     36.686238     2.602298
    1.200000     37.074185     2.809865
    1.207500     37.323072     2.952946
    1.215000     37.530551     2.428179
    1.222500     37.706992     1.856053
    1.230000     37.907759     1.735978
    1.237500     38.268498     1.807249
    1.245000     38.874351     1.988955
    1.252500     39.430476     2.132799
    1.260000     39.465408     2.276400
    1.267500     39.253353     2.428990
    1.275000     39.391915     2.305802
    1.282500     39.925874     1.677418
    1.290000     40.395556     0.892826
    1.297500     40.664588     0.755991
    1.305000     40.950857     0.798258
    1.312500     40.740795     1.015053
    1.320000     39.610759     1.312633
    1.327500     38.491917     1.520204
    1.335000     38.072377     1.679172
    1.342500     38.283413     1.888329
    1.350000     38.475997     2.331100
    1.357500     38.271456     2.866814
    1.365000     38.186303     3.150177
    1.372500     38.499824     3.091421
    1.380000     38.826084     2.835255
    1.387500     38.781385     2.689812
    1.395000     38.490379     2.429083
    1.402500     38.124642     2.089148
    1.410000     37.970470     2.131471
    1.417500     38.128143     2.789183
    1.425000     38.141010     3.932927
    1.432500     37.871162     4.536745
    1.440000     37.842123     4.455291
    1.447500     38.184316     4.058300
    1.455000     38.550175     3.762945
    1.462500     38.580999     3.767146
    1.470000     38.298437     3.838400
    1.477500     37.950922     3.886707
    1.485000     37.651367     3.861412
    1.492500     37.501399     3.714341
    1.500000     37.567059     3.586890
    1.507500     37.575476     3.825746
    1.515000     37.279160     4.296782
    1.522500     36.987382     4.419875
    1.530000     36.888457     4.254812
    1.537500     36.584236     4.184151
    1.545000     35.847916     4.280823
    1.552500     35.215894     4.258862
    1.560000     35.151265     4.058672
    1.567500     35.661618     3.894075
    1.575000     36.475614     4.037017
    1.582500     37.330600     4.295855
    1.590000     37.906377     4.106071
    1.597500     37.934438     3.562042
    1.605000     37.792804     3.262845
    1.612500     37.797537     3.260082
    1.620000     37.787653     3.334891
    1.627500     37.729550     3.345487
    1.635000     37.642499     3.250729
    1.642500     37.203586     3.219581
    1.650000     36.556145     3.487997
    1.657500     36.231393     3.790659
    1.665000     36.324365     3.774095
    1.672500     36.603428     3.358524
    1.680000     36.933803     2.895573
    1.687500     37.334042     2.755018
    1.695000     37.797022     2.953825
    1.702500     38.059030     2.993382
    1.710000     37.879697     2.511069
    1.717500     37.660205     2.088858
    1.725000     37.750366     1.962921
    1.732500     38.039476     2.169355
    1.740000     38.300150     2.976399
    1.747500     38.521239     3.928002
    1.755000     38.663618     4.179332
    1.762500     38.513171     3.588452
    1.770000     38.186800     2.936573
    1.777500     38.063567     2.705079
    1.785000     38.264149     2.856050
    1.792500     38.502393     3.263298
    1.800000     38.518172     3.457793
