#! FIELDS cyl.z file.free uncertainty
#! SET sample_size 14997
#! SET effective_sample_size 64.0972
#! SET fundeltaF 33.551
#! SET blocks_num 3
#! SET blocks_effective_num 1.1882
#! SET min_cyl.z 0.3
#! SET max_cyl.z 1.8
#! SET nbins_cyl.z 201
#! SET periodic_cyl.z false
    0.300000    282.747464     1.749582
    0.307500    261.512195     1.749582
    0.315000    241.622468     1.749582
    0.322500    222.970864     1.749582
    0.330000    205.307517     1.749582
    0.337500    188.294070     1.749582
    0.345000    171.871145     1.749582
    0.352500    156.342454     1.749582
    0.360000    141.994886     1.749579
    0.367500    128.964015     1.749547
    0.375000    117.298371     1.749229
    0.382500    107.007101     1.746031
    0.390000     98.056212     1.715013
    0.397500     90.269945     1.482131
    0.405000     83.030746     2.418393
    0.412500     75.365140     8.669585
    0.420000     67.182295    13.846856
    0.427500     58.756968    16.109688
    0.435000     50.200719    18.943800
    0.442500     41.931776    20.175462
    0.450000     34.449597    20.034653
    0.457500     28.059443    19.536665
    0.465000     22.892735    18.914084
    0.472500     18.979852    18.102047
    0.480000     16.275940    16.965386
    0.487500     14.622391    15.314833
    0.495000     13.619454    12.899320
    0.502500     12.580815    10.052619
    0.510000     11.078797     7.930824
    0.517500      9.139371     5.579116
    0.525000      6.910500     2.673425
    0.532500      4.955285     0.935820
    0.540000      3.795142     0.570552
    0.547500      3.533300     1.422558
    0.555000      3.715737     3.406386
    0.562500      3.254725     3.998325
    0.570000      2.046306     2.386735
    0.577500      1.011467     1.039123
    0.585000      0.565504     0.379193
    0.592500      0.694001     0.293897
    0.600000      0.929994     0.324158
    0.607500      0.655295     0.479623
    0.615000      0.147717     0.696865
    0.622500      0.000000     0.786833
    0.630000      0.421761     0.742580
    0.637500      1.210728     0.685726
    0.645000      1.810290     0.769123
    0.652500      2.062792     0.884867
    0.660000      2.329905     0.914931
    0.667500      2.822645     0.847010
    0.675000      3.507079     0.763857
    0.682500      4.293358     0.693674
    0.690000      5.424579     0.590468
    0.697500      7.202029     1.108019
    0.705000      9.140449     2.769460
    0.712500      9.430581     2.958082
    0.720000      8.675168     1.792489
    0.727500      8.488613     1.191013
    0.735000      9.258676     1.017229
    0.742500     10.956724     0.998188
    0.750000     13.347206     1.082612
    0.757500     16.025975     2.680610
    0.765000     18.338427     9.488156
    0.772500     19.179270    20.944833
    0.780000     19.015097    26.341268
    0.787500     19.359768    26.984596
    0.795000     20.704216    25.691661
    0.802500     22.852045    22.964178
    0.810000     25.007182    19.554262
    0.817500     26.819416    17.656281
    0.825000     28.883251    16.731078
    0.832500     30.871192    16.612127
    0.840000     31.567968    17.694234
    0.847500     31.628806    17.997089
    0.855000     31.911160    18.483218
    0.862500     31.962134    20.129645
    0.870000     30.922200    21.775226
    0.877500     29.328309    22.497408
    0.885000     28.369601    22.765535
    0.892500     28.552455    22.783879
    0.900000     29.934235    22.339023
    0.907500     32.155004    20.199772
    0.915000     33.891470    15.862664
    0.922500     34.058057    14.479346
    0.930000     33.472791    15.419942
    0.937500     32.955562    15.864031
    0.945000     33.002436    14.911691
    0.952500     33.699360    12.918278
    0.960000     34.670217    11.294866
    0.967500     35.324671    11.171804
    0.975000     35.612640    11.413391
    0.982500     35.887327    11.661919
    0.990000     36.280759    11.446422
    0.997500     36.709106    11.125139
    1.005000     37.044126    10.403744
    1.012500     37.166644     9.042451
    1.020000     37.036060     8.799143
    1.027500     36.839413    11.442915
    1.035000     36.796941    15.063959
    1.042500     37.024643    16.646246
    1.050000     37.575193    15.641296
    1.057500     38.373204    14.370982
    1.065000     39.131350    15.105574
    1.072500     39.605561    17.045613
    1.080000     39.888022    18.852106
    1.087500     40.014602    21.127066
    1.095000     40.017940    23.122475
    1.102500     40.168966    23.487329
    1.110000     40.629780    22.732242
    1.117500     41.212094    22.598636
    1.125000     41.630109    23.652340
    1.132500     41.936782    24.104076
    1.140000     42.252236    23.245744
    1.147500     42.652487    21.562544
    1.155000     43.226907    20.219724
    1.162500     43.749259    21.662451
    1.170000     43.936907    25.749808
    1.177500     44.149354    28.501395
    1.185000     44.754630    28.553500
    1.192500     45.413412    27.056476
    1.200000     45.502519    26.536416
    1.207500     45.282490    27.095831
    1.215000     45.374221    26.562934
    1.222500     45.827731    23.514573
    1.230000     46.263146    19.861892
    1.237500     46.702383    18.544427
    1.245000     47.394812    18.497572
    1.252500     48.155000    18.445669
    1.260000     48.599566    18.024917
    1.267500     48.652442    17.674741
    1.275000     48.569865    17.958448
    1.282500     48.638116    18.774173
    1.290000     48.739142    20.011627
    1.297500     48.351054    22.508769
    1.305000     47.618698    25.004845
    1.312500     47.249770    25.406616
    1.320000     47.393942    22.902090
    1.327500     47.512113    19.332330
    1.335000     47.425878    18.239808
    1.342500     47.630083    17.913177
    1.350000     48.212080    16.739450
    1.357500     48.875929    15.199599
    1.365000     49.397623    14.901760
    1.372500     49.496919    16.617485
    1.380000     48.874620    19.635947
    1.387500     47.906363    21.900256
    1.395000     47.071356    21.609552
    1.402500     46.402510    19.434429
    1.410000     45.930287    17.515510
    1.417500     45.951165    16.204638
    1.425000     46.554994    15.600998
    1.432500     47.284633    17.044825
    1.440000     47.435546    21.079092
    1.447500     47.126261    24.821651
    1.455000     46.872237    26.865267
    1.462500     46.787664    27.615154
    1.470000     46.855891    27.743202
    1.477500     47.026538    27.604643
    1.485000     47.147820    26.377345
    1.492500     47.009541    24.047385
    1.500000     46.721941    22.710873
    1.507500     46.693334    22.585084
    1.515000     46.922198    22.814088
    1.522500     47.017713    22.606843
    1.530000     46.918030    21.958970
    1.537500     46.849655    21.967816
    1.545000     46.882434    22.193489
    1.552500     46.978670    20.418935
    1.560000     47.048324    17.215572
    1.567500     46.968642    17.361802
    1.575000     46.814333    21.534172
    1.582500     46.799800    25.027177
    1.590000     46.857343    25.770619
    1.597500     46.628366    24.326975
    1.605000     46.282441    21.394054
    1.612500     46.300096    18.331954
    1.620000     46.568578    18.277007
    1.627500     46.506715    22.744025
    1.635000     46.234114    26.384330
    1.642500     46.309982    27.496882
    1.650000     46.521273    27.751375
    1.657500     46.155042    28.451237
    1.665000     45.329296    29.323432
    1.672500     44.724403    29.522139
    1.680000     44.754671    28.470506
    1.687500     45.310204    25.882873
    1.695000     45.599546    24.168737
    1.702500     45.164669    26.058954
    1.710000     44.719239    28.340105
    1.717500     44.819206    28.934455
    1.725000     45.334055    27.513326
    1.732500     45.670005    25.803837
    1.740000     45.667212    26.458834
    1.747500     45.790241    28.243422
    1.755000     46.359965    29.636750
    1.762500     47.124113    30.684848
    1.770000     47.427914    31.455401
    1.777500     46.974634    31.765980
    1.785000     46.032427    31.924427
    1.792500     45.250857    31.914666
    1.800000     45.092917    31.540127
