#! FIELDS cyl.z file.free uncertainty
#! SET sample_size 189999
#! SET effective_sample_size 159.467
#! SET fundeltaF 25.015
#! SET blocks_num 3
#! SET blocks_effective_num 1.1707
#! SET min_cyl.z 0.3
#! SET max_cyl.z 1.8
#! SET nbins_cyl.z 201
#! SET periodic_cyl.z false
    0.300000    133.316489     1.759670
    0.307500    126.005131     1.759669
    0.315000    120.076348     1.759663
    0.322500    115.399701     1.759617
    0.330000    110.818886     1.759045
    0.337500    102.605160     1.755527
    0.345000     91.962218     1.751325
    0.352500     81.457850     1.748643
    0.360000     71.684798     1.747406
    0.367500     62.829606     1.746654
    0.375000     54.988910     1.745085
    0.382500     48.125717     1.742060
    0.390000     42.053672     1.738799
    0.397500     36.572161     1.738103
    0.405000     31.676385     1.740328
    0.412500     27.497732     1.742905
    0.420000     24.064768     1.744307
    0.427500     21.194380     1.745414
    0.435000     18.605305     1.747748
    0.442500     16.218556     1.750410
    0.450000     14.190701     1.751608
    0.457500     12.677539     1.751225
    0.465000     11.725254     1.749963
    0.472500     11.209498     1.748539
    0.480000     10.831007     1.748074
    0.487500     10.443941     1.749298
    0.495000     10.213109     1.751359
    0.502500     10.143347     1.753578
    0.510000      9.864165     1.755681
    0.517500      9.217139     1.756801
    0.525000      8.570845     1.756857
    0.532500      8.054602     1.756288
    0.540000      7.451580     1.755217
    0.547500      6.698656     1.753828
    0.555000      5.944969     1.751850
    0.562500      5.176844     1.747794
    0.570000      4.234698     1.740934
    0.577500      3.141246     1.734443
    0.585000      2.079109     1.731235
    0.592500      1.208890     1.727527
    0.600000      0.612708     1.714701
    0.607500      0.263840     1.683353
    0.615000      0.071912     1.620037
    0.622500      0.000000     1.505846
    0.630000      0.072294     1.316097
    0.637500      0.292926     0.996763
    0.645000      0.545493     0.506544
    0.652500      0.690464     0.043134
    0.660000      0.870273     0.559332
    0.667500      1.327359     1.227983
    0.675000      2.075042     2.305978
    0.682500      2.952545     4.088374
    0.690000      3.741807     6.669809
    0.697500      4.248300     9.030084
    0.705000      4.609803    10.104364
    0.712500      5.159144    10.266214
    0.720000      6.034921    10.115814
    0.727500      7.146679    10.234934
    0.735000      8.307511    10.992652
    0.742500      9.407447    11.841120
    0.750000     10.444284    12.210604
    0.757500     11.479072    12.360758
    0.765000     12.554010    12.671985
    0.772500     13.691424    13.059927
    0.780000     14.903353    13.209779
    0.787500     16.162368    12.857223
    0.795000     17.457306    12.254316
    0.802500     18.721194    12.203309
    0.810000     19.788167    12.939270
    0.817500     20.656347    13.490636
    0.825000     21.479253    13.457984
    0.832500     22.297411    13.423928
    0.840000     23.053767    13.453803
    0.847500     23.675147    13.065594
    0.855000     24.124698    12.734437
    0.862500     24.504169    13.119991
    0.870000     24.920971    14.004138
    0.877500     25.337704    14.869212
    0.885000     25.641715    15.342412
    0.892500     25.850711    15.413962
    0.900000     26.042647    15.490507
    0.907500     26.196776    15.755512
    0.915000     26.326033    15.961862
    0.922500     26.456476    16.063105
    0.930000     26.562979    16.226592
    0.937500     26.691283    16.391596
    0.945000     26.896257    16.498047
    0.952500     27.131704    16.606507
    0.960000     27.322362    16.561586
    0.967500     27.476535    16.243660
    0.975000     27.674239    15.891346
    0.982500     27.941262    15.715389
    0.990000     28.213998    15.813178
    0.997500     28.469811    16.110345
    1.005000     28.762985    16.358492
    1.012500     29.103149    16.513107
    1.020000     29.450004    16.656525
    1.027500     29.779950    16.750209
    1.035000     30.073639    16.886405
    1.042500     30.322794    17.212865
    1.050000     30.553763    17.512653
    1.057500     30.779922    17.589803
    1.065000     30.996883    17.605247
    1.072500     31.237001    17.698480
    1.080000     31.518916    17.908449
    1.087500     31.804502    18.143460
    1.095000     32.052147    18.167136
    1.102500     32.251517    18.165142
    1.110000     32.422795    18.544934
    1.117500     32.596978    19.135885
    1.125000     32.798906    19.480417
    1.132500     33.036750    19.404371
    1.140000     33.271889    19.024873
    1.147500     33.463436    18.818000
    1.155000     33.644230    18.966480
    1.162500     33.863533    19.040391
    1.170000     34.119883    18.916776
    1.177500     34.394111    18.924216
    1.185000     34.678767    19.114378
    1.192500     34.940722    19.179857
    1.200000     35.154928    19.043527
    1.207500     35.373041    18.826530
    1.215000     35.636286    18.645770
    1.222500     35.918130    18.985582
    1.230000     36.197737    20.275562
    1.237500     36.446747    21.944110
    1.245000     36.637600    23.017542
    1.252500     36.813172    23.276146
    1.260000     37.020687    23.132475
    1.267500     37.243220    23.259196
    1.275000     37.422624    23.972184
    1.282500     37.520288    24.797909
    1.290000     37.548886    25.359046
    1.297500     37.527994    25.712022
    1.305000     37.488265    25.841542
    1.312500     37.473542    25.687507
    1.320000     37.485415    25.305452
    1.327500     37.503133    24.837202
    1.335000     37.522354    24.406578
    1.342500     37.542984    24.070525
    1.350000     37.540568    23.979638
    1.357500     37.502922    24.095674
    1.365000     37.475509    24.099940
    1.372500     37.485548    23.871776
    1.380000     37.512872    23.459687
    1.387500     37.537016    22.877391
    1.395000     37.525301    22.303407
    1.402500     37.463116    22.166373
    1.410000     37.405402    22.519230
    1.417500     37.404359    22.974607
    1.425000     37.435709    23.291362
    1.432500     37.454756    23.514824
    1.440000     37.469806    23.689821
    1.447500     37.503851    23.580687
    1.455000     37.550101    23.018437
    1.462500     37.599828    22.379628
    1.470000     37.632022    22.185566
    1.477500     37.601269    22.491977
    1.485000     37.518941    22.939030
    1.492500     37.454685    23.390137
    1.500000     37.431374    23.902351
    1.507500     37.423487    24.291830
    1.515000     37.428003    24.483230
    1.522500     37.466077    24.555619
    1.530000     37.535390    24.301590
    1.537500     37.594269    23.705482
    1.545000     37.589834    23.256446
    1.552500     37.532771    23.173554
    1.560000     37.501352    23.046511
    1.567500     37.518532    22.745983
    1.575000     37.532072    22.730956
    1.582500     37.522820    23.127087
    1.590000     37.515467    23.674254
    1.597500     37.509849    24.182033
    1.605000     37.501284    24.372351
    1.612500     37.505698    24.006874
    1.620000     37.510023    23.342083
    1.627500     37.484054    23.060414
    1.635000     37.429591    23.422058
    1.642500     37.378397    23.947065
    1.650000     37.369139    24.199916
    1.657500     37.408683    24.254497
    1.665000     37.459798    24.362134
    1.672500     37.483426    24.614656
    1.680000     37.472669    24.747825
    1.687500     37.447033    24.407541
    1.695000     37.440151    23.756095
    1.702500     37.459807    23.223559
    1.710000     37.460652    22.977531
    1.717500     37.400701    23.150842
    1.725000     37.309438    23.728755
    1.732500     37.258262    24.310720
    1.740000     37.275899    24.640871
    1.747500     37.323766    24.680832
    1.755000     37.358881    24.366538
    1.762500     37.365531    24.010315
    1.770000     37.334889    24.043547
    1.777500     37.292677    24.202114
    1.785000     37.292725    24.113939
    1.792500     37.335373    23.926316
    1.800000     37.434394    23.822682
