#! FIELDS cyl.z file.free uncertainty
#! SET sample_size 189999
#! SET effective_sample_size 254.698
#! SET fundeltaF 40.2775
#! SET blocks_num 3
#! SET blocks_effective_num 2.35369
#! SET min_cyl.z 0.3
#! SET max_cyl.z 1.8
#! SET nbins_cyl.z 201
#! SET periodic_cyl.z false
    0.300000    634.011377     2.482333
    0.307500    595.969568     2.482287
    0.315000    559.330810     2.482215
    0.322500    524.095092     2.482100
    0.330000    490.262400     2.481919
    0.337500    457.832711     2.481633
    0.345000    426.805985     2.481181
    0.352500    397.182156     2.480468
    0.360000    368.961110     2.479342
    0.367500    342.142638     2.477568
    0.375000    316.726328     2.474774
    0.382500    292.711311     2.470387
    0.390000    270.095583     2.463531
    0.397500    248.874192     2.452928
    0.405000    229.034286     2.436899
    0.412500    210.541938     2.413980
    0.420000    193.311306     2.385567
    0.427500    177.158174     2.361895
    0.435000    161.824292     2.361898
    0.442500    147.199088     2.389339
    0.450000    133.453147     2.422982
    0.457500    120.818358     2.445292
    0.465000    109.415246     2.449182
    0.472500     99.252452     2.422403
    0.480000     90.245038     2.336840
    0.487500     82.211492     2.183311
    0.495000     74.919390     2.079048
    0.502500     68.231082     2.111461
    0.510000     62.143383     2.114162
    0.517500     56.581240     2.064564
    0.525000     51.274937     1.944228
    0.532500     45.949271     1.431678
    0.540000     40.421624     0.546698
    0.547500     34.795069     0.825261
    0.555000     29.450248     1.209452
    0.562500     24.334524     1.436747
    0.570000     19.295789     1.664651
    0.577500     14.766646     1.790742
    0.585000     11.170574     1.810673
    0.592500      8.563300     1.764502
    0.600000      6.711505     1.651042
    0.607500      5.199022     1.425933
    0.615000      3.726731     1.115709
    0.622500      2.336369     0.851804
    0.630000      1.209765     0.665443
    0.637500      0.455278     0.491180
    0.645000      0.073217     0.294678
    0.652500      0.000000     0.081723
    0.660000      0.158154     0.179731
    0.667500      0.467634     0.458894
    0.675000      0.872205     0.667118
    0.682500      1.425248     0.726118
    0.690000      2.253216     0.686865
    0.697500      3.343327     0.656380
    0.705000      4.451775     0.699562
    0.712500      5.379846     0.761327
    0.720000      6.308267     0.749470
    0.727500      7.536831     0.630825
    0.735000      8.908065     0.264793
    0.742500      9.849269     0.682147
    0.750000     10.594593     1.145876
    0.757500     11.701503     1.158903
    0.765000     12.973981     0.806172
    0.772500     13.897299     0.254899
    0.780000     14.282883     0.301782
    0.787500     14.246487     0.749252
    0.795000     14.249015     0.955846
    0.802500     14.586924     0.864297
    0.810000     15.113697     0.716256
    0.817500     15.580257     1.010247
    0.825000     15.887305     1.453444
    0.832500     16.010848     1.733052
    0.840000     16.070707     1.910430
    0.847500     16.263455     2.115331
    0.855000     16.677451     2.343172
    0.862500     17.282301     2.552386
    0.870000     18.010671     2.731726
    0.877500     18.797140     2.822494
    0.885000     19.578972     2.722193
    0.892500     20.381405     2.510871
    0.900000     21.282280     2.400341
    0.907500     22.262663     2.535106
    0.915000     23.204350     2.969119
    0.922500     24.002176     3.417982
    0.930000     24.753375     3.367951
    0.937500     25.724117     2.899136
    0.945000     27.083419     2.627391
    0.952500     28.587413     3.128980
    0.960000     29.764426     4.138079
    0.967500     30.971848     4.649269
    0.975000     32.781014     4.583904
    0.982500     35.003473     3.991433
    0.990000     36.655904     3.458708
    0.997500     37.499807     3.596719
    1.005000     38.376168     3.517067
    1.012500     39.397700     3.058561
    1.020000     40.063249     3.006799
    1.027500     40.232227     3.257678
    1.035000     40.274340     3.046922
    1.042500     40.408057     2.516459
    1.050000     40.634388     2.143646
    1.057500     40.945456     2.110302
    1.065000     41.374917     2.373416
    1.072500     41.894160     2.594688
    1.080000     42.352948     2.433202
    1.087500     42.675695     2.179882
    1.095000     42.924955     2.162641
    1.102500     43.172820     2.235188
    1.110000     43.549010     2.250017
    1.117500     44.112339     2.370067
    1.125000     44.664652     2.569605
    1.132500     44.915524     2.327736
    1.140000     44.747065     1.778497
    1.147500     44.523061     1.629946
    1.155000     44.760957     1.605854
    1.162500     45.488087     1.553321
    1.170000     46.242250     1.587930
    1.177500     46.742939     1.547833
    1.185000     47.117219     1.453013
    1.192500     47.410848     1.467069
    1.200000     47.702596     1.562044
    1.207500     48.158766     1.692814
    1.215000     48.801971     1.888829
    1.222500     49.401619     2.073383
    1.230000     49.658724     2.057219
    1.237500     49.593656     1.830868
    1.245000     49.490367     1.630954
    1.252500     49.527785     1.547486
    1.260000     49.675102     1.570912
    1.267500     49.825963     1.655321
    1.275000     49.837143     1.767193
    1.282500     49.733148     1.868308
    1.290000     49.810953     1.950933
    1.297500     50.282823     2.041610
    1.305000     51.000046     2.117571
    1.312500     51.546577     2.127591
    1.320000     51.796596     2.071360
    1.327500     51.960309     1.929477
    1.335000     52.088425     1.693558
    1.342500     52.112432     1.426074
    1.350000     52.017663     1.202694
    1.357500     51.923196     1.092848
    1.365000     52.061594     1.135964
    1.372500     52.445916     1.250049
    1.380000     52.796802     1.257936
    1.387500     52.929952     1.104015
    1.395000     52.876106     0.924896
    1.402500     52.779077     0.912065
    1.410000     52.854637     1.146674
    1.417500     53.125676     1.508437
    1.425000     53.298211     1.590337
    1.432500     53.065906     1.206009
    1.440000     52.684124     0.930252
    1.447500     52.585684     0.889613
    1.455000     52.757528     0.968089
    1.462500     52.888284     1.085939
    1.470000     52.896897     1.227273
    1.477500     52.946255     1.316127
    1.485000     53.069301     1.345743
    1.492500     53.171945     1.339135
    1.500000     53.284116     1.429021
    1.507500     53.526501     1.613938
    1.515000     53.797355     1.822403
    1.522500     53.881728     1.930514
    1.530000     53.803349     1.936385
    1.537500     53.682562     1.941568
    1.545000     53.533896     1.960746
    1.552500     53.297979     2.031730
    1.560000     53.017506     2.035942
    1.567500     52.916644     1.784499
    1.575000     53.139436     1.393211
    1.582500     53.564589     1.125957
    1.590000     53.867801     1.225332
    1.597500     53.842664     1.536428
    1.605000     53.649993     1.652244
    1.612500     53.518404     1.637397
    1.620000     53.423606     1.650568
    1.627500     53.274835     1.755797
    1.635000     53.119925     1.859724
    1.642500     52.997930     1.846545
    1.650000     52.947134     1.806958
    1.657500     52.961592     1.830762
    1.665000     52.978126     1.842760
    1.672500     53.097494     1.865776
    1.680000     53.368840     1.921242
    1.687500     53.574234     1.853029
    1.695000     53.630259     1.692687
    1.702500     53.656332     1.661724
    1.710000     53.620415     1.695941
    1.717500     53.524375     1.645477
    1.725000     53.533615     1.691149
    1.732500     53.693002     2.079995
    1.740000     53.916567     2.696039
    1.747500     54.099103     3.093982
    1.755000     54.097070     3.159476
    1.762500     54.040402     3.194331
    1.770000     54.181563     3.198285
    1.777500     54.373157     2.989688
    1.785000     54.286049     2.739481
    1.792500     54.033205     2.694735
    1.800000     54.012418     2.728243
