#! FIELDS cyl.z file.free uncertainty
#! SET sample_size 189999
#! SET effective_sample_size 255.337
#! SET fundeltaF 41.4904
#! SET blocks_num 3
#! SET blocks_effective_num 1.59309
#! SET min_cyl.z 0.3
#! SET max_cyl.z 1.8
#! SET nbins_cyl.z 201
#! SET periodic_cyl.z false
    0.300000    663.398995     7.750933
    0.307500    623.467751     7.750933
    0.315000    584.939573     7.750933
    0.322500    547.814461     7.750933
    0.330000    512.092413     7.750933
    0.337500    477.773432     7.750933
    0.345000    444.857516     7.750933
    0.352500    413.344665     7.750933
    0.360000    383.234880     7.750933
    0.367500    354.528160     7.750933
    0.375000    327.224506     7.750933
    0.382500    301.323917     7.750933
    0.390000    276.826394     7.750933
    0.397500    253.731936     7.750933
    0.405000    232.040544     7.750933
    0.412500    211.752217     7.750933
    0.420000    192.866956     7.750933
    0.427500    175.384760     7.750933
    0.435000    159.305629     7.750933
    0.442500    144.629564     7.750933
    0.450000    131.356565     7.750933
    0.457500    119.486631     7.750933
    0.465000    109.019762     7.750933
    0.472500     99.955956     7.750933
    0.480000     92.295184     7.750933
    0.487500     86.037069     7.750920
    0.495000     81.176592     7.750446
    0.502500     77.639722     7.733520
    0.510000     74.373100     7.308262
    0.517500     67.567132     5.638200
    0.525000     58.786742     3.464771
    0.532500     49.778038     1.339950
    0.540000     41.174702     1.006231
    0.547500     33.558951     1.293871
    0.555000     27.187168     1.398943
    0.562500     22.115858     1.360080
    0.570000     18.289210     1.157746
    0.577500     15.504193     0.693461
    0.585000     13.328402     0.048893
    0.592500     11.280715     0.714320
    0.600000      9.273010     1.054940
    0.607500      7.414615     1.150653
    0.615000      5.691022     1.055908
    0.622500      4.100516     0.925417
    0.630000      2.702570     0.785766
    0.637500      1.557140     0.546421
    0.645000      0.726132     0.285026
    0.652500      0.228317     0.108537
    0.660000      0.012388     0.154965
    0.667500      0.000000     0.230295
    0.675000      0.159630     0.255376
    0.682500      0.557575     0.264394
    0.690000      1.276161     0.289582
    0.697500      2.312919     0.290595
    0.705000      3.570970     0.305202
    0.712500      4.812092     0.534452
    0.720000      5.666662     0.650016
    0.727500      5.863349     0.244009
    0.735000      5.813799     0.537286
    0.742500      6.309805     0.874781
    0.750000      7.640751     0.891180
    0.757500      9.420269     0.509383
    0.765000     10.855867     0.324273
    0.772500     11.767468     1.352276
    0.780000     12.392455     2.045075
    0.787500     12.867462     2.218324
    0.795000     13.256112     2.367531
    0.802500     13.467619     2.617402
    0.810000     13.437378     2.726802
    0.817500     13.380322     2.798989
    0.825000     13.491174     2.938704
    0.832500     13.722330     3.075021
    0.840000     13.972818     3.230636
    0.847500     14.212738     3.367517
    0.855000     14.464772     3.278722
    0.862500     14.793475     2.991993
    0.870000     15.318263     2.784333
    0.877500     16.114742     2.732783
    0.885000     17.063104     2.701367
    0.892500     17.941390     2.683491
    0.900000     18.785404     2.770519
    0.907500     19.820704     2.840409
    0.915000     21.064416     2.649251
    0.922500     22.291761     2.125474
    0.930000     23.249592     1.592999
    0.937500     24.047926     1.262054
    0.945000     25.074673     1.265390
    0.952500     26.267973     2.074067
    0.960000     26.902214     2.837547
    0.967500     26.954012     3.108612
    0.975000     27.346251     3.508271
    0.982500     28.411226     3.895035
    0.990000     29.933333     3.849372
    0.997500     31.771322     3.533421
    1.005000     33.906384     3.743766
    1.012500     35.917920     5.035431
    1.020000     37.403081     6.548697
    1.027500     38.660133     6.844213
    1.035000     39.813034     5.914141
    1.042500     40.306904     5.763251
    1.050000     40.252601     6.646306
    1.057500     40.353024     6.574560
    1.065000     40.288321     5.291485
    1.072500     39.351659     5.485485
    1.080000     38.236987     4.954866
    1.087500     37.507681     3.764458
    1.095000     37.265102     3.907014
    1.102500     37.750277     4.729880
    1.110000     39.163789     5.410774
    1.117500     41.231186     6.032466
    1.125000     42.879623     6.379070
    1.132500     43.741043     5.792715
    1.140000     44.620723     4.820691
    1.147500     45.664391     4.484121
    1.155000     46.583473     4.713826
    1.162500     47.218046     5.070695
    1.170000     47.563872     5.086359
    1.177500     47.625549     4.725772
    1.185000     47.688925     4.352437
    1.192500     48.015751     4.285999
    1.200000     48.409870     4.464947
    1.207500     48.549573     4.445038
    1.215000     48.593014     4.357089
    1.222500     48.806589     4.605508
    1.230000     49.075855     5.006660
    1.237500     49.102407     4.985488
    1.245000     48.907189     4.776232
    1.252500     48.850997     5.045653
    1.260000     49.148526     5.805160
    1.267500     49.671661     6.630237
    1.275000     50.165784     7.022111
    1.282500     50.517735     6.839982
    1.290000     50.736443     6.373840
    1.297500     50.872933     6.006522
    1.305000     50.980003     5.794759
    1.312500     51.127793     5.628263
    1.320000     51.411453     5.533656
    1.327500     51.870307     5.582530
    1.335000     52.402555     5.754117
    1.342500     52.784425     5.972444
    1.350000     52.967528     6.216041
    1.357500     53.028837     6.487539
    1.365000     53.028401     6.692310
    1.372500     53.118293     6.851261
    1.380000     53.332354     6.957990
    1.387500     53.583809     6.858367
    1.395000     53.771954     6.611163
    1.402500     53.800722     6.465261
    1.410000     53.809687     6.392328
    1.417500     53.943135     6.146465
    1.425000     54.050778     5.704582
    1.432500     54.011191     5.463559
    1.440000     53.959286     5.538881
    1.447500     54.058976     5.698211
    1.455000     54.305311     5.860004
    1.462500     54.609463     5.915030
    1.470000     54.844438     5.768177
    1.477500     54.812737     5.654595
    1.485000     54.619791     5.633569
    1.492500     54.560911     5.627924
    1.500000     54.698724     5.600813
    1.507500     54.863398     5.580962
    1.515000     54.845643     5.667799
    1.522500     54.643039     5.790877
    1.530000     54.452515     5.848801
    1.537500     54.387023     5.950259
    1.545000     54.400065     6.227321
    1.552500     54.506607     6.564428
    1.560000     54.722440     6.684319
    1.567500     54.942334     6.462337
    1.575000     55.053636     6.134740
    1.582500     54.877016     5.982065
    1.590000     54.391770     5.996117
    1.597500     53.982779     6.075120
    1.605000     54.006712     6.104360
    1.612500     54.444627     5.933173
    1.620000     54.852399     5.759343
    1.627500     54.848307     5.991602
    1.635000     54.615257     6.121525
    1.642500     54.485032     5.868586
    1.650000     54.639203     5.562436
    1.657500     54.934983     5.428219
    1.665000     54.967704     5.588665
    1.672500     54.738393     5.874080
    1.680000     54.584417     6.058602
    1.687500     54.557341     6.259940
    1.695000     54.487599     6.527468
    1.702500     54.381726     6.462696
    1.710000     54.441958     5.939463
    1.717500     54.711729     5.180678
    1.725000     54.981688     4.458586
    1.732500     55.085850     4.333944
    1.740000     55.051151     4.718684
    1.747500     54.907041     4.999723
    1.755000     54.752903     5.036791
    1.762500     54.747591     4.994837
    1.770000     54.915298     4.957734
    1.777500     55.179744     4.919965
    1.785000     55.553621     4.894439
    1.792500     56.070094     4.830302
    1.800000     56.538934     4.636922
