#! FIELDS cyl.z file.free uncertainty
#! SET sample_size 89997
#! SET effective_sample_size 95.1248
#! SET fundeltaF 39.9255
#! SET blocks_num 3
#! SET blocks_effective_num 1.05702
#! SET min_cyl.z 0.3
#! SET max_cyl.z 1.8
#! SET nbins_cyl.z 201
#! SET periodic_cyl.z false
    0.300000    992.251712     1.763616
    0.307500    940.777916     1.763616
    0.315000    890.707185     1.763616
    0.322500    842.039520     1.763616
    0.330000    794.774920     1.763616
    0.337500    748.913385     1.763616
    0.345000    704.454916     1.763616
    0.352500    661.399511     1.763616
    0.360000    619.747172     1.763616
    0.367500    579.497898     1.763616
    0.375000    540.651689     1.763616
    0.382500    503.208545     1.763616
    0.390000    467.168466     1.763616
    0.397500    432.531451     1.763616
    0.405000    399.297500     1.763616
    0.412500    367.466612     1.763616
    0.420000    337.038789     1.763616
    0.427500    308.014027     1.763616
    0.435000    280.392328     1.763616
    0.442500    254.173689     1.763616
    0.450000    229.358109     1.763616
    0.457500    205.945585     1.763616
    0.465000    183.936113     1.763616
    0.472500    163.329688     1.763616
    0.480000    144.126299     1.763616
    0.487500    126.325929     1.763615
    0.495000    109.928545     1.763611
    0.502500     94.934080     1.763601
    0.510000     81.342375     1.763569
    0.517500     69.152995     1.763469
    0.525000     58.364559     1.763154
    0.532500     48.972078     1.762154
    0.540000     40.956105     1.759003
    0.547500     34.239290     1.749534
    0.555000     28.546404     1.726325
    0.562500     23.263527     1.696484
    0.570000     18.068034     1.691012
    0.577500     13.456567     1.705245
    0.585000      9.847817     1.720516
    0.592500      7.270296     1.727815
    0.600000      5.493063     1.707131
    0.607500      4.135672     1.598101
    0.615000      2.894673     1.353939
    0.622500      1.721245     1.109330
    0.630000      0.765987     1.052481
    0.637500      0.185470     1.111489
    0.645000      0.000000     0.976658
    0.652500      0.143888     0.436146
    0.660000      0.591661     0.703679
    0.667500      1.304701     1.526277
    0.675000      2.070447     1.980456
    0.682500      2.736282     1.957011
    0.690000      3.488674     1.433944
    0.697500      4.509779     0.649067
    0.705000      5.702766     0.376099
    0.712500      6.748422     1.915643
    0.720000      7.600781     5.601110
    0.727500      8.540141     9.499982
    0.735000      9.239706     9.120779
    0.742500      9.353362     5.738148
    0.750000      9.704067     4.908082
    0.757500     10.786746     6.854771
    0.765000     12.306919    12.311075
    0.772500     13.694194    21.061848
    0.780000     14.677994    30.238785
    0.787500     15.255790    36.839883
    0.795000     15.612180    41.155026
    0.802500     15.804598    45.190980
    0.810000     15.902089    51.821888
    0.817500     16.129718    67.412518
    0.825000     16.431613    94.422477
    0.832500     16.610292   117.682564
    0.840000     16.747698   121.876168
    0.847500     17.025994   113.395074
    0.855000     17.499062   102.741912
    0.862500     18.134023    92.344664
    0.870000     18.892650    85.556832
    0.877500     19.734459    90.014948
    0.885000     20.548486   104.922343
    0.892500     21.328817   120.242022
    0.900000     22.208969   127.709637
    0.907500     23.212661   120.093320
    0.915000     24.246028    96.583946
    0.922500     25.048906    68.993207
    0.930000     25.439920    54.617257
    0.937500     25.914284    53.987528
    0.945000     27.075266    57.985075
    0.952500     28.974859    65.220695
    0.960000     31.016039    80.046972
    0.967500     32.778790    99.303975
    0.975000     34.618203   122.527507
    0.982500     36.453208   164.737070
    0.990000     37.826247   210.032751
    0.997500     38.770321   228.112619
    1.005000     39.461400   226.272606
    1.012500     40.079422   208.891706
    1.020000     40.743486   176.502371
    1.027500     41.226356   141.281193
    1.035000     41.373296   136.968505
    1.042500     41.350989   176.012996
    1.050000     41.264523   225.299712
    1.057500     41.349081   248.197459
    1.065000     41.819279   241.210222
    1.072500     42.444533   216.639534
    1.080000     42.841439   193.246866
    1.087500     43.114191   171.172477
    1.095000     43.368749   138.568607
    1.102500     43.497009   106.564334
    1.110000     43.733664    92.825184
    1.117500     44.378563    96.177161
    1.125000     45.180479   123.085627
    1.132500     45.264763   192.077537
    1.140000     44.443392   260.824544
    1.147500     43.794717   290.355745
    1.155000     43.986688   293.247690
    1.162500     44.941648   279.200616
    1.170000     45.976073   262.905423
    1.177500     46.624159   258.883403
    1.185000     47.280302   250.940168
    1.192500     48.141746   230.824835
    1.200000     48.902852   210.255221
    1.207500     49.284974   204.678007
    1.215000     49.521420   208.130662
    1.222500     49.847248   211.284908
    1.230000     50.155826   213.396785
    1.237500     50.233345   215.305539
    1.245000     50.040496   216.776683
    1.252500     49.816528   216.289177
    1.260000     49.789625   214.626813
    1.267500     49.904311   220.662762
    1.275000     49.848825   244.483463
    1.282500     49.604400   271.656253
    1.290000     49.610936   284.701044
    1.297500     50.149762   280.882886
    1.305000     51.015468   258.179966
    1.312500     51.644362   225.432140
    1.320000     51.865820   202.299099
    1.327500     51.978330   190.120878
    1.335000     52.014393   191.869183
    1.342500     51.829329   204.887997
    1.350000     51.494942   210.886015
    1.357500     51.285868   209.657192
    1.365000     51.483457   210.658165
    1.372500     52.059339   212.312648
    1.380000     52.574061   204.516389
    1.387500     52.749140   179.552876
    1.395000     52.724979   141.183403
    1.402500     52.670074   110.272115
    1.410000     52.777605   100.267886
    1.417500     53.054958   105.109722
    1.425000     53.095117   111.175326
    1.432500     52.544886   106.112810
    1.440000     51.926451   103.913015
    1.447500     51.760573   118.556228
    1.455000     51.940556   139.436745
    1.462500     52.100567   137.486824
    1.470000     52.172922   129.025689
    1.477500     52.294148   143.310559
    1.485000     52.469523   156.920183
    1.492500     52.621399   137.754652
    1.500000     52.828017   106.266430
    1.507500     53.278827    95.898843
    1.515000     53.781187   118.272858
    1.522500     53.862443   161.307022
    1.530000     53.665512   191.279960
    1.537500     53.522712   201.045859
    1.545000     53.418237   193.098525
    1.552500     53.258432   175.946063
    1.560000     53.031931   167.633674
    1.567500     52.835872   175.913236
    1.575000     52.817502   186.578949
    1.582500     53.014407   184.030666
    1.590000     53.306152   167.342788
    1.597500     53.447599   140.784693
    1.605000     53.344809   112.115410
    1.612500     53.228359    96.478560
    1.620000     53.202246    97.949864
    1.627500     53.162568   106.460363
    1.635000     53.030298   117.086080
    1.642500     52.796805   130.581791
    1.650000     52.627064   139.343709
    1.657500     52.580383   139.416031
    1.665000     52.544471   133.776389
    1.672500     52.654050   127.447947
    1.680000     53.000240   127.985199
    1.687500     53.273232   142.359075
    1.695000     53.325023   160.513766
    1.702500     53.365649   170.308152
    1.710000     53.382677   163.037790
    1.717500     53.304460   134.161820
    1.725000     53.326179   104.183087
    1.732500     53.647777    90.799448
    1.740000     54.191437    94.745948
    1.747500     54.560375   114.439578
    1.755000     54.498702   137.357242
    1.762500     54.410842   147.597736
    1.770000     54.567360   146.587256
    1.777500     54.673262   140.950174
    1.785000     54.482429   139.605753
    1.792500     54.225649   139.780268
    1.800000     54.224597   133.662568
