#! FIELDS cyl.z file.free uncertainty
#! SET sample_size 89997
#! SET effective_sample_size 72.991
#! SET fundeltaF 18.8033
#! SET blocks_num 3
#! SET blocks_effective_num 1.7864
#! SET min_cyl.z 0.3
#! SET max_cyl.z 1.8
#! SET nbins_cyl.z 201
#! SET periodic_cyl.z false
    0.300000    642.891110     4.272329
    0.307500    603.408854     4.272329
    0.315000    565.329662     4.272329
    0.322500    528.653535     4.272329
    0.330000    493.380473     4.272329
    0.337500    459.510476     4.272329
    0.345000    427.043543     4.272329
    0.352500    395.979675     4.272329
    0.360000    366.318870     4.272329
    0.367500    338.061127     4.272329
    0.375000    311.206443     4.272329
    0.382500    285.754811     4.272329
    0.390000    261.706218     4.272329
    0.397500    239.060636     4.272329
    0.405000    217.818006     4.272329
    0.412500    197.978200     4.272329
    0.420000    179.540947     4.272329
    0.427500    162.505637     4.272328
    0.435000    146.870893     4.272324
    0.442500    132.633494     4.272295
    0.450000    119.785702     4.272057
    0.457500    108.308298     4.270194
    0.465000     98.151743     4.256079
    0.472500     89.183421     4.158827
    0.480000     81.056590     3.639130
    0.487500     73.124655     2.096913
    0.495000     65.077893     0.356652
    0.502500     57.451823     1.070887
    0.510000     50.776805     1.552075
    0.517500     45.217144     1.717960
    0.525000     40.661537     1.672876
    0.532500     36.726253     1.314554
    0.540000     32.906223     0.622264
    0.547500     29.082488     0.387410
    0.555000     25.361889     0.730552
    0.562500     21.604464     0.922339
    0.570000     17.875391     1.027277
    0.577500     14.534843     1.086057
    0.585000     11.773039     1.088942
    0.592500      9.588547     1.104044
    0.600000      7.921236     1.243745
    0.607500      6.671792     1.495654
    0.615000      5.615738     1.654651
    0.622500      4.455869     1.487752
    0.630000      3.266648     1.133826
    0.637500      2.374966     0.852472
    0.645000      1.711884     0.577801
    0.652500      0.947359     0.327670
    0.660000      0.251188     0.509778
    0.667500      0.000000     0.642143
    0.675000      0.100530     0.653670
    0.682500      0.196714     0.676188
    0.690000      0.338281     0.586534
    0.697500      0.744176     0.320234
    0.705000      1.202276     0.654449
    0.712500      1.228287     0.682126
    0.720000      0.902767     0.334947
    0.727500      0.740228     0.365597
    0.735000      0.963593     0.382003
    0.742500      1.467294     0.287268
    0.750000      2.009798     0.251027
    0.757500      2.436102     0.211948
    0.765000      2.717212     0.200723
    0.772500      2.869697     0.221324
    0.780000      3.014348     0.280746
    0.787500      3.250064     0.372566
    0.795000      3.471037     0.442025
    0.802500      3.629949     0.573772
    0.810000      3.932118     0.808396
    0.817500      4.492926     1.178272
    0.825000      5.167858     1.756122
    0.832500      5.629239     2.364739
    0.840000      5.770925     2.708367
    0.847500      5.957496     3.020190
    0.855000      6.447156     3.680332
    0.862500      7.039642     4.533518
    0.870000      7.366132     4.877753
    0.877500      7.497799     4.648661
    0.885000      7.784220     4.236498
    0.892500      8.354684     3.991466
    0.900000      9.091886     4.394152
    0.907500      9.841995     5.556642
    0.915000     10.536624     6.783288
    0.922500     11.164919     7.512865
    0.930000     11.751928     8.134476
    0.937500     12.335329     9.080357
    0.945000     12.883077    10.100788
    0.952500     13.308003    10.696883
    0.960000     13.738792    10.809935
    0.967500     14.344604    10.881645
    0.975000     15.007428    11.405195
    0.982500     15.573313    12.080633
    0.990000     16.180942    12.052100
    0.997500     16.986683    11.390853
    1.005000     17.870598    10.538297
    1.012500     18.578120     9.625578
    1.020000     19.109934     8.927985
    1.027500     19.626898     8.731588
    1.035000     20.114106     8.766921
    1.042500     20.570028     8.628908
    1.050000     21.127645     8.430759
    1.057500     21.784215     8.346973
    1.065000     22.347518     8.495885
    1.072500     22.705718     8.913174
    1.080000     22.938237     9.183889
    1.087500     23.155106     8.752156
    1.095000     23.421669     7.736073
    1.102500     23.724103     6.974523
    1.110000     23.994908     6.976893
    1.117500     24.190468     7.337658
    1.125000     24.325334     7.520734
    1.132500     24.496618     7.537505
    1.140000     24.801435     7.638900
    1.147500     25.209568     7.888804
    1.155000     25.579509     8.021465
    1.162500     25.818501     7.953590
    1.170000     25.993544     8.097676
    1.177500     26.206401     8.467493
    1.185000     26.441515     8.631134
    1.192500     26.633909     8.441826
    1.200000     26.812629     8.162948
    1.207500     26.999973     8.020424
    1.215000     27.130909     8.131716
    1.222500     27.192275     8.509903
    1.230000     27.273346     8.920311
    1.237500     27.428486     9.168631
    1.245000     27.611473     9.226362
    1.252500     27.776063     9.112947
    1.260000     27.938766     8.968746
    1.267500     28.104981     8.923019
    1.275000     28.252283     8.847436
    1.282500     28.378457     8.603054
    1.290000     28.511929     8.473169
    1.297500     28.669934     8.763387
    1.305000     28.803531     9.125468
    1.312500     28.850487     9.119522
    1.320000     28.859895     8.832604
    1.327500     28.940874     8.509294
    1.335000     29.123574     8.346626
    1.342500     29.309872     8.501406
    1.350000     29.347975     8.886265
    1.357500     29.271412     9.141015
    1.365000     29.280946     9.143071
    1.372500     29.455738     9.007466
    1.380000     29.710495     8.899546
    1.387500     29.930016     9.066971
    1.395000     30.089289     9.445308
    1.402500     30.230998     9.598119
    1.410000     30.376484     9.389219
    1.417500     30.506278     9.165359
    1.425000     30.583825     9.173373
    1.432500     30.622600     9.287034
    1.440000     30.682361     9.359852
    1.447500     30.783332     9.374167
    1.455000     30.897880     9.385471
    1.462500     30.985516     9.397996
    1.470000     31.027403     9.332337
    1.477500     31.056132     9.249665
    1.485000     31.089564     9.226771
    1.492500     31.096940     9.182505
    1.500000     31.097033     9.130746
    1.507500     31.116190     9.186048
    1.515000     31.084835     9.352889
    1.522500     30.986634     9.473171
    1.530000     30.933920     9.459756
    1.537500     30.966539     9.469468
    1.545000     31.003883     9.579796
    1.552500     31.007257     9.706623
    1.560000     31.008673     9.874285
    1.567500     31.014355    10.129204
    1.575000     31.011888    10.478903
    1.582500     31.004414    10.878537
    1.590000     31.002818    11.270826
    1.597500     30.992188    11.552609
    1.605000     30.953152    11.463740
    1.612500     30.909049    11.082131
    1.620000     30.880886    10.869258
    1.627500     30.875804    10.956599
    1.635000     30.897251    11.074796
    1.642500     30.909641    11.167290
    1.650000     30.874271    11.416376
    1.657500     30.829955    11.737798
    1.665000     30.855507    11.870743
    1.672500     30.920864    11.715105
    1.680000     30.930297    11.434392
    1.687500     30.918169    11.338120
    1.695000     30.937954    11.494056
    1.702500     30.930210    11.682645
    1.710000     30.889273    11.801378
    1.717500     30.864308    11.897075
    1.725000     30.837109    11.884803
    1.732500     30.782693    11.725247
    1.740000     30.719000    11.500805
    1.747500     30.698907    11.299391
    1.755000     30.735678    11.220666
    1.762500     30.757396    11.261263
    1.770000     30.719102    11.318026
    1.777500     30.652074    11.429416
    1.785000     30.612089    11.609186
    1.792500     30.651995    11.657042
    1.800000     30.815662    11.438971
