#! FIELDS cyl.z file.free uncertainty
#! SET sample_size 14997
#! SET effective_sample_size 46.6624
#! SET fundeltaF -26.9431
#! SET blocks_num 3
#! SET blocks_effective_num 1.52264
#! SET min_cyl.z 0.3
#! SET max_cyl.z 1.8
#! SET nbins_cyl.z 201
#! SET periodic_cyl.z false
    0.300000   1724.919942     1.745215
    0.307500   1657.320247     1.745215
    0.315000   1591.123618     1.745215
    0.322500   1526.330054     1.745215
    0.330000   1462.939556     1.745215
    0.337500   1400.952123     1.745215
    0.345000   1340.367756     1.745215
    0.352500   1281.186454     1.745215
    0.360000   1223.408217     1.745215
    0.367500   1167.033046     1.745215
    0.375000   1112.060941     1.745215
    0.382500   1058.491901     1.745215
    0.390000   1006.325926     1.745215
    0.397500    955.563017     1.745215
    0.405000    906.203174     1.745215
    0.412500    858.246396     1.745215
    0.420000    811.692683     1.745215
    0.427500    766.542036     1.745215
    0.435000    722.794454     1.745215
    0.442500    680.449938     1.745215
    0.450000    639.508487     1.745215
    0.457500    599.970102     1.745215
    0.465000    561.834782     1.745215
    0.472500    525.102528     1.745215
    0.480000    489.773339     1.745215
    0.487500    455.847216     1.745215
    0.495000    423.324158     1.745215
    0.502500    392.204166     1.745215
    0.510000    362.487239     1.745215
    0.517500    334.173378     1.745215
    0.525000    307.262582     1.745215
    0.532500    281.754851     1.745215
    0.540000    257.650186     1.745215
    0.547500    234.948587     1.745215
    0.555000    213.650053     1.745215
    0.562500    193.754584     1.745215
    0.570000    175.262181     1.745215
    0.577500    158.172844     1.745215
    0.585000    142.486572     1.745215
    0.592500    128.203365     1.745215
    0.600000    115.323223     1.745215
    0.607500    103.846145     1.745215
    0.615000     93.772125     1.745215
    0.622500     85.101148     1.745215
    0.630000     77.833154     1.745215
    0.637500     71.967938     1.745215
    0.645000     67.504785     1.745215
    0.652500     64.441193     1.745215
    0.660000     62.768470     1.745215
    0.667500     62.456904     1.745215
    0.675000     63.408185     1.745215
    0.682500     65.248447     1.745215
    0.690000     65.569531     1.745215
    0.697500     62.111743     1.745215
    0.705000     58.763338     1.745215
    0.712500     56.370777     1.745215
    0.720000     54.843555     1.745215
    0.727500     53.905159     1.745215
    0.735000     52.564224     1.745215
    0.742500     49.972295     1.745215
    0.750000     46.935726     1.745195
    0.757500     44.390798     1.744451
    0.765000     42.857430     1.720174
    0.772500     42.353755     1.129015
    0.780000     40.281391     6.101450
    0.787500     34.904871     8.657337
    0.795000     30.144262     8.632360
    0.802500     26.465369     7.694545
    0.810000     22.957410     4.134919
    0.817500     18.608521     0.988164
    0.825000     14.420481     1.301947
    0.832500     11.222379     1.479701
    0.840000      8.987956     1.500357
    0.847500      7.203526     1.494777
    0.855000      5.446131     1.520307
    0.862500      4.052380     1.528917
    0.870000      3.446007     1.468011
    0.877500      3.651844     1.277065
    0.885000      4.227633     0.898418
    0.892500      4.330502     0.569827
    0.900000      3.694384     0.352793
    0.907500      2.884593     0.435249
    0.915000      2.082450     0.582063
    0.922500      1.137741     0.706946
    0.930000      0.307152     0.764933
    0.937500      0.000000     0.747552
    0.945000      0.203660     0.689752
    0.952500      0.504527     0.636210
    0.960000      0.813980     0.665255
    0.967500      1.439830     0.951950
    0.975000      2.171201     1.381739
    0.982500      2.151901     1.045301
    0.990000      1.399663     0.349706
    0.997500      0.882850     0.434228
    1.005000      1.090576     0.571009
    1.012500      1.979826     0.746993
    1.020000      3.129667     1.133813
    1.027500      3.869731     1.461168
    1.035000      3.960736     1.620350
    1.042500      3.773836     1.659574
    1.050000      3.607870     1.499576
    1.057500      3.539847     1.188225
    1.065000      3.369728     1.049575
    1.072500      3.307785     1.144888
    1.080000      3.952482     1.138038
    1.087500      5.473784     1.167138
    1.095000      7.305546     2.144845
    1.102500      8.390629     3.015506
    1.110000      8.693336     2.353853
    1.117500      8.899872     1.528945
    1.125000      9.490913     1.321442
    1.132500     10.596895     1.497670
    1.140000     11.936432     1.723514
    1.147500     12.924398     1.489173
    1.155000     13.361637     1.126805
    1.162500     13.676872     1.075852
    1.170000     14.088942     1.238268
    1.177500     14.632118     2.005175
    1.185000     15.326698     3.720232
    1.192500     16.121288     5.379098
    1.200000     16.945244     6.062663
    1.207500     17.553283     6.494650
    1.215000     17.939691     7.127880
    1.222500     18.624912     7.475094
    1.230000     19.788805     6.945437
    1.237500     20.762816     5.978900
    1.245000     20.794298     6.762763
    1.252500     20.397474     7.577070
    1.260000     20.206835     8.023745
    1.267500     20.343513     8.223747
    1.275000     20.435498     8.332598
    1.282500     20.074829     8.469971
    1.290000     19.686736     8.464364
    1.297500     19.688222     8.175854
    1.305000     19.911621     7.751776
    1.312500     20.158339     7.669682
    1.320000     20.454286     8.021644
    1.327500     20.854212     8.358826
    1.335000     21.254823     8.358565
    1.342500     21.293356     8.211527
    1.350000     20.952385     8.238673
    1.357500     20.606832     8.339990
    1.365000     20.604876     8.391879
    1.372500     20.901672     8.447255
    1.380000     21.034206     8.517713
    1.387500     20.700271     8.489022
    1.395000     20.251169     8.311493
    1.402500     20.154170     7.958300
    1.410000     20.287177     7.571385
    1.417500     20.296440     7.574166
    1.425000     20.326458     7.926113
    1.432500     20.438111     8.221851
    1.440000     20.290504     8.124319
    1.447500     19.786544     7.806203
    1.455000     19.165777     7.707166
    1.462500     18.627324     7.928316
    1.470000     18.324271     8.222585
    1.477500     18.370878     8.215095
    1.485000     18.687266     7.727865
    1.492500     19.073679     7.084574
    1.500000     19.366566     6.765762
    1.507500     19.494222     6.750172
    1.515000     19.629687     6.935393
    1.522500     19.835822     7.269739
    1.530000     20.005092     7.620446
    1.537500     20.206380     7.859290
    1.545000     20.642124     7.898469
    1.552500     21.426978     7.504449
    1.560000     22.292418     6.776034
    1.567500     22.896721     6.551859
    1.575000     23.284111     6.682545
    1.582500     23.139079     6.938359
    1.590000     22.529724     7.070126
    1.597500     22.088025     6.820679
    1.605000     21.851321     6.459337
    1.612500     21.594254     6.941731
    1.620000     21.392403     8.146985
    1.627500     21.507803     8.598335
    1.635000     22.042013     7.725327
    1.642500     22.747752     6.635947
    1.650000     22.965365     6.657521
    1.657500     22.253814     7.055387
    1.665000     21.194721     7.147464
    1.672500     20.584285     7.013148
    1.680000     20.792887     6.743459
    1.687500     21.704292     6.406708
    1.695000     22.508930     6.595854
    1.702500     22.382196     7.143056
    1.710000     21.950418     6.977605
    1.717500     21.777047     6.394992
    1.725000     21.630280     5.882132
    1.732500     21.253426     5.956831
    1.740000     21.012967     6.182530
    1.747500     21.183876     6.029034
    1.755000     21.439300     6.115840
    1.762500     21.376400     6.898185
    1.770000     21.060748     7.402220
    1.777500     20.581504     7.663906
    1.785000     20.143188     7.413734
    1.792500     20.079796     6.582267
    1.800000     20.382962     5.822402
