#! FIELDS cyl.z file.free uncertainty
#! SET sample_size 14997
#! SET effective_sample_size 35.1416
#! SET fundeltaF 25.2992
#! SET blocks_num 3
#! SET blocks_effective_num 1.03205
#! SET min_cyl.z 0.3
#! SET max_cyl.z 1.8
#! SET nbins_cyl.z 201
#! SET periodic_cyl.z false
    0.300000    768.591153     1.763971
    0.307500    723.675100     1.763971
    0.315000    680.147256     1.763971
    0.322500    638.010741     1.763971
    0.330000    597.268109     1.763971
    0.337500    557.921411     1.763971
    0.345000    519.972273     1.763971
    0.352500    483.421967     1.763971
    0.360000    448.271485     1.763971
    0.367500    414.521590     1.763971
    0.375000    382.172873     1.763971
    0.382500    351.225783     1.763971
    0.390000    321.680664     1.763971
    0.397500    293.537781     1.763971
    0.405000    266.797332     1.763971
    0.412500    241.459470     1.763971
    0.420000    217.524311     1.763971
    0.427500    194.991941     1.763971
    0.435000    173.862428     1.763971
    0.442500    154.135823     1.763971
    0.450000    135.812163     1.763971
    0.457500    118.891477     1.763971
    0.465000    103.373787     1.763971
    0.472500     89.259109     1.763971
    0.480000     76.547452     1.763971
    0.487500     65.238814     1.763971
    0.495000     55.333157     1.763971
    0.502500     46.830241     1.763971
    0.510000     39.728568     1.763971
    0.517500     34.018168     1.763971
    0.525000     29.631429     1.763971
    0.532500     26.163488     1.763971
    0.540000     22.375738     1.763971
    0.547500     17.981828     1.763971
    0.555000     14.147727     1.763971
    0.562500     11.222226     1.763971
    0.570000      9.020832     1.763971
    0.577500      7.286907     1.763971
    0.585000      5.797971     1.763971
    0.592500      4.287202     1.763971
    0.600000      2.717160     1.763971
    0.607500      1.362912     1.763971
    0.615000      0.426525     1.763971
    0.622500      0.000000     1.763971
    0.630000      0.142759     1.763971
    0.637500      0.816438     1.763971
    0.645000      1.912469     1.763971
    0.652500      3.475842     1.763971
    0.660000      5.419057     1.763971
    0.667500      6.529326     1.763971
    0.675000      6.673144     1.763971
    0.682500      7.514394     1.763971
    0.690000      9.637651     1.763971
    0.697500     13.093575     1.763971
    0.705000     17.676489     1.763971
    0.712500     22.439527     1.763968
    0.720000     25.919801     1.763947
    0.727500     27.977401     1.763893
    0.735000     28.569798     1.763881
    0.742500     28.025736     1.763931
    0.750000     27.500203     1.763960
    0.757500     27.888818     1.763967
    0.765000     29.463119     1.763968
    0.772500     31.895385     1.763859
    0.780000     32.855643     1.754761
    0.787500     32.102333     1.521061
    0.795000     32.077472     3.255578
    0.802500     31.874600    54.629893
    0.810000     28.568208   105.329899
    0.817500     25.081957   109.883690
    0.825000     22.758142   110.096427
    0.832500     21.459353   110.100697
    0.840000     20.429357   110.089024
    0.847500     18.898831   110.084265
    0.855000     17.469513   110.089235
    0.862500     16.777735   110.094330
    0.870000     16.725294   110.094548
    0.877500     16.449009   110.088161
    0.885000     15.357814   110.080009
    0.892500     14.199107   110.071350
    0.900000     13.383189   110.064345
    0.907500     12.827740   110.064594
    0.915000     12.493474   110.067318
    0.922500     12.391906   110.054707
    0.930000     12.384958   110.016307
    0.937500     12.371625   109.976499
    0.945000     12.484807   109.961002
    0.952500     12.817027   109.969383
    0.960000     13.294261   109.981805
    0.967500     13.831052   109.965667
    0.975000     14.262024   109.916458
    0.982500     14.369135   109.904845
    0.990000     14.312538   109.990546
    0.997500     14.519804   110.071460
    1.005000     15.236038   110.082360
    1.012500     16.354590   110.164092
    1.020000     17.391583   110.484946
    1.027500     17.963464   110.458050
    1.035000     18.247078   110.126299
    1.042500     18.440814   110.015808
    1.050000     18.505455   110.015751
    1.057500     18.557321   110.025661
    1.065000     18.807088   110.035569
    1.072500     19.283897   110.115637
    1.080000     19.961105   110.489210
    1.087500     20.725446   111.461699
    1.095000     21.294132   112.193775
    1.102500     21.605490   111.551403
    1.110000     22.015645   110.785548
    1.117500     22.702116   110.468245
    1.125000     23.405117   110.376470
    1.132500     23.923616   110.449839
    1.140000     24.485437   110.709172
    1.147500     25.358962   111.156465
    1.155000     26.501343   112.193391
    1.162500     27.671606   114.916591
    1.170000     28.741439   119.621859
    1.177500     29.604040   123.673237
    1.185000     30.388533   128.396944
    1.192500     31.500037   142.458106
    1.200000     33.200081   185.828092
    1.207500     35.382562   332.865475
    1.215000     37.359338   684.807497
    1.222500     38.792731  1129.965289
    1.230000     40.056174  1594.952033
    1.237500     40.994415  1761.445584
    1.245000     41.445391  1270.920295
    1.252500     41.640449   730.911148
    1.260000     41.862249   618.336408
    1.267500     41.728374   615.538015
    1.275000     40.980329   439.812464
    1.282500     40.376074   309.164651
    1.290000     40.349960   325.502213
    1.297500     40.838960   459.613109
    1.305000     41.405316   623.827366
    1.312500     41.272924   880.156554
    1.320000     40.463024  1312.774071
    1.327500     39.708200  1640.127048
    1.335000     39.429446  1720.345878
    1.342500     39.678721  1718.812154
    1.350000     40.056400  1834.814507
    1.357500     39.879228  1819.616360
    1.365000     39.260348  1466.596723
    1.372500     38.866441  1076.474749
    1.380000     38.856664   775.245928
    1.387500     38.881519   543.611478
    1.395000     38.680866   424.614421
    1.402500     38.596002   439.344330
    1.410000     39.006229   530.509782
    1.417500     39.698197   672.154166
    1.425000     39.851296   812.582799
    1.432500     39.361697   863.992311
    1.440000     38.920780   883.763978
    1.447500     38.743732   938.272935
    1.455000     38.715452  1079.562495
    1.462500     38.757420  1374.976350
    1.470000     38.800998  1771.219640
    1.477500     38.912604  1988.676809
    1.485000     39.231244  1884.504378
    1.492500     39.553112  1588.653663
    1.500000     39.450348  1444.956926
    1.507500     38.941334  1572.296645
    1.515000     38.513945  1726.313896
    1.522500     38.443476  1736.780933
    1.530000     38.467142  1706.981769
    1.537500     38.238572  1937.063920
    1.545000     38.053416  2248.854285
    1.552500     38.384218  2349.447335
    1.560000     39.373251  2201.281368
    1.567500     40.722132  1838.706423
    1.575000     41.344148  1480.881135
    1.582500     40.471217  1609.395838
    1.590000     39.337481  1893.206181
    1.597500     38.810097  2058.656348
    1.605000     38.846125  2128.107009
    1.612500     39.085451  2250.975536
    1.620000     39.502940  2449.190608
    1.627500     40.146572  2563.304036
    1.635000     40.642566  2521.385392
    1.642500     40.902796  2460.967113
    1.650000     41.094273  2468.849764
    1.657500     40.938393  2479.479168
    1.665000     40.499030  2420.227361
    1.672500     40.292654  2298.938368
    1.680000     40.165689  2085.218625
    1.687500     39.639068  1866.311286
    1.695000     39.014358  1787.192292
    1.702500     38.625867  1889.568219
    1.710000     38.483078  2095.262562
    1.717500     38.590226  2159.719184
    1.725000     38.999644  1984.496622
    1.732500     39.662015  1776.291884
    1.740000     40.276834  1727.063092
    1.747500     40.468431  1725.627645
    1.755000     40.322293  1671.057491
    1.762500     40.159016  1653.491465
    1.770000     39.885103  1704.302994
    1.777500     39.366462  1627.888938
    1.785000     38.920512  1358.957099
    1.792500     38.826111  1127.823902
    1.800000     39.097974  1120.610540
