#! FIELDS cyl.z file.free uncertainty
#! SET sample_size 189999
#! SET effective_sample_size 142.655
#! SET fundeltaF 29.9335
#! SET blocks_num 3
#! SET blocks_effective_num 1.91679
#! SET min_cyl.z 0.3
#! SET max_cyl.z 1.8
#! SET nbins_cyl.z 201
#! SET periodic_cyl.z false
    0.300000    690.313536     2.108498
    0.307500    649.207145     2.108498
    0.315000    609.502287     2.108498
    0.322500    571.198387     2.108497
    0.330000    534.294597     2.108497
    0.337500    498.789669     2.108496
    0.345000    464.681786     2.108495
    0.352500    431.968317     2.108491
    0.360000    400.645509     2.108481
    0.367500    370.708092     2.108455
    0.375000    342.148847     2.108394
    0.382500    314.958203     2.108245
    0.390000    289.124050     2.107892
    0.397500    264.631967     2.107077
    0.405000    241.466059     2.105262
    0.412500    219.610219     2.101392
    0.420000    199.049090     2.093545
    0.427500    179.767446     2.078531
    0.435000    161.747070     2.051730
    0.442500    144.962085     2.007885
    0.450000    129.377041     1.943973
    0.457500    114.954501     1.863831
    0.465000    101.673715     1.779925
    0.472500     89.547214     1.706938
    0.480000     78.617303     1.651666
    0.487500     68.933611     1.609052
    0.495000     60.524891     1.564310
    0.502500     53.347245     1.499028
    0.510000     47.089287     1.437141
    0.517500     40.852864     1.549493
    0.525000     34.237306     1.789073
    0.532500     28.154165     1.923544
    0.540000     23.174571     1.962333
    0.547500     19.384941     1.923921
    0.555000     16.682986     1.746109
    0.562500     14.780930     1.192769
    0.570000     13.062471     0.027931
    0.577500     10.940152     1.230373
    0.585000      8.571335     1.616452
    0.592500      6.295524     1.453877
    0.600000      4.294440     1.036273
    0.607500      2.681498     0.534319
    0.615000      1.477351     0.109665
    0.622500      0.633123     0.155219
    0.630000      0.125846     0.275087
    0.637500      0.000000     0.269681
    0.645000      0.300686     0.126850
    0.652500      1.050572     0.076454
    0.660000      2.309747     0.174621
    0.667500      4.168615     0.128165
    0.675000      6.642896     0.087296
    0.682500      9.586720     0.231739
    0.690000     12.599567     0.459946
    0.697500     15.123952     0.380433
    0.705000     17.448952     0.033533
    0.712500     20.342745     0.422521
    0.720000     24.079755     0.949344
    0.727500     28.617400     1.279072
    0.735000     32.732697     0.493113
    0.742500     33.617836     2.880107
    0.750000     34.237028     3.167073
    0.757500     36.114869     3.192323
    0.765000     39.353323     3.187424
    0.772500     43.887515     3.148747
    0.780000     48.864693     8.043494
    0.787500     49.841729    19.744166
    0.795000     48.799556    41.970713
    0.802500     47.862911   139.459983
    0.810000     46.402957   269.321075
    0.817500     44.645497   300.115263
    0.825000     42.940721   267.191476
    0.832500     41.177019   255.429519
    0.840000     39.509045   274.297580
    0.847500     38.038292   283.170072
    0.855000     36.660986   279.599799
    0.862500     35.447689   287.219892
    0.870000     34.508470   309.056109
    0.877500     33.758135   332.985273
    0.885000     33.095378   349.661641
    0.892500     32.509725   365.513045
    0.900000     31.948474   388.984151
    0.907500     31.373471   412.659209
    0.915000     30.805956   423.714444
    0.922500     30.270674   421.119285
    0.930000     29.819318   414.485236
    0.937500     29.521554   412.972751
    0.945000     29.393121   418.063400
    0.952500     29.376089   425.850938
    0.960000     29.423822   436.902752
    0.967500     29.535936   452.960758
    0.975000     29.709233   465.553753
    0.982500     29.921448   461.069248
    0.990000     30.161858   434.412894
    0.997500     30.454591   401.116859
    1.005000     30.837602   383.071374
    1.012500     31.301223   378.959679
    1.020000     31.776466   377.148039
    1.027500     32.204805   378.587217
    1.035000     32.578702   380.321146
    1.042500     32.923193   370.061772
    1.050000     33.259613   351.547125
    1.057500     33.574190   340.121422
    1.065000     33.814526   332.576471
    1.072500     34.034453   326.796670
    1.080000     34.394279   339.489459
    1.087500     34.897520   368.064007
    1.095000     35.403644   382.576238
    1.102500     35.835097   374.614745
    1.110000     36.188577   366.461950
    1.117500     36.506597   368.893366
    1.125000     36.872934   377.377768
    1.132500     37.320073   387.430156
    1.140000     37.803655   392.049554
    1.147500     38.268505   385.194473
    1.155000     38.707100   373.036917
    1.162500     39.159656   365.641870
    1.170000     39.616170   362.056470
    1.177500     40.006872   356.663419
    1.185000     40.369035   352.689653
    1.192500     40.795469   351.925356
    1.200000     41.264349   344.306252
    1.207500     41.681168   329.360413
    1.215000     42.022177   323.506822
    1.222500     42.364913   333.188244
    1.230000     42.739765   351.913306
    1.237500     43.117869   364.649454
    1.245000     43.489771   361.142544
    1.252500     43.803663   356.571179
    1.260000     43.994112   361.382636
    1.267500     44.107104   356.886177
    1.275000     44.303734   331.979939
    1.282500     44.658921   309.458872
    1.290000     45.044058   318.920346
    1.297500     45.333313   346.114694
    1.305000     45.508629   353.232764
    1.312500     45.525954   343.098022
    1.320000     45.366666   343.338696
    1.327500     45.135613   356.095505
    1.335000     44.945738   367.901645
    1.342500     44.797652   366.762875
    1.350000     44.671333   344.649488
    1.357500     44.605468   321.852720
    1.365000     44.548364   333.217820
    1.372500     44.411051   369.059102
    1.380000     44.311773   390.889476
    1.387500     44.339369   392.704828
    1.395000     44.324270   390.976932
    1.402500     44.214671   389.962144
    1.410000     44.188935   375.915940
    1.417500     44.264869   352.663783
    1.425000     44.320757   337.255212
    1.432500     44.330171   323.837120
    1.440000     44.303754   311.838232
    1.447500     44.240730   315.976743
    1.455000     44.207582   321.273117
    1.462500     44.254973   310.232393
    1.470000     44.328775   294.391366
    1.477500     44.383431   294.258514
    1.485000     44.447645   318.793884
    1.492500     44.483687   348.841609
    1.500000     44.420207   352.669708
    1.507500     44.345021   332.822184
    1.515000     44.395298   316.187883
    1.522500     44.551534   325.231476
    1.530000     44.691031   354.588066
    1.537500     44.744399   373.331917
    1.545000     44.713986   370.146064
    1.552500     44.627299   363.136385
    1.560000     44.528946   375.443041
    1.567500     44.427185   411.921041
    1.575000     44.327451   446.327841
    1.582500     44.278156   450.103688
    1.590000     44.289721   430.879881
    1.597500     44.341758   412.686205
    1.605000     44.402280   399.809491
    1.612500     44.391831   389.169324
    1.620000     44.247003   387.163233
    1.627500     44.070283   390.015124
    1.635000     44.015465   383.877865
    1.642500     44.063835   367.988121
    1.650000     44.066056   358.144991
    1.657500     44.011769   363.254943
    1.665000     44.033801   370.188188
    1.672500     44.128377   366.695777
    1.680000     44.164500   364.312548
    1.687500     44.094673   376.108321
    1.695000     43.979540   394.947028
    1.702500     43.914208   411.769548
    1.710000     43.922343   426.427837
    1.717500     43.881540   436.953992
    1.725000     43.746753   431.939233
    1.732500     43.662622   411.268018
    1.740000     43.688847   395.905090
    1.747500     43.696825   404.092653
    1.755000     43.568428   420.144015
    1.762500     43.373444   422.047880
    1.770000     43.233100   410.920662
    1.777500     43.135015   400.731771
    1.785000     43.093959   403.441390
    1.792500     43.223829   410.267955
    1.800000     43.522557   407.997345
