#! FIELDS cyl.z file.free uncertainty
#! SET sample_size 189999
#! SET effective_sample_size 56.829
#! SET fundeltaF 25.1321
#! SET blocks_num 3
#! SET blocks_effective_num 1.12868
#! SET min_cyl.z 0.3
#! SET max_cyl.z 1.8
#! SET nbins_cyl.z 201
#! SET periodic_cyl.z false
    0.300000    702.432618    27.373408
    0.307500    660.369357    27.373408
    0.315000    619.709152    27.373408
    0.322500    580.452002    27.373408
    0.330000    542.597907    27.373408
    0.337500    506.146865    27.373408
    0.345000    471.098875    27.373408
    0.352500    437.453932    27.373408
    0.360000    405.212028    27.373408
    0.367500    374.373147    27.373408
    0.375000    344.937260    27.373408
    0.382500    316.904310    27.373407
    0.390000    290.274195    27.373403
    0.397500    265.046716    27.373392
    0.405000    241.221505    27.373356
    0.412500    218.797858    27.373241
    0.420000    197.774437    27.372869
    0.427500    178.148674    27.371679
    0.435000    159.915606    27.367878
    0.442500    143.065554    27.355852
    0.450000    127.579575    27.318428
    0.457500    113.420902    27.205774
    0.465000    100.521115    26.887673
    0.472500     88.766309    26.087902
    0.480000     78.007018    24.415799
    0.487500     68.118239    21.649630
    0.495000     59.060609    17.978060
    0.502500     50.855679    13.831476
    0.510000     43.531106     9.756096
    0.517500     37.127661     6.395226
    0.525000     31.715670     4.223802
    0.532500     27.341122     3.462057
    0.540000     23.907328     4.288133
    0.547500     21.064679     6.223453
    0.555000     18.402524     7.139917
    0.562500     15.887621     6.448435
    0.570000     13.621613     5.999000
    0.577500     11.420734     6.110154
    0.585000      8.987363     5.191964
    0.592500      6.429422     3.326617
    0.600000      4.147763     1.767033
    0.607500      2.364956     0.792488
    0.615000      1.097269     0.237215
    0.622500      0.317134     0.090984
    0.630000      0.000000     0.231674
    0.637500      0.089800     0.322113
    0.645000      0.571971     0.362224
    0.652500      1.525349     0.326003
    0.660000      3.001575     0.244219
    0.667500      4.891960     0.214554
    0.675000      6.881275     0.369050
    0.682500      8.287358     0.898072
    0.690000      8.976106     1.435751
    0.697500     10.018844     1.660034
    0.705000     11.964397     1.732648
    0.712500     14.749047     1.755364
    0.720000     18.235577     1.755782
    0.727500     22.485880     1.704871
    0.735000     27.255498     1.366359
    0.742500     30.153290     0.868254
    0.750000     29.978601     1.288140
    0.757500     29.527364     1.493207
    0.765000     29.735434     1.463754
    0.772500     30.647123     1.385134
    0.780000     32.130863     1.364466
    0.787500     33.744309     1.449312
    0.795000     34.595650     5.668064
    0.802500     34.580864    25.093263
    0.810000     33.690201    50.702652
    0.817500     31.772742    45.966139
    0.825000     29.894234    34.528938
    0.832500     28.664008    35.367527
    0.840000     27.613327    40.235324
    0.847500     26.113857    33.256747
    0.855000     24.714809    25.646332
    0.862500     23.989008    27.644508
    0.870000     23.824934    40.064534
    0.877500     23.460732    50.761316
    0.885000     22.427283    45.308539
    0.892500     21.334452    37.247324
    0.900000     20.537930    33.652356
    0.907500     19.973174    33.904062
    0.915000     19.609234    36.839283
    0.922500     19.458148    41.969645
    0.930000     19.399749    48.105773
    0.937500     19.349395    53.003408
    0.945000     19.420213    57.036120
    0.952500     19.685501    62.187943
    0.960000     20.075569    68.887684
    0.967500     20.515835    75.837591
    0.975000     20.880905    79.423162
    0.982500     21.012833    76.594194
    0.990000     21.031606    70.775034
    0.997500     21.266834    68.648698
    1.005000     21.895009    75.976547
    1.012500     22.779283    94.324511
    1.020000     23.556029   112.045866
    1.027500     24.040688   115.840175
    1.035000     24.353635   112.106572
    1.042500     24.602727   107.773773
    1.050000     24.773693   100.600383
    1.057500     24.936381    92.101857
    1.065000     25.237212    86.351410
    1.072500     25.706781    84.712198
    1.080000     26.301689    88.712445
    1.087500     26.918989    96.503306
    1.095000     27.397418   101.823544
    1.102500     27.722883   102.516954
    1.110000     28.106185   104.486550
    1.117500     28.642870   111.524051
    1.125000     29.179306   117.689771
    1.132500     29.648541   117.274034
    1.140000     30.193980   116.382582
    1.147500     30.903719   121.879890
    1.155000     31.664098   130.814135
    1.162500     32.345360   137.406601
    1.170000     32.966891   143.367150
    1.177500     33.531571   148.110535
    1.185000     34.061892   150.508057
    1.192500     34.644443   158.970521
    1.200000     35.305355   181.261048
    1.207500     35.968547   210.045087
    1.215000     36.528397   225.788211
    1.222500     36.953229   221.699351
    1.230000     37.278959   213.696311
    1.237500     37.574608   218.992418
    1.245000     37.931456   228.548867
    1.252500     38.337616   221.957659
    1.260000     38.619175   201.613133
    1.267500     38.733626   182.929533
    1.275000     38.860312   169.595646
    1.282500     39.115657   158.799013
    1.290000     39.427677   145.893300
    1.297500     39.613320   136.369510
    1.305000     39.599994   143.717970
    1.312500     39.489429   165.562990
    1.320000     39.366998   182.872449
    1.327500     39.288668   180.393166
    1.335000     39.270027   164.444807
    1.342500     39.250923   154.928406
    1.350000     39.247563   160.139433
    1.357500     39.309441   169.809640
    1.365000     39.405846   176.787950
    1.372500     39.494143   184.057813
    1.380000     39.517644   196.946495
    1.387500     39.405260   213.519704
    1.395000     39.227989   222.053993
    1.402500     39.168241   219.900931
    1.410000     39.269066   224.912294
    1.417500     39.405933   259.972932
    1.425000     39.456616   310.642689
    1.432500     39.408824   335.357675
    1.440000     39.332005   324.940023
    1.447500     39.260850   298.398285
    1.455000     39.203753   279.743067
    1.462500     39.222034   284.855423
    1.470000     39.346760   305.395970
    1.477500     39.518754   327.483284
    1.485000     39.626754   357.814529
    1.492500     39.609863   392.390027
    1.500000     39.528617   403.563665
    1.507500     39.448920   385.841723
    1.515000     39.385591   361.839108
    1.522500     39.377152   346.293108
    1.530000     39.425479   330.415275
    1.537500     39.404593   312.340356
    1.545000     39.286827   305.956778
    1.552500     39.267845   311.806209
    1.560000     39.450756   321.390889
    1.567500     39.678404   331.417946
    1.575000     39.758363   343.334854
    1.582500     39.707203   353.542388
    1.590000     39.630612   355.338013
    1.597500     39.584850   354.316094
    1.605000     39.552277   362.936149
    1.612500     39.510833   383.966577
    1.620000     39.483545   406.077298
    1.627500     39.519026   420.941222
    1.635000     39.640106   432.715523
    1.642500     39.779427   443.695516
    1.650000     39.801007   444.298904
    1.657500     39.666136   418.723239
    1.665000     39.467872   370.922871
    1.672500     39.267310   330.004677
    1.680000     39.059369   314.167119
    1.687500     38.865631   315.502504
    1.695000     38.787345   323.978553
    1.702500     38.883635   336.391074
    1.710000     39.021202   353.328679
    1.717500     39.020483   380.425501
    1.725000     38.951433   415.709317
    1.732500     38.925507   440.156380
    1.740000     38.900797   437.451325
    1.747500     38.848805   422.045148
    1.755000     38.801762   412.914865
    1.762500     38.802106   403.697652
    1.770000     38.823536   385.149947
    1.777500     38.780063   364.954896
    1.785000     38.742288   355.820353
    1.792500     38.843398   357.303892
    1.800000     39.045979   357.342216
