#! FIELDS cyl.z file.free uncertainty
#! SET sample_size 189999
#! SET effective_sample_size 119.904
#! SET fundeltaF 41.8338
#! SET blocks_num 3
#! SET blocks_effective_num 1
#! SET min_cyl.z 0.3
#! SET max_cyl.z 1.8
#! SET nbins_cyl.z 201
#! SET periodic_cyl.z false
    0.300000    710.251118     4.618677
    0.307500    668.991015     7.422816
    0.315000    629.133476    11.650290
    0.322500    590.678098    18.105998
    0.330000    553.624152    28.082355
    0.337500    517.970331    43.655362
    0.345000    483.714290    68.142334
    0.352500    450.851861   106.766165
    0.360000    419.375720   167.492481
    0.367500    389.273302   261.718123
    0.375000    360.523903   403.745550
    0.382500    333.095746   606.698441
    0.390000    306.945660   872.140096
    0.397500    282.026056  1175.893524
    0.405000    258.301507  1465.302804
    0.412500    235.766526  1683.449690
    0.420000    214.448704  1803.236820
    0.427500    194.393954  1835.737108
    0.435000    175.648032  1812.249803
    0.442500    158.246455  1766.190626
    0.450000    142.213080  1728.014899
    0.457500    127.562598  1732.341683
    0.465000    114.303527  1840.460167
    0.472500    102.440295  2205.351695
    0.480000     91.973359  3283.562522
    0.487500     82.889179  6552.676337
    0.495000     75.058078  16302.895281
    0.502500     67.497139  30984.883973
    0.510000     58.253984  18930.775022
    0.517500     48.697731  6157.924964
    0.525000     40.148470  1781.415078
    0.532500     32.710031   480.879186
    0.540000     26.226754   118.368186
    0.547500     20.545616    27.612795
    0.555000     15.682420     7.161346
    0.562500     11.786724     2.329607
    0.570000      8.965743     0.960568
    0.577500      7.153728     0.653276
    0.585000      5.929829     0.785844
    0.592500      4.538771     0.841295
    0.600000      2.919201     0.684086
    0.607500      1.623036     0.597094
    0.615000      0.800457     0.558282
    0.622500      0.307903     0.439142
    0.630000      0.040678     0.297624
    0.637500      0.000000     0.346946
    0.645000      0.216348     0.538401
    0.652500      0.800791     0.791937
    0.660000      1.930815     1.031897
    0.667500      3.703215     1.217495
    0.675000      6.102148     1.343922
    0.682500      9.007494     1.328084
    0.690000     12.152043     0.929412
    0.697500     15.466400     0.290075
    0.705000     19.351408     1.300384
    0.712500     24.127716     2.915620
    0.720000     29.695439     5.178767
    0.727500     35.600849     7.777123
    0.735000     41.465777    11.726243
    0.742500     46.095477    68.487354
    0.750000     48.114661   230.390741
    0.757500     50.250608   920.009112
    0.765000     53.577229  7600.306796
    0.772500     57.590305  76822.351751
    0.780000     58.610471  404655.579690
    0.787500     56.903232  1198147.522645
    0.795000     55.006739  2309765.256104
    0.802500     53.588111  3134101.525677
    0.810000     53.077167  3520733.092458
    0.817500     53.201920  3089597.301223
    0.825000     52.477941  1651859.637802
    0.832500     50.745727  1000360.558318
    0.840000     49.263348  806707.977048
    0.847500     48.317706  768823.337314
    0.855000     47.659134  984050.677366
    0.862500     46.863403  1255667.255569
    0.870000     45.977987  1298191.020759
    0.877500     45.250404  1274686.613895
    0.885000     44.593700  1336068.927659
    0.892500     43.876130  1403946.474945
    0.900000     43.155406  1407439.702656
    0.907500     42.520970  1406691.683217
    0.915000     41.983509  1454886.148248
    0.922500     41.521467  1524990.290364
    0.930000     41.149176  1564036.952689
    0.937500     40.898559  1567905.372886
    0.945000     40.730988  1581714.573690
    0.952500     40.600424  1618793.479017
    0.960000     40.585437  1641932.381636
    0.967500     40.753637  1644597.554995
    0.975000     41.046356  1669422.087096
    0.982500     41.397393  1737046.290151
    0.990000     41.779797  1812220.582051
    0.997500     42.136525  1871461.956680
    1.005000     42.437702  1915237.000037
    1.012500     42.728762  1941425.230867
    1.020000     43.044685  1954320.297949
    1.027500     43.386356  1942846.608668
    1.035000     43.741358  1905839.941701
    1.042500     44.077834  1886995.863487
    1.050000     44.391491  1907229.648043
    1.057500     44.739937  1932525.858913
    1.065000     45.151354  1937387.463328
    1.072500     45.567612  1943789.777667
    1.080000     45.947738  1968569.921201
    1.087500     46.329016  1973047.554131
    1.095000     46.750675  1924530.324721
    1.102500     47.180603  1833624.889690
    1.110000     47.573132  1726567.891393
    1.117500     47.960678  1642541.330493
    1.125000     48.407585  1619659.147571
    1.132500     48.886802  1636014.666893
    1.140000     49.329837  1654584.248656
    1.147500     49.759278  1689186.766016
    1.155000     50.199562  1739161.155258
    1.162500     50.643067  1790228.558019
    1.170000     51.128877  1853523.124692
    1.177500     51.635593  1895943.244486
    1.185000     52.085441  1860286.548580
    1.192500     52.496730  1803525.134951
    1.200000     52.904496  1835831.606065
    1.207500     53.299788  1947049.280622
    1.215000     53.720676  1999213.929186
    1.222500     54.185576  1946689.165730
    1.230000     54.596468  1881834.315980
    1.237500     54.887105  1844217.225529
    1.245000     55.143919  1837067.060848
    1.252500     55.464066  1890603.594594
    1.260000     55.870716  1953543.675129
    1.267500     56.298577  1938224.676046
    1.275000     56.603021  1857329.952788
    1.282500     56.739352  1785002.302922
    1.290000     56.809823  1689910.356412
    1.297500     56.878536  1542703.865482
    1.305000     56.869935  1442404.224837
    1.312500     56.697870  1545979.091494
    1.320000     56.439667  1883282.017281
    1.327500     56.201760  2212795.331596
    1.335000     56.061112  2264610.862919
    1.342500     56.031885  2066489.134873
    1.350000     56.002025  1864247.211427
    1.357500     55.896354  1853070.090908
    1.365000     55.768885  2001196.942912
    1.372500     55.701885  2143799.614159
    1.380000     55.724067  2182980.876019
    1.387500     55.779343  2170405.991891
    1.395000     55.803024  2179138.043413
    1.402500     55.793321  2186644.165003
    1.410000     55.765575  2132731.787000
    1.417500     55.687200  2047811.119700
    1.425000     55.523434  2041514.966852
    1.432500     55.331337  2084043.844851
    1.440000     55.231892  2067397.718532
    1.447500     55.286626  2013163.379674
    1.455000     55.437357  2002434.034290
    1.462500     55.568109  2016210.125286
    1.470000     55.606032  1984498.368928
    1.477500     55.567881  1947634.311349
    1.485000     55.563195  1952032.036331
    1.492500     55.676070  1959756.919552
    1.500000     55.809895  1923840.915482
    1.507500     55.838460  1836159.032979
    1.515000     55.819012  1765647.352885
    1.522500     55.837874  1760677.503871
    1.530000     55.852432  1803741.113663
    1.537500     55.806844  1895041.504373
    1.545000     55.718855  2037641.331177
    1.552500     55.677492  2157807.015334
    1.560000     55.767307  2174951.967622
    1.567500     55.905053  2131512.177148
    1.575000     55.976733  2144569.404384
    1.582500     56.045626  2189918.793591
    1.590000     56.160704  2164884.208182
    1.597500     56.239298  2061071.613483
    1.605000     56.190919  2002948.279754
    1.612500     56.043373  2083608.281515
    1.620000     55.972928  2198158.066256
    1.627500     56.079223  2221400.089110
    1.635000     56.218803  2095462.482339
    1.642500     56.221926  1887687.221212
    1.650000     56.106318  1809360.067273
    1.657500     55.948249  1907243.652421
    1.665000     55.797622  2035827.783969
    1.672500     55.632982  2106664.513849
    1.680000     55.425279  2113965.670731
    1.687500     55.240779  2077926.972106
    1.695000     55.157622  2057538.097299
    1.702500     55.173819  2068200.396337
    1.710000     55.216564  2041367.847936
    1.717500     55.180312  1972894.803467
    1.725000     55.049070  1942601.081668
    1.732500     54.940215  1959814.392651
    1.740000     54.898362  1984461.985063
    1.747500     54.827234  1995480.315250
    1.755000     54.700426  1996600.471883
    1.762500     54.644671  1996745.195121
    1.770000     54.712195  1992043.516183
    1.777500     54.804753  1981752.735601
    1.785000     54.880230  1980518.003993
    1.792500     54.954861  2018123.454797
    1.800000     55.013377  2077827.453475
