#! FIELDS cyl.z file.free uncertainty
#! SET sample_size 89997
#! SET effective_sample_size 44.2581
#! SET fundeltaF 29.7612
#! SET blocks_num 3
#! SET blocks_effective_num 1.00156
#! SET min_cyl.z 0.3
#! SET max_cyl.z 1.8
#! SET nbins_cyl.z 201
#! SET periodic_cyl.z false
    0.300000    736.090214  2279.239362
    0.307500    693.090509  2279.239362
    0.315000    651.413677  2279.239362
    0.322500    611.063541  2279.239362
    0.330000    572.048008  2279.239362
    0.337500    534.377413  2279.239362
    0.345000    498.062775  2279.239362
    0.352500    463.114440  2279.239362
    0.360000    429.541325  2279.239362
    0.367500    397.350654  2279.239362
    0.375000    366.548029  2279.239362
    0.382500    337.137660  2279.239361
    0.390000    309.122639  2279.239359
    0.397500    282.505194  2279.239353
    0.405000    257.286911  2279.239335
    0.412500    233.468888  2279.239276
    0.420000    211.051863  2279.239087
    0.427500    190.036275  2279.238488
    0.435000    170.422292  2279.236581
    0.442500    152.209762  2279.230502
    0.450000    135.398048  2279.211081
    0.457500    119.985653  2279.148817
    0.465000    105.969382  2278.948185
    0.472500     93.342525  2278.297288
    0.480000     82.090946  2276.170248
    0.487500     72.184796  2269.199353
    0.495000     63.562074  2246.687690
    0.502500     56.101831  2178.276209
    0.510000     49.602640  1999.544895
    0.517500     43.823040  1644.460983
    0.525000     38.603410  1153.294328
    0.532500     33.883218   674.517833
    0.540000     29.490711   321.560003
    0.547500     25.119087   127.657048
    0.555000     20.734309    51.064753
    0.562500     16.519988    23.631452
    0.570000     12.689826    11.663094
    0.577500      9.452426     5.555990
    0.585000      6.810669     2.359695
    0.592500      4.646174     0.826993
    0.600000      2.956110     0.325457
    0.607500      1.776958     0.375930
    0.615000      1.010012     0.650788
    0.622500      0.482392     0.761659
    0.630000      0.133192     0.500798
    0.637500      0.000000     0.195423
    0.645000      0.113934     0.631643
    0.652500      0.621012     0.967218
    0.660000      1.770283     1.108445
    0.667500      3.680508     1.156198
    0.675000      6.200927     1.227484
    0.682500      8.985567     1.383217
    0.690000     11.766239     1.558424
    0.697500     14.369081     1.677248
    0.705000     17.069533     1.722560
    0.712500     20.559249     1.712136
    0.720000     25.230824     1.616482
    0.727500     30.603365     1.191552
    0.735000     31.867359     1.112062
    0.742500     31.128556     1.232542
    0.750000     31.608237     1.021952
    0.757500     33.474166     0.324366
    0.765000     36.714899     2.074019
    0.772500     41.283414    57.709684
    0.780000     46.847160  2103.647012
    0.787500     49.875184  16825.895352
    0.795000     49.148821  17698.457791
    0.802500     48.107909  9927.629258
    0.810000     46.527668  3691.036406
    0.817500     44.676083  2489.577415
    0.825000     42.539446  2526.195733
    0.832500     40.364355  3053.798999
    0.840000     38.501468  4169.550554
    0.847500     36.807629  5328.831376
    0.855000     35.172578  5763.509713
    0.862500     33.860995  5761.284896
    0.870000     33.050395  5797.106189
    0.877500     32.607191  5984.658060
    0.885000     32.261618  6220.339944
    0.892500     31.874837  6382.060217
    0.900000     31.436517  6584.185989
    0.907500     30.957179  7110.658394
    0.915000     30.410737  7775.026085
    0.922500     29.797923  7973.600141
    0.930000     29.247230  7756.137200
    0.937500     28.904651  7734.540106
    0.945000     28.785639  8106.791591
    0.952500     28.807634  8549.276063
    0.960000     28.937263  9041.582792
    0.967500     29.152670  9874.829605
    0.975000     29.364134  10696.296732
    0.982500     29.502989  10770.655086
    0.990000     29.581812  9970.057351
    0.997500     29.722065  8926.090304
    1.005000     30.075007  8392.032306
    1.012500     30.633022  8511.396853
    1.020000     31.245188  8898.176843
    1.027500     31.781832  9167.452264
    1.035000     32.195920  9065.334816
    1.042500     32.509133  8444.289774
    1.050000     32.768630  7736.625392
    1.057500     32.984889  7537.408347
    1.065000     33.094655  7484.476418
    1.072500     33.220935  7402.986402
    1.080000     33.656806  8108.014938
    1.087500     34.381423  9872.736149
    1.095000     35.086847  11364.306301
    1.102500     35.650322  11480.541056
    1.110000     36.112084  11075.870541
    1.117500     36.511917  10847.343326
    1.125000     36.963627  10760.135164
    1.132500     37.484836  10947.876399
    1.140000     37.959127  11384.169445
    1.147500     38.351575  11605.958220
    1.155000     38.751165  11430.624523
    1.162500     39.241428  10845.529602
    1.170000     39.789879  9829.460963
    1.177500     40.293446  8846.878921
    1.185000     40.748832  8354.002402
    1.192500     41.197190  8274.928898
    1.200000     41.615527  8324.203227
    1.207500     41.929869  8264.654077
    1.215000     42.137004  8104.998695
    1.222500     42.382033  8110.374212
    1.230000     42.721352  8754.823861
    1.237500     43.063225  10286.523437
    1.245000     43.326640  12023.378900
    1.252500     43.515277  13139.519733
    1.260000     43.708510  13587.392717
    1.267500     43.954036  13399.459523
    1.275000     44.234128  12594.239700
    1.282500     44.430016  11831.013834
    1.290000     44.506568  11571.432221
    1.297500     44.694470  11288.315249
    1.305000     45.047250  10832.648618
    1.312500     45.281661  10729.563428
    1.320000     45.186369  11075.215490
    1.327500     44.852700  11748.490817
    1.335000     44.484469  12622.120235
    1.342500     44.212275  13070.149727
    1.350000     44.132353  12587.155219
    1.357500     44.219750  11581.882003
    1.365000     44.180469  11232.902035
    1.372500     43.934895  11697.093978
    1.380000     43.832923  12296.260636
    1.387500     43.883433  12934.808028
    1.395000     43.706098  13392.074076
    1.402500     43.396807  13387.464023
    1.410000     43.341105  12864.615423
    1.417500     43.539291  12127.787702
    1.425000     43.708372  12105.550866
    1.432500     43.719039  12953.098117
    1.440000     43.694929  13759.412473
    1.447500     43.722657  13964.950863
    1.455000     43.799687  13307.442003
    1.462500     43.849929  11925.220052
    1.470000     43.783960  10797.221565
    1.477500     43.683757  10779.534076
    1.485000     43.690282  11689.672705
    1.492500     43.781512  12906.561784
    1.500000     43.858277  13870.078132
    1.507500     43.960091  14392.030382
    1.515000     44.171329  14645.654749
    1.522500     44.356255  14858.461083
    1.530000     44.444232  14950.674019
    1.537500     44.606453  14728.534869
    1.545000     44.811792  14398.695599
    1.552500     44.815683  14574.547594
    1.560000     44.571095  15467.818315
    1.567500     44.286712  16550.802876
    1.575000     44.140977  17203.612982
    1.582500     44.090794  17136.250017
    1.590000     44.012095  16625.542710
    1.597500     43.949985  16212.572982
    1.605000     43.928308  15961.630205
    1.612500     43.838600  15605.566693
    1.620000     43.656822  14906.307087
    1.627500     43.502173  14003.442052
    1.635000     43.470953  13438.101269
    1.642500     43.490303  13594.660899
    1.650000     43.454157  14265.316606
    1.657500     43.469696  14853.594708
    1.665000     43.647994  15007.665298
    1.672500     43.840848  14667.261723
    1.680000     43.834008  14319.652647
    1.687500     43.664832  14494.612298
    1.695000     43.460186  15082.174815
    1.702500     43.328195  15658.693471
    1.710000     43.333231  15796.066937
    1.717500     43.304796  15523.929132
    1.725000     43.113649  15244.404124
    1.732500     42.976625  14872.520750
    1.740000     42.998460  14422.227208
    1.747500     42.942342  14514.178141
    1.755000     42.620095  15124.503100
    1.762500     42.222369  15497.206641
    1.770000     41.983091  15399.753307
    1.777500     41.892267  14995.310670
    1.785000     41.940062  14648.131507
    1.792500     42.230234  14545.365551
    1.800000     42.695020  14715.340411
