#! FIELDS cyl.z file.free uncertainty
#! SET sample_size 89997
#! SET effective_sample_size 50.2064
#! SET fundeltaF 26.9778
#! SET blocks_num 3
#! SET blocks_effective_num 1.11021
#! SET min_cyl.z 0.3
#! SET max_cyl.z 1.8
#! SET nbins_cyl.z 201
#! SET periodic_cyl.z false
    0.300000    775.889500    31.960081
    0.307500    730.973471    31.960404
    0.315000    687.445652    31.960756
    0.322500    645.309165    31.961123
    0.330000    604.566560    31.961493
    0.337500    565.219889    31.961855
    0.345000    527.270776    31.962200
    0.352500    490.720494    31.962516
    0.360000    455.570032    31.962790
    0.367500    421.820153    31.962995
    0.375000    389.471442    31.963088
    0.382500    358.524344    31.962984
    0.390000    328.979192    31.962522
    0.397500    300.836225    31.961395
    0.405000    274.095600    31.959007
    0.412500    248.757383    31.954216
    0.420000    224.821528    31.944815
    0.427500    202.287807    31.926551
    0.435000    181.155678    31.891237
    0.442500    161.424023    31.823160
    0.450000    143.090630    31.692356
    0.457500    126.151240    31.442402
    0.465000    110.597786    30.969648
    0.472500     96.415377    30.092722
    0.480000     83.577731    28.523505
    0.487500     72.042069    25.888426
    0.495000     61.748280    21.903349
    0.502500     52.631477    16.739541
    0.510000     44.650660    11.242698
    0.517500     37.811693     6.508489
    0.525000     32.154011     3.205310
    0.532500     27.698698     1.580589
    0.540000     24.352610     2.228605
    0.547500     21.728370     6.354096
    0.555000     19.176713    11.812291
    0.562500     16.577988    13.712900
    0.570000     14.258971    12.999928
    0.577500     12.071098    10.543029
    0.585000      9.532272     6.314348
    0.592500      6.772908     3.132366
    0.600000      4.334464     1.692513
    0.607500      2.458379     1.040026
    0.615000      1.138653     0.640880
    0.622500      0.331131     0.301535
    0.630000      0.000000     0.070761
    0.637500      0.081446     0.421195
    0.645000      0.559952     0.715745
    0.652500      1.516639     0.942467
    0.660000      3.000406     1.081038
    0.667500      4.893564     0.828450
    0.675000      6.868635     0.193754
    0.682500      8.227350     0.641678
    0.690000      8.869041     0.439146
    0.697500      9.892420     1.265562
    0.705000     11.831739     1.592858
    0.712500     14.614442     1.687961
    0.720000     18.100935     1.687766
    0.727500     22.355605     1.576630
    0.735000     27.154453     0.741857
    0.742500     30.095921     2.380836
    0.750000     29.884361     2.936979
    0.757500     29.415325     1.568938
    0.765000     29.625943     0.168938
    0.772500     30.544446     0.715078
    0.780000     32.029993     0.468941
    0.787500     33.646716     1.592524
    0.795000     34.538732     3.086891
    0.802500     34.612420     3.676502
    0.810000     33.774464    12.822129
    0.817500     31.801334    24.976178
    0.825000     29.882191    29.688431
    0.832500     28.669627    30.828834
    0.840000     27.655885    31.228060
    0.847500     26.137525    31.586329
    0.855000     24.709636    31.657149
    0.862500     23.997333    31.611070
    0.870000     23.901027    32.016161
    0.877500     23.600278    33.422133
    0.885000     22.541228    33.586742
    0.892500     21.408834    33.062940
    0.900000     20.597893    33.079248
    0.907500     20.036626    33.806720
    0.915000     19.688850    35.230253
    0.922500     19.567449    37.465221
    0.930000     19.545419    40.132627
    0.937500     19.527265    42.213767
    0.945000     19.633709    44.314641
    0.952500     19.949466    48.279947
    0.960000     20.403202    55.268487
    0.967500     20.911714    64.947005
    0.975000     21.318895    73.713031
    0.982500     21.427244    76.179961
    0.990000     21.389065    74.450937
    0.997500     21.601082    75.233047
    1.005000     22.280191    85.382742
    1.012500     23.296832   113.443699
    1.020000     24.207909   152.489737
    1.027500     24.733296   171.563469
    1.035000     25.034459   168.820356
    1.042500     25.258200   159.439383
    1.050000     25.369109   143.843773
    1.057500     25.463750   129.383238
    1.065000     25.733335   122.850363
    1.072500     26.216817   120.434028
    1.080000     26.874544   124.729946
    1.087500     27.583305   139.699423
    1.095000     28.116703   153.230360
    1.102500     28.445797   156.383899
    1.110000     28.859789   163.942380
    1.117500     29.492623   186.360351
    1.125000     30.118852   211.273212
    1.132500     30.606097   216.400408
    1.140000     31.171990   204.210361
    1.147500     32.004131   197.896658
    1.155000     32.990272   216.834090
    1.162500     33.918425   254.906483
    1.170000     34.783643   286.779348
    1.177500     35.582792   294.078813
    1.185000     36.335218   292.496653
    1.192500     37.203843   319.065319
    1.200000     38.278352   392.223676
    1.207500     39.371681   502.484151
    1.215000     40.124047   586.004071
    1.222500     40.493252   589.691623
    1.230000     40.725268   562.585283
    1.237500     41.050357   559.345763
    1.245000     41.487173   557.093667
    1.252500     41.837246   521.503428
    1.260000     42.021649   480.344734
    1.267500     42.159538   452.094896
    1.275000     42.311022   435.317340
    1.282500     42.486115   424.978555
    1.290000     42.768441   401.487266
    1.297500     43.128129   401.930307
    1.305000     43.285994   489.238786
    1.312500     43.072491   589.791975
    1.320000     42.778222   597.595614
    1.327500     42.710147   526.826248
    1.335000     42.868246   447.977922
    1.342500     43.071511   437.254505
    1.350000     43.220882   476.120763
    1.357500     43.290091   495.025741
    1.365000     43.157031   496.028798
    1.372500     42.864675   502.103782
    1.380000     42.615024   511.504651
    1.387500     42.456622   525.483531
    1.395000     42.270819   536.214759
    1.402500     42.048767   535.692578
    1.410000     41.958923   554.909520
    1.417500     42.021308   622.522187
    1.425000     42.076421   692.213920
    1.432500     42.052748   685.784193
    1.440000     42.005874   609.503230
    1.447500     41.936612   521.814314
    1.455000     41.832020   477.095935
    1.462500     41.769346   485.088357
    1.470000     41.782681   512.417623
    1.477500     41.796109   561.669587
    1.485000     41.742200   667.662595
    1.492500     41.664390   787.755248
    1.500000     41.622349   840.592689
    1.507500     41.561051   809.005021
    1.515000     41.405934   750.076950
    1.522500     41.270431   717.788588
    1.530000     41.310036   684.296060
    1.537500     41.449560   610.770684
    1.545000     41.549181   545.014990
    1.552500     41.655869   546.998348
    1.560000     41.830548   603.364984
    1.567500     41.980094   681.253559
    1.575000     41.974663   736.092324
    1.582500     41.829586   732.584283
    1.590000     41.626091   709.206193
    1.597500     41.394042   723.402992
    1.605000     41.184067   774.270524
    1.612500     41.086269   837.415754
    1.620000     41.139739   900.080037
    1.627500     41.292248   944.771132
    1.635000     41.435361   961.182586
    1.642500     41.495808   958.675229
    1.650000     41.487779   949.759549
    1.657500     41.465692   918.199267
    1.665000     41.417445   837.729043
    1.672500     41.248783   736.170322
    1.680000     40.915010   658.266108
    1.687500     40.569075   626.808641
    1.695000     40.436858   655.515532
    1.702500     40.547299   737.186164
    1.710000     40.708942   843.296630
    1.717500     40.738435   938.951214
    1.725000     40.682520  1000.816041
    1.732500     40.655038  1026.571014
    1.740000     40.674180  1027.570108
    1.747500     40.687177  1020.886296
    1.755000     40.641715  1015.883625
    1.762500     40.592548   999.639296
    1.770000     40.551784   954.243256
    1.777500     40.453951   889.640508
    1.785000     40.401883   840.760206
    1.792500     40.563144   835.326645
    1.800000     40.925554   874.667773
