#! FIELDS cyl.z file.free uncertainty
#! SET sample_size 189999
#! SET effective_sample_size 259.004
#! SET fundeltaF 22.2215
#! SET blocks_num 3
#! SET blocks_effective_num 1.23806
#! SET min_cyl.z 0.3
#! SET max_cyl.z 1.8
#! SET nbins_cyl.z 201
#! SET periodic_cyl.z false
    0.300000    186.603393     1.755550
    0.307500    171.720920     1.755550
    0.315000    157.901282     1.755550
    0.322500    144.870382     1.755550
    0.330000    132.431309     1.755550
    0.337500    120.696861     1.755550
    0.345000    109.921435     1.755550
    0.352500    100.243209     1.755549
    0.360000     91.621027     1.755535
    0.367500     83.822480     1.755217
    0.375000     76.529562     1.750418
    0.382500     69.630949     1.702940
    0.390000     63.092910     1.408322
    0.397500     56.564905     0.753700
    0.405000     49.894482     1.774346
    0.412500     43.474836     2.714283
    0.420000     37.591624     2.426057
    0.427500     32.305451     1.277935
    0.435000     27.631504     0.804531
    0.442500     23.595297     1.303678
    0.450000     20.189329     1.517262
    0.457500     17.336690     1.465079
    0.465000     14.912173     1.254977
    0.472500     12.773929     0.979175
    0.480000     10.776848     0.840138
    0.487500      8.873592     0.904122
    0.495000      7.161906     1.106939
    0.502500      5.745612     1.279396
    0.510000      4.654152     1.381656
    0.517500      3.797770     1.414186
    0.525000      3.012609     1.334234
    0.532500      2.264786     1.243501
    0.540000      1.602946     1.293766
    0.547500      1.060859     1.429669
    0.555000      0.735668     1.471952
    0.562500      0.599135     1.395429
    0.570000      0.381669     1.335221
    0.577500      0.077931     1.310850
    0.585000      0.000000     1.174438
    0.592500      0.177458     0.918760
    0.600000      0.358978     0.769781
    0.607500      0.473501     0.746797
    0.615000      0.578028     0.698845
    0.622500      0.477863     0.662917
    0.630000      0.164858     0.786716
    0.637500      0.058391     0.827411
    0.645000      0.345444     0.492022
    0.652500      0.727041     0.334570
    0.660000      0.823313     1.056607
    0.667500      0.740590     1.414048
    0.675000      0.714649     1.516593
    0.682500      0.745365     1.623589
    0.690000      0.835206     1.880420
    0.697500      1.076339     2.172032
    0.705000      1.497038     2.352444
    0.712500      2.031205     2.543838
    0.720000      2.618586     2.863426
    0.727500      3.259089     3.311847
    0.735000      3.964486     3.702149
    0.742500      4.694231     3.661134
    0.750000      5.384410     3.167855
    0.757500      6.087175     2.736024
    0.765000      6.895209     2.548332
    0.772500      7.836164     2.367670
    0.780000      8.856609     2.311367
    0.787500      9.790413     2.613555
    0.795000     10.619925     2.919263
    0.802500     11.496102     2.987744
    0.810000     12.379592     3.075793
    0.817500     13.134292     3.527583
    0.825000     13.785089     4.107250
    0.832500     14.445091     4.356182
    0.840000     15.083923     4.356432
    0.847500     15.542946     4.553876
    0.855000     15.854393     5.034350
    0.862500     16.190757     5.557121
    0.870000     16.552232     5.985893
    0.877500     16.793892     6.317977
    0.885000     16.924965     6.576477
    0.892500     17.106183     6.772672
    0.900000     17.383720     7.027811
    0.907500     17.696587     7.439892
    0.915000     17.993897     7.826251
    0.922500     18.276861     8.036068
    0.930000     18.593570     8.275544
    0.937500     18.970429     8.610104
    0.945000     19.372747     8.754794
    0.952500     19.747514     8.627061
    0.960000     20.079367     8.457363
    0.967500     20.406960     8.373326
    0.975000     20.743459     8.422721
    0.982500     21.073194     8.595464
    0.990000     21.435538     8.805641
    0.997500     21.846086     9.011058
    1.005000     22.226928     9.161386
    1.012500     22.564222     9.162545
    1.020000     22.956545     9.043265
    1.027500     23.444484     8.901663
    1.035000     23.953112     8.894772
    1.042500     24.398635     9.130367
    1.050000     24.778970     9.445313
    1.057500     25.145462     9.605523
    1.065000     25.532710     9.697228
    1.072500     25.920178     9.986983
    1.080000     26.269607    10.601678
    1.087500     26.586071    11.401961
    1.095000     26.899768    12.073925
    1.102500     27.220770    12.416440
    1.110000     27.537055    12.482577
    1.117500     27.825983    12.448659
    1.125000     28.078782    12.415290
    1.132500     28.319826    12.421843
    1.140000     28.570314    12.548302
    1.147500     28.809292    12.901554
    1.155000     29.013532    13.578606
    1.162500     29.201357    14.529851
    1.170000     29.402659    15.393936
    1.177500     29.617463    15.857705
    1.185000     29.859278    16.070372
    1.192500     30.194182    16.301805
    1.200000     30.631100    16.461251
    1.207500     31.057556    16.215505
    1.215000     31.366526    15.674488
    1.222500     31.595787    15.382333
    1.230000     31.842723    15.578330
    1.237500     32.130204    16.143587
    1.245000     32.417144    16.658052
    1.252500     32.658337    16.744972
    1.260000     32.863267    16.502069
    1.267500     33.078023    16.174757
    1.275000     33.290738    15.998897
    1.282500     33.439623    16.130606
    1.290000     33.504886    16.410425
    1.297500     33.531618    16.610767
    1.305000     33.558080    16.606053
    1.312500     33.585151    16.314226
    1.320000     33.598698    15.965609
    1.327500     33.573939    15.971240
    1.335000     33.515189    16.257320
    1.342500     33.459332    16.572321
    1.350000     33.430112    16.927986
    1.357500     33.417584    17.196836
    1.365000     33.398221    17.132330
    1.372500     33.373237    16.862890
    1.380000     33.348659    16.703957
    1.387500     33.318091    16.668132
    1.395000     33.295582    16.650190
    1.402500     33.301962    16.674009
    1.410000     33.329184    16.752556
    1.417500     33.346091    16.806140
    1.425000     33.314121    16.765107
    1.432500     33.236253    16.706579
    1.440000     33.169820    16.684372
    1.447500     33.150459    16.599110
    1.455000     33.160350    16.457831
    1.462500     33.162212    16.443254
    1.470000     33.143750    16.578443
    1.477500     33.128612    16.717839
    1.485000     33.135852    16.903626
    1.492500     33.162753    17.196724
    1.500000     33.203841    17.332211
    1.507500     33.246246    17.068507
    1.515000     33.287934    16.612301
    1.522500     33.337248    16.287546
    1.530000     33.377516    16.154244
    1.537500     33.384156    16.197198
    1.545000     33.351202    16.421931
    1.552500     33.310144    16.719744
    1.560000     33.307197    16.963422
    1.567500     33.338676    17.136424
    1.575000     33.344197    17.270575
    1.582500     33.290498    17.292050
    1.590000     33.231363    17.175266
    1.597500     33.231932    17.095646
    1.605000     33.276780    17.114972
    1.612500     33.309823    17.088208
    1.620000     33.302969    17.000466
    1.627500     33.262950    16.947373
    1.635000     33.231382    16.870736
    1.642500     33.241238    16.713613
    1.650000     33.264880    16.580662
    1.657500     33.280019    16.523958
    1.665000     33.306719    16.409506
    1.672500     33.336712    16.246378
    1.680000     33.342926    16.261199
    1.687500     33.311273    16.507605
    1.695000     33.252311    16.817811
    1.702500     33.211098    17.072925
    1.710000     33.199908    17.254497
    1.717500     33.179022    17.372835
    1.725000     33.138978    17.436823
    1.732500     33.110387    17.386600
    1.740000     33.087551    17.298820
    1.747500     33.054340    17.350615
    1.755000     33.046166    17.383324
    1.762500     33.078108    17.261048
    1.770000     33.103678    17.249003
    1.777500     33.103207    17.442325
    1.785000     33.101963    17.579601
    1.792500     33.136300    17.627333
    1.800000     33.274685    17.774423
