#! FIELDS cyl.z file.free uncertainty
#! SET sample_size 14997
#! SET effective_sample_size 31.0759
#! SET fundeltaF 6.79608
#! SET blocks_num 3
#! SET blocks_effective_num 1.33507
#! SET min_cyl.z 0.3
#! SET max_cyl.z 1.8
#! SET nbins_cyl.z 201
#! SET periodic_cyl.z false
    0.300000   1136.218917     1.765764
    0.307500   1082.353882     1.765764
    0.315000   1029.820780     1.765764
    0.322500    978.612306     1.765764
    0.330000    928.725454     1.765764
    0.337500    880.162123     1.765764
    0.345000    832.928528     1.765764
    0.352500    787.033657     1.765764
    0.360000    742.487401     1.765764
    0.367500    699.298936     1.765764
    0.375000    657.475637     1.765764
    0.382500    617.022508     1.765764
    0.390000    577.941979     1.765764
    0.397500    540.233902     1.765764
    0.405000    503.895659     1.765764
    0.412500    468.922391     1.765764
    0.420000    435.307413     1.765764
    0.427500    403.042923     1.765764
    0.435000    372.121076     1.765764
    0.442500    342.535333     1.765764
    0.450000    314.281801     1.765764
    0.457500    287.360170     1.765764
    0.465000    261.773878     1.765764
    0.472500    237.529480     1.765764
    0.480000    214.635469     1.765764
    0.487500    193.101001     1.765764
    0.495000    172.934851     1.765764
    0.502500    154.144754     1.765764
    0.510000    136.737101     1.765764
    0.517500    120.716841     1.765764
    0.525000    106.087417     1.765764
    0.532500     92.850435     1.765763
    0.540000     81.004502     1.765757
    0.547500     70.541623     1.765719
    0.555000     61.436536     1.765450
    0.562500     53.615927     1.763693
    0.570000     46.884591     1.753729
    0.577500     40.859496     1.712894
    0.585000     35.225109     1.611108
    0.592500     30.142506     1.443581
    0.600000     25.941041     1.214693
    0.607500     22.705477     0.936796
    0.615000     20.165002     0.670408
    0.622500     17.655581     0.698809
    0.630000     14.659729     1.686451
    0.637500     11.466431     3.147513
    0.645000      8.570309     4.007083
    0.652500      6.166312     3.575684
    0.660000      4.219680     2.109706
    0.667500      2.692344     0.781407
    0.675000      1.613613     0.719473
    0.682500      0.967355     0.925205
    0.690000      0.608559     0.812524
    0.697500      0.313015     0.613528
    0.705000      0.069611     0.615054
    0.712500      0.000000     0.602105
    0.720000      0.110616     0.678893
    0.727500      0.625470     0.879562
    0.735000      1.871677     1.053146
    0.742500      3.761293     1.138536
    0.750000      5.558071     1.052741
    0.757500      6.926942     0.751526
    0.765000      8.482493     0.685771
    0.772500     10.159397     1.444971
    0.780000     10.746966     1.201809
    0.787500      9.773192     0.600886
    0.795000      8.327972     0.786453
    0.802500      7.410752     0.873196
    0.810000      7.500095     0.745892
    0.817500      8.608473     0.415224
    0.825000      9.968577     0.860500
    0.832500     10.112930     1.867281
    0.840000      9.569421     2.295991
    0.847500      9.172741     2.531750
    0.855000      8.860011     2.477333
    0.862500      8.524482     2.285288
    0.870000      8.172511     2.383714
    0.877500      7.940776     2.730257
    0.885000      8.040967     3.418341
    0.892500      8.388812     4.517979
    0.900000      8.570395     5.341924
    0.907500      8.415531     5.382092
    0.915000      8.088908     5.143695
    0.922500      7.889790     5.470495
    0.930000      8.081303     7.188803
    0.937500      8.541594    10.391883
    0.945000      8.870352    12.635052
    0.952500      8.985957    12.079899
    0.960000      9.128911    10.972894
    0.967500      9.475176    11.299778
    0.975000     10.047235    12.520174
    0.982500     10.687641    12.805007
    0.990000     11.169945    11.444578
    0.997500     11.418483     9.930946
    1.005000     11.550368     9.618780
    1.012500     11.702153    10.197641
    1.020000     11.917068    10.605826
    1.027500     12.160718    10.630706
    1.035000     12.433758    11.277280
    1.042500     12.846036    12.527251
    1.050000     13.347024    12.413379
    1.057500     13.666417    10.214292
    1.065000     13.822867     9.017862
    1.072500     14.004415    10.218701
    1.080000     14.233929    11.828343
    1.087500     14.558813    11.944002
    1.095000     14.900208    10.891727
    1.102500     15.100542    10.182282
    1.110000     15.266718    10.186476
    1.117500     15.500288    10.585615
    1.125000     15.702869    11.454765
    1.132500     15.817308    11.890197
    1.140000     15.964678    11.094510
    1.147500     16.270373    10.164825
    1.155000     16.681322    10.313411
    1.162500     16.989302    11.798644
    1.170000     17.132746    14.075552
    1.177500     17.276203    15.646731
    1.185000     17.541170    15.258562
    1.192500     17.865959    13.540461
    1.200000     18.090860    12.521827
    1.207500     18.249657    12.923135
    1.215000     18.568274    13.462299
    1.222500     19.074753    12.703007
    1.230000     19.553212    11.065984
    1.237500     19.858517    10.051227
    1.245000     19.967177    10.200390
    1.252500     19.963283    11.258301
    1.260000     19.969961    12.261226
    1.267500     19.977169    12.580955
    1.275000     20.001433    12.655267
    1.282500     20.138995    12.705554
    1.290000     20.389860    12.272486
    1.297500     20.654785    11.499068
    1.305000     20.887630    11.122016
    1.312500     21.052060    10.948253
    1.320000     21.025504    10.377538
    1.327500     20.812785     9.641582
    1.335000     20.564791     8.987536
    1.342500     20.357801     8.405865
    1.350000     20.197492     8.077746
    1.357500     20.136480     8.042782
    1.365000     20.217882     8.233766
    1.372500     20.329531     8.473977
    1.380000     20.336558     8.564644
    1.387500     20.288056     8.520443
    1.395000     20.267230     8.638882
    1.402500     20.282103     9.605132
    1.410000     20.286817    11.494435
    1.417500     20.221020    13.053012
    1.425000     20.090954    13.402767
    1.432500     20.003942    12.673553
    1.440000     20.034030    11.574202
    1.447500     20.089529    11.355360
    1.455000     20.104089    12.166193
    1.462500     20.130719    12.438839
    1.470000     20.146355    12.042929
    1.477500     20.105648    12.201127
    1.485000     20.040632    12.437901
    1.492500     19.997665    11.772133
    1.500000     20.034731    10.898618
    1.507500     20.204564    10.671979
    1.515000     20.407542    10.794562
    1.522500     20.446217    10.660256
    1.530000     20.378404    10.514140
    1.537500     20.379743    10.828506
    1.545000     20.461505    11.373469
    1.552500     20.605884    11.615428
    1.560000     20.735217    11.384723
    1.567500     20.698833    11.254285
    1.575000     20.577959    11.430125
    1.582500     20.524382    11.350236
    1.590000     20.504902    11.078910
    1.597500     20.517340    11.085159
    1.605000     20.649056    10.866045
    1.612500     20.763173     9.857095
    1.620000     20.613024     9.233237
    1.627500     20.369085     9.596286
    1.635000     20.279395    10.220243
    1.642500     20.279612    10.803246
    1.650000     20.248073    11.299934
    1.657500     20.200998    11.679218
    1.665000     20.149372    12.447256
    1.672500     20.069553    13.726859
    1.680000     19.922810    14.710425
    1.687500     19.741579    15.167544
    1.695000     19.615909    15.847933
    1.702500     19.570354    17.076652
    1.710000     19.609506    18.281906
    1.717500     19.762359    18.243453
    1.725000     19.975614    15.798686
    1.732500     20.080265    12.479636
    1.740000     20.127495    11.178347
    1.747500     20.221984    11.545369
    1.755000     20.225991    12.062594
    1.762500     20.109671    12.044730
    1.770000     19.955382    12.192990
    1.777500     19.733456    13.372531
    1.785000     19.525439    14.540836
    1.792500     19.505044    14.722723
    1.800000     19.695927    14.722088
