#! FIELDS cyl.z file.free uncertainty
#! SET sample_size 189999
#! SET effective_sample_size 386.084
#! SET fundeltaF 24.8301
#! SET blocks_num 3
#! SET blocks_effective_num 1.79085
#! SET min_cyl.z 0.3
#! SET max_cyl.z 1.8
#! SET nbins_cyl.z 201
#! SET periodic_cyl.z false
    0.300000    186.773110     1.930427
    0.307500    170.308413     1.929977
    0.315000    155.215593     1.928571
    0.322500    141.463389     1.924271
    0.330000    128.984897     1.911758
    0.337500    117.653417     1.878902
    0.345000    107.280014     1.806690
    0.352500     97.675035     1.680731
    0.360000     88.722571     1.502609
    0.367500     80.379606     1.286969
    0.375000     72.683635     1.061260
    0.382500     65.743618     0.860150
    0.390000     59.599138     0.716290
    0.397500     54.026721     0.638894
    0.405000     48.532026     0.537121
    0.412500     42.992881     0.311703
    0.420000     37.812618     0.410126
    0.427500     33.139739     0.909352
    0.435000     28.823895     1.222055
    0.442500     24.835894     1.140237
    0.450000     21.294123     0.822032
    0.457500     18.211458     0.488225
    0.465000     15.488241     0.301852
    0.472500     13.040335     0.267079
    0.480000     10.854559     0.271920
    0.487500      8.937096     0.273410
    0.495000      7.267161     0.262190
    0.502500      5.839962     0.260429
    0.510000      4.659177     0.262918
    0.517500      3.686511     0.260536
    0.525000      2.881628     0.293437
    0.532500      2.256603     0.366343
    0.540000      1.839441     0.351710
    0.547500      1.553543     0.291032
    0.555000      1.206445     0.281634
    0.562500      0.757025     0.321564
    0.570000      0.329265     0.335188
    0.577500      0.039766     0.277906
    0.585000      0.000000     0.282039
    0.592500      0.197299     0.418273
    0.600000      0.445530     0.450268
    0.607500      0.524982     0.302793
    0.615000      0.409353     0.255837
    0.622500      0.325624     0.254591
    0.630000      0.433871     0.247659
    0.637500      0.725551     0.280157
    0.645000      1.162332     0.193985
    0.652500      1.674432     0.109713
    0.660000      2.182132     0.276331
    0.667500      2.650306     0.556779
    0.675000      3.063413     0.922141
    0.682500      3.453620     1.286611
    0.690000      3.947342     1.722445
    0.697500      4.648299     2.497649
    0.705000      5.424810     3.573633
    0.712500      6.071520     4.115273
    0.720000      6.661869     3.747647
    0.727500      7.343705     3.317580
    0.735000      8.116400     3.573379
    0.742500      8.969405     4.344916
    0.750000      9.920078     4.952145
    0.757500     10.893927     4.844809
    0.765000     11.843160     4.296231
    0.772500     12.826326     4.107330
    0.780000     13.800742     4.407942
    0.787500     14.704314     4.665131
    0.795000     15.626149     4.543663
    0.802500     16.594522     4.297899
    0.810000     17.589599     4.387866
    0.817500     18.566214     4.518749
    0.825000     19.343222     4.175062
    0.832500     19.853859     4.193721
    0.840000     20.196950     4.980150
    0.847500     20.427903     5.717431
    0.855000     20.580937     6.067582
    0.862500     20.735422     6.301544
    0.870000     20.961204     6.573477
    0.877500     21.248108     6.737404
    0.885000     21.549224     6.601338
    0.892500     21.824039     6.402952
    0.900000     22.036379     6.614547
    0.907500     22.205101     7.203661
    0.915000     22.398761     7.657770
    0.922500     22.623053     7.746494
    0.930000     22.834996     7.638011
    0.937500     23.050728     7.525113
    0.945000     23.288656     7.653629
    0.952500     23.533649     8.095853
    0.960000     23.828097     8.392284
    0.967500     24.207175     8.256816
    0.975000     24.601431     8.096876
    0.982500     24.945491     8.227055
    0.990000     25.301985     8.222269
    0.997500     25.753718     7.768293
    1.005000     26.264095     7.402299
    1.012500     26.738199     7.924784
    1.020000     27.131175     9.047501
    1.027500     27.489485     9.531322
    1.035000     27.895132     9.091127
    1.042500     28.333349     8.556239
    1.050000     28.710974     8.446444
    1.057500     29.015997     8.527290
    1.065000     29.331169     8.426179
    1.072500     29.714739     8.159088
    1.080000     30.114641     8.073921
    1.087500     30.433866     8.256893
    1.095000     30.674201     8.540800
    1.102500     30.914876     8.944087
    1.110000     31.176557     9.490582
    1.117500     31.416160    10.059825
    1.125000     31.631316    10.481797
    1.132500     31.863878    10.649538
    1.140000     32.128291    10.646346
    1.147500     32.420901    10.628987
    1.155000     32.734496    10.665202
    1.162500     33.026273    10.833164
    1.170000     33.284153    11.099816
    1.177500     33.532655    11.296152
    1.185000     33.757389    11.415357
    1.192500     33.982000    11.682611
    1.200000     34.263031    12.235760
    1.207500     34.588001    12.933751
    1.215000     34.911640    13.435904
    1.222500     35.246405    13.505407
    1.230000     35.607422    13.195748
    1.237500     35.940095    12.702615
    1.245000     36.212192    12.314783
    1.252500     36.453183    12.163237
    1.260000     36.663557    12.142483
    1.267500     36.803844    12.210278
    1.275000     36.886345    12.248639
    1.282500     36.971323    12.112039
    1.290000     37.058219    11.831706
    1.297500     37.101471    11.479107
    1.305000     37.100669    11.153258
    1.312500     37.075868    11.045836
    1.320000     37.031160    11.201917
    1.327500     36.977346    11.397461
    1.335000     36.938618    11.453288
    1.342500     36.912374    11.321693
    1.350000     36.866280    10.963031
    1.357500     36.810426    10.552308
    1.365000     36.776758    10.426952
    1.372500     36.742942    10.658667
    1.380000     36.682612    10.929067
    1.387500     36.615442    10.983609
    1.395000     36.561513    10.884035
    1.402500     36.534608    10.729684
    1.410000     36.550955    10.479327
    1.417500     36.598019    10.193690
    1.425000     36.648448    10.112661
    1.432500     36.694497    10.275098
    1.440000     36.724055    10.477283
    1.447500     36.722321    10.606374
    1.455000     36.710634    10.693314
    1.462500     36.710480    10.755965
    1.470000     36.712908    10.772578
    1.477500     36.712686    10.772358
    1.485000     36.715406    10.740535
    1.492500     36.723940    10.641271
    1.500000     36.731418    10.611848
    1.507500     36.726441    10.780652
    1.515000     36.720701    11.007033
    1.522500     36.731350    11.052397
    1.530000     36.736212    10.920050
    1.537500     36.716715    10.816892
    1.545000     36.699483    10.897028
    1.552500     36.709655    11.090831
    1.560000     36.738269    11.157667
    1.567500     36.766711    10.938495
    1.575000     36.785195    10.531576
    1.582500     36.776935    10.248290
    1.590000     36.730789    10.375542
    1.597500     36.667865    10.757249
    1.605000     36.626867    10.979594
    1.612500     36.625364    10.992956
    1.620000     36.631484    11.008816
    1.627500     36.607827    11.070281
    1.635000     36.577028    11.111425
    1.642500     36.572858    11.136352
    1.650000     36.562253    11.104400
    1.657500     36.509819    10.927743
    1.665000     36.470890    10.713323
    1.672500     36.501311    10.669729
    1.680000     36.555820    10.803100
    1.687500     36.575192    10.933662
    1.695000     36.572949    10.904593
    1.702500     36.565461    10.794270
    1.710000     36.528825    10.853283
    1.717500     36.480372    10.915622
    1.725000     36.467953    10.649229
    1.732500     36.475294    10.288397
    1.740000     36.488853    10.190755
    1.747500     36.536224    10.275334
    1.755000     36.596765    10.301384
    1.762500     36.617090    10.220802
    1.770000     36.584148    10.178624
    1.777500     36.519963    10.214157
    1.785000     36.468862    10.291134
    1.792500     36.493303    10.416115
    1.800000     36.651537    10.508515
