#! FIELDS cyl.z file.free uncertainty
#! SET sample_size 89997
#! SET effective_sample_size 372.469
#! SET fundeltaF 21.442
#! SET blocks_num 3
#! SET blocks_effective_num 2.75603
#! SET min_cyl.z 0.3
#! SET max_cyl.z 1.8
#! SET nbins_cyl.z 201
#! SET periodic_cyl.z false
    0.300000    118.973925     2.783923
    0.307500    109.047973     2.783336
    0.315000    100.507453     2.782581
    0.322500     93.336369     2.781634
    0.330000     87.488070     2.780551
    0.337500     82.827410     2.779684
    0.345000     78.994801     2.780072
    0.352500     75.112602     2.782740
    0.360000     68.941125     2.785423
    0.367500     60.753802     2.785807
    0.375000     53.249935     2.785767
    0.382500     47.062942     2.785512
    0.390000     42.265075     2.783974
    0.397500     38.851977     2.767577
    0.405000     36.638480     2.520134
    0.412500     33.823069     1.003413
    0.420000     28.286542     1.608618
    0.427500     22.911744     1.820185
    0.435000     18.701933     1.865090
    0.442500     15.664398     1.853597
    0.450000     13.627265     1.786921
    0.457500     12.227705     1.643866
    0.465000     10.908211     1.447050
    0.472500      9.398243     1.309331
    0.480000      7.964385     1.258275
    0.487500      6.692271     1.273431
    0.495000      5.338550     1.357029
    0.502500      3.948824     1.449718
    0.510000      2.836248     1.486616
    0.517500      2.125302     1.456036
    0.525000      1.739701     1.343048
    0.532500      1.478026     1.096622
    0.540000      1.151188     0.729403
    0.547500      0.791768     0.377397
    0.555000      0.483973     0.119734
    0.562500      0.237324     0.091969
    0.570000      0.070128     0.260198
    0.577500      0.000000     0.378854
    0.585000      0.079479     0.488474
    0.592500      0.396124     0.561634
    0.600000      0.899259     0.577198
    0.607500      1.430218     0.587813
    0.615000      2.010458     0.625493
    0.622500      2.664373     0.599453
    0.630000      3.104918     0.438220
    0.637500      3.272897     0.301638
    0.645000      3.524840     0.346458
    0.652500      3.862168     0.505498
    0.660000      4.140479     0.629194
    0.667500      4.602400     0.733307
    0.675000      5.404619     0.735892
    0.682500      6.196908     0.553707
    0.690000      6.633457     0.407377
    0.697500      6.905217     0.427486
    0.705000      7.088657     0.516866
    0.712500      7.237602     0.564587
    0.720000      7.649825     0.682454
    0.727500      8.314391     0.774978
    0.735000      8.729820     0.643302
    0.742500      8.736732     0.430451
    0.750000      8.689014     0.371910
    0.757500      8.620110     0.489310
    0.765000      8.445507     0.689997
    0.772500      8.379820     0.885246
    0.780000      8.583399     1.225010
    0.787500      8.937376     1.705275
    0.795000      9.285872     1.983150
    0.802500      9.628236     1.947816
    0.810000     10.041536     1.849940
    0.817500     10.559432     1.951299
    0.825000     11.163241     2.231659
    0.832500     11.900183     2.441673
    0.840000     12.806684     2.479794
    0.847500     13.793745     2.410305
    0.855000     14.743238     2.275432
    0.862500     15.544066     2.101076
    0.870000     16.139930     2.022395
    0.877500     16.786520     1.999952
    0.885000     17.635524     1.824497
    0.892500     18.457074     1.531522
    0.900000     19.214771     1.467762
    0.907500     20.001031     1.699007
    0.915000     20.471416     2.105245
    0.922500     20.677109     2.333193
    0.930000     21.167333     2.267554
    0.937500     21.996295     2.003550
    0.945000     22.806331     1.748589
    0.952500     23.411830     1.631725
    0.960000     23.856202     1.609963
    0.967500     24.178707     1.645525
    0.975000     24.411015     1.674694
    0.982500     24.546248     1.639903
    0.990000     24.614404     1.548983
    0.997500     24.771272     1.491340
    1.005000     25.142982     1.519800
    1.012500     25.624674     1.575402
    1.020000     25.964574     1.606457
    1.027500     26.111762     1.628972
    1.035000     26.219973     1.637881
    1.042500     26.404269     1.650283
    1.050000     26.680832     1.685770
    1.057500     26.988214     1.733863
    1.065000     27.313347     1.771841
    1.072500     27.699893     1.767376
    1.080000     28.060705     1.706476
    1.087500     28.299017     1.637630
    1.095000     28.523257     1.617325
    1.102500     28.823029     1.663501
    1.110000     29.130432     1.751094
    1.117500     29.386358     1.788923
    1.125000     29.600874     1.696306
    1.132500     29.767926     1.521585
    1.140000     29.902002     1.396260
    1.147500     30.001603     1.376236
    1.155000     30.026733     1.405536
    1.162500     30.034692     1.433030
    1.170000     30.140539     1.509035
    1.177500     30.392741     1.638394
    1.185000     30.726999     1.751406
    1.192500     30.984692     1.825362
    1.200000     31.115399     1.886407
    1.207500     31.262629     1.919619
    1.215000     31.518880     1.892296
    1.222500     31.811139     1.819124
    1.230000     32.030979     1.714385
    1.237500     32.142144     1.582115
    1.245000     32.197465     1.489824
    1.252500     32.289231     1.445712
    1.260000     32.398155     1.396521
    1.267500     32.474963     1.345977
    1.275000     32.618348     1.356333
    1.282500     32.810958     1.484720
    1.290000     32.873387     1.632489
    1.297500     32.888681     1.604753
    1.305000     33.001726     1.398394
    1.312500     33.103228     1.170321
    1.320000     33.002423     1.097354
    1.327500     32.697449     1.245965
    1.335000     32.420711     1.534987
    1.342500     32.385041     1.797961
    1.350000     32.613436     1.887004
    1.357500     32.912803     1.767584
    1.365000     33.024990     1.596342
    1.372500     32.934271     1.546717
    1.380000     32.824600     1.555676
    1.387500     32.831976     1.504941
    1.395000     32.951582     1.459408
    1.402500     33.069550     1.548768
    1.410000     33.054663     1.700116
    1.417500     32.900744     1.655107
    1.425000     32.735208     1.441583
    1.432500     32.734148     1.301520
    1.440000     32.922346     1.305137
    1.447500     33.126748     1.355039
    1.455000     33.318887     1.282817
    1.462500     33.573078     1.074228
    1.470000     33.736172     0.939367
    1.477500     33.672355     1.010081
    1.485000     33.544030     1.114039
    1.492500     33.527247     1.135846
    1.500000     33.606566     1.145326
    1.507500     33.659130     1.169363
    1.515000     33.659531     1.153217
    1.522500     33.729510     1.095862
    1.530000     33.903656     1.021013
    1.537500     34.004462     1.010698
    1.545000     33.863446     1.134522
    1.552500     33.597224     1.271933
    1.560000     33.420049     1.331235
    1.567500     33.347176     1.313499
    1.575000     33.302046     1.179725
    1.582500     33.280308     0.939083
    1.590000     33.296655     0.753957
    1.597500     33.342051     0.682897
    1.605000     33.409680     0.699445
    1.612500     33.500982     0.771062
    1.620000     33.608249     0.743022
    1.627500     33.738151     0.605814
    1.635000     33.848819     0.497424
    1.642500     33.786130     0.483664
    1.650000     33.600311     0.551684
    1.657500     33.492420     0.598359
    1.665000     33.488273     0.592008
    1.672500     33.531122     0.623034
    1.680000     33.623880     0.705735
    1.687500     33.765069     0.746763
    1.695000     33.866805     0.697649
    1.702500     33.854072     0.605901
    1.710000     33.767602     0.579967
    1.717500     33.669633     0.608282
    1.725000     33.617023     0.568921
    1.732500     33.655682     0.453285
    1.740000     33.757207     0.303627
    1.747500     33.846260     0.140527
    1.755000     33.855562     0.071546
    1.762500     33.756805     0.208601
    1.770000     33.592690     0.384792
    1.777500     33.449650     0.465273
    1.785000     33.371237     0.450563
    1.792500     33.345074     0.416985
    1.800000     33.379190     0.415965
