#! FIELDS cyl.z file.free uncertainty
#! SET sample_size 189999
#! SET effective_sample_size 66.7697
#! SET fundeltaF 26.3141
#! SET blocks_num 3
#! SET blocks_effective_num 1.2837
#! SET min_cyl.z 0.3
#! SET max_cyl.z 1.8
#! SET nbins_cyl.z 201
#! SET periodic_cyl.z false
    0.300000    112.675149     1.165434
    0.307500    103.829727     1.029704
    0.315000     95.510434     0.896787
    0.322500     88.026129     0.762005
    0.330000     81.587983     0.630176
    0.337500     76.249224     0.679503
    0.345000     71.943902     1.199005
    0.352500     68.542077     2.019054
    0.360000     65.905208     3.026040
    0.367500     63.706817     4.614192
    0.375000     60.380147     6.496670
    0.382500     54.648159     5.473105
    0.390000     47.864582     1.962002
    0.397500     40.392792     0.665463
    0.405000     33.275828     1.306446
    0.412500     27.246707     1.466630
    0.420000     22.473801     1.531711
    0.427500     18.957737     1.560391
    0.435000     16.641020     1.537882
    0.442500     15.320511     1.386537
    0.450000     14.160133     1.079173
    0.457500     11.916216     0.971160
    0.465000      9.370655     0.962956
    0.472500      7.481844     0.915837
    0.480000      6.206120     0.838355
    0.487500      4.995387     0.864728
    0.495000      3.546948     1.015943
    0.502500      2.246120     1.125634
    0.510000      1.473121     1.127396
    0.517500      1.275990     1.018635
    0.525000      1.266516     0.840049
    0.532500      0.814021     0.790094
    0.540000      0.170294     0.817462
    0.547500      0.000000     0.693450
    0.555000      0.356788     0.353948
    0.562500      0.780161     0.044682
    0.570000      1.039271     0.307377
    0.577500      1.375064     0.572099
    0.585000      1.876228     0.935590
    0.592500      2.441618     1.345630
    0.600000      2.919599     1.620082
    0.607500      3.285631     1.606175
    0.615000      3.733158     1.519704
    0.622500      4.315542     1.601189
    0.630000      4.935558     1.990946
    0.637500      5.570861     2.691279
    0.645000      6.234186     3.442545
    0.652500      6.914640     3.899814
    0.660000      7.432633     3.567747
    0.667500      7.630068     2.533925
    0.675000      7.687792     1.772698
    0.682500      7.790696     1.565094
    0.690000      8.024161     1.610684
    0.697500      8.447759     1.739464
    0.705000      8.956239     1.904099
    0.712500      9.546157     2.099738
    0.720000     10.460581     2.520016
    0.727500     11.691405     3.395569
    0.735000     12.875933     4.663882
    0.742500     13.701801     5.706753
    0.750000     14.234983     6.425172
    0.757500     14.726954     7.671285
    0.765000     15.255133     9.346972
    0.772500     15.751794    10.275784
    0.780000     16.153797    10.075433
    0.787500     16.471294     9.579213
    0.795000     16.769011     9.209956
    0.802500     17.128373     9.076136
    0.810000     17.623651     9.502234
    0.817500     18.213764    10.468282
    0.825000     18.791348    11.257742
    0.832500     19.396178    11.370951
    0.840000     20.178858    11.109503
    0.847500     21.140256    10.810336
    0.855000     22.062560    10.490705
    0.862500     22.814560    10.021826
    0.870000     23.444049     9.409312
    0.877500     23.948936     8.862365
    0.885000     24.388012     8.372892
    0.892500     24.902549     7.773398
    0.900000     25.534418     7.592015
    0.907500     26.201275     8.436983
    0.915000     26.671781     9.313062
    0.922500     26.880741     8.852064
    0.930000     27.188039     8.062358
    0.937500     27.835547     7.770395
    0.945000     28.676263     8.178189
    0.952500     29.330758     8.798873
    0.960000     29.609728     8.633022
    0.967500     29.744258     8.189861
    0.975000     29.949076     8.192441
    0.982500     30.153084     9.049406
    0.990000     30.086630    11.120569
    0.997500     29.789991    13.335571
    1.005000     29.788051    14.213727
    1.012500     30.364708    13.555986
    1.020000     31.252165    11.866996
    1.027500     31.960556    10.567919
    1.035000     32.409590    10.274012
    1.042500     32.788274    10.543716
    1.050000     33.167609    10.845116
    1.057500     33.527630    10.940306
    1.065000     33.844559    10.904651
    1.072500     34.129848    10.904280
    1.080000     34.410676    10.941432
    1.087500     34.690610    10.877497
    1.095000     34.961523    10.652949
    1.102500     35.264311    10.459421
    1.110000     35.631508    10.590398
    1.117500     35.992213    10.971015
    1.125000     36.267250    11.178007
    1.132500     36.454657    11.200794
    1.140000     36.581761    11.211238
    1.147500     36.714320    11.227283
    1.155000     36.919354    11.220781
    1.162500     37.182607    11.210674
    1.170000     37.432654    11.251832
    1.177500     37.594337    11.290090
    1.185000     37.648399    11.242620
    1.192500     37.669538    11.116351
    1.200000     37.737473    10.991806
    1.207500     37.869736    10.907108
    1.215000     38.043309    10.816312
    1.222500     38.231234    10.748058
    1.230000     38.418969    10.781191
    1.237500     38.576004    10.830817
    1.245000     38.662907    10.825700
    1.252500     38.664090    10.855103
    1.260000     38.602758    10.950700
    1.267500     38.570435    11.061909
    1.275000     38.655210    11.180592
    1.282500     38.781946    11.279798
    1.290000     38.863846    11.313161
    1.297500     38.998540    11.322585
    1.305000     39.202927    11.308658
    1.312500     39.341666    11.196840
    1.320000     39.352377    11.032148
    1.327500     39.255796    10.969225
    1.335000     39.119879    11.090300
    1.342500     39.035585    11.297077
    1.350000     39.056082    11.445426
    1.357500     39.179569    11.475844
    1.365000     39.343382    11.392156
    1.372500     39.482992    11.253930
    1.380000     39.577637    11.197618
    1.387500     39.644382    11.330524
    1.395000     39.717673    11.527390
    1.402500     39.783996    11.550741
    1.410000     39.717995    11.380210
    1.417500     39.502908    11.286162
    1.425000     39.307725    11.437003
    1.432500     39.179220    11.724442
    1.440000     39.131498    11.934437
    1.447500     39.217461    12.065223
    1.455000     39.353098    12.247769
    1.462500     39.436935    12.310699
    1.470000     39.490361    11.992567
    1.477500     39.533294    11.581487
    1.485000     39.606354    11.326746
    1.492500     39.695926    11.107278
    1.500000     39.664547    10.955174
    1.507500     39.516869    10.929607
    1.515000     39.350183    11.008302
    1.522500     39.199250    11.115179
    1.530000     39.099181    11.089214
    1.537500     39.044010    10.915943
    1.545000     39.009582    10.789691
    1.552500     39.001044    10.724883
    1.560000     39.005261    10.487118
    1.567500     39.037919    10.088958
    1.575000     39.154167     9.824770
    1.582500     39.279839     9.921241
    1.590000     39.294606    10.192175
    1.597500     39.238566    10.302508
    1.605000     39.176836    10.331326
    1.612500     39.117861    10.395461
    1.620000     39.068813    10.502039
    1.627500     39.005062    10.569122
    1.635000     38.851505    10.370065
    1.642500     38.643039    10.044227
    1.650000     38.548523     9.909218
    1.657500     38.605065     9.958223
    1.665000     38.660232    10.120014
    1.672500     38.672037    10.338891
    1.680000     38.735756    10.477389
    1.687500     38.804695    10.571290
    1.695000     38.782524    10.773996
    1.702500     38.739231    11.004684
    1.710000     38.758362    11.153357
    1.717500     38.807843    11.101755
    1.725000     38.851141    10.753328
    1.732500     38.926508    10.241043
    1.740000     39.040102     9.880057
    1.747500     39.131365     9.950476
    1.755000     39.193682    10.198966
    1.762500     39.239031    10.161417
    1.770000     39.255231    10.011115
    1.777500     39.250307    10.187364
    1.785000     39.237768    10.519095
    1.792500     39.269630    10.590667
    1.800000     39.468367    10.318024
