#! FIELDS cyl.z file.free uncertainty
#! SET sample_size 189999
#! SET effective_sample_size 1035.73
#! SET fundeltaF 22.5522
#! SET blocks_num 3
#! SET blocks_effective_num 2.51353
#! SET min_cyl.z 0.3
#! SET max_cyl.z 1.8
#! SET nbins_cyl.z 201
#! SET periodic_cyl.z false
    0.300000    110.865858     3.359354
    0.307500    101.056507     3.307981
    0.315000     92.290575     3.296792
    0.322500     84.568420     3.322346
    0.330000     77.928150     3.356583
    0.337500     72.381694     3.346901
    0.345000     67.859636     3.191744
    0.352500     64.175386     2.772800
    0.360000     61.041747     2.283205
    0.367500     58.198326     2.089178
    0.375000     55.417679     1.590975
    0.382500     51.940652     0.023015
    0.390000     46.604151     1.458149
    0.397500     40.012635     1.770759
    0.405000     33.332675     1.739456
    0.412500     27.246476     1.652199
    0.420000     22.078396     1.546842
    0.427500     17.926328     1.440120
    0.435000     14.757665     1.356796
    0.442500     12.415821     1.321057
    0.450000     10.594787     1.315772
    0.457500      8.962768     1.263683
    0.465000      7.446149     1.167211
    0.472500      6.168631     1.108579
    0.480000      5.147520     1.090101
    0.487500      4.306140     1.086470
    0.495000      3.632007     1.062520
    0.502500      3.104096     0.996531
    0.510000      2.632357     0.859561
    0.517500      2.163065     0.624819
    0.525000      1.691002     0.372819
    0.532500      1.228174     0.191324
    0.540000      0.788682     0.078151
    0.547500      0.388377     0.063766
    0.555000      0.101750     0.123164
    0.562500      0.000000     0.178349
    0.570000      0.051772     0.196548
    0.577500      0.200806     0.201689
    0.585000      0.469428     0.185117
    0.592500      0.868994     0.138582
    0.600000      1.314402     0.204861
    0.607500      1.683556     0.279209
    0.615000      1.984208     0.251779
    0.622500      2.363608     0.236872
    0.630000      2.833295     0.281641
    0.637500      3.239166     0.331807
    0.645000      3.617897     0.395163
    0.652500      4.162321     0.508244
    0.660000      4.878172     0.653139
    0.667500      5.624972     0.729860
    0.675000      6.311233     0.761376
    0.682500      6.826578     0.890229
    0.690000      7.150646     1.039266
    0.697500      7.503591     1.012555
    0.705000      7.957849     0.841872
    0.712500      8.394632     0.689802
    0.720000      8.768599     0.669826
    0.727500      9.122043     0.721222
    0.735000      9.532689     0.710252
    0.742500     10.025602     0.699960
    0.750000     10.416575     0.826798
    0.757500     10.557206     0.982956
    0.765000     10.643210     1.112214
    0.772500     10.889772     1.177991
    0.780000     11.309451     1.112098
    0.787500     11.833740     0.990803
    0.795000     12.407280     0.947945
    0.802500     12.968643     0.980523
    0.810000     13.443209     1.026816
    0.817500     13.844201     1.081164
    0.825000     14.289039     1.136195
    0.832500     14.846852     1.134097
    0.840000     15.507334     1.074842
    0.847500     16.253987     1.052639
    0.855000     17.010289     1.131159
    0.862500     17.590525     1.317608
    0.870000     18.013165     1.447631
    0.877500     18.539781     1.400020
    0.885000     19.280756     1.314959
    0.892500     20.093065     1.059748
    0.900000     20.758058     0.586066
    0.907500     21.239482     0.328998
    0.915000     21.638995     0.478610
    0.922500     22.057201     0.836953
    0.930000     22.553581     1.031392
    0.937500     23.032670     1.009398
    0.945000     23.443696     1.042892
    0.952500     23.952008     1.104410
    0.960000     24.565005     1.120155
    0.967500     25.086590     1.102440
    0.975000     25.466030     1.047522
    0.982500     25.789942     1.019591
    0.990000     26.110327     1.076684
    0.997500     26.418612     1.112638
    1.005000     26.708897     1.037592
    1.012500     27.017279     0.932819
    1.020000     27.339464     0.936162
    1.027500     27.612453     1.048958
    1.035000     27.881550     1.135419
    1.042500     28.252682     1.130260
    1.050000     28.656831     1.079289
    1.057500     28.959149     1.064900
    1.065000     29.216988     1.072078
    1.072500     29.531437     1.049277
    1.080000     29.879627     1.010018
    1.087500     30.185559     0.994821
    1.095000     30.407885     1.030925
    1.102500     30.587443     1.090077
    1.110000     30.812171     1.110149
    1.117500     31.074241     1.087829
    1.125000     31.260863     1.023882
    1.132500     31.361619     0.950919
    1.140000     31.507902     0.912123
    1.147500     31.777665     0.905352
    1.155000     32.110180     0.894486
    1.162500     32.396150     0.869565
    1.170000     32.604600     0.858135
    1.177500     32.764614     0.859585
    1.185000     32.865886     0.859029
    1.192500     32.872133     0.887581
    1.200000     32.844136     0.966292
    1.207500     32.902879     1.017906
    1.215000     33.070967     0.985249
    1.222500     33.265610     0.912478
    1.230000     33.420548     0.865662
    1.237500     33.579775     0.857970
    1.245000     33.754731     0.881146
    1.252500     33.830182     0.920114
    1.260000     33.832626     0.935982
    1.267500     33.927001     0.940711
    1.275000     34.075493     0.985845
    1.282500     34.114575     1.021543
    1.290000     34.049443     0.998352
    1.297500     33.986196     0.944085
    1.305000     34.003027     0.844406
    1.312500     34.117294     0.720381
    1.320000     34.220451     0.640202
    1.327500     34.170499     0.630130
    1.335000     34.004397     0.640960
    1.342500     33.909356     0.613669
    1.350000     33.982571     0.540648
    1.357500     34.146685     0.457565
    1.365000     34.320675     0.391954
    1.372500     34.500756     0.344643
    1.380000     34.609929     0.321876
    1.387500     34.557883     0.330031
    1.395000     34.450028     0.362045
    1.402500     34.435009     0.430686
    1.410000     34.502772     0.484619
    1.417500     34.586641     0.483071
    1.425000     34.692022     0.458663
    1.432500     34.816766     0.421657
    1.440000     34.930011     0.438283
    1.447500     35.003511     0.539773
    1.455000     34.958552     0.563028
    1.462500     34.762981     0.482293
    1.470000     34.558023     0.440793
    1.477500     34.496614     0.471155
    1.485000     34.571201     0.551380
    1.492500     34.653309     0.694777
    1.500000     34.656127     0.853992
    1.507500     34.630982     0.923542
    1.515000     34.667523     0.892103
    1.522500     34.798534     0.865004
    1.530000     34.971824     0.894661
    1.537500     35.042935     0.943288
    1.545000     34.955834     0.957638
    1.552500     34.801441     0.919003
    1.560000     34.614419     0.818724
    1.567500     34.394934     0.634465
    1.575000     34.217626     0.481966
    1.582500     34.162246     0.511879
    1.590000     34.235550     0.625340
    1.597500     34.386992     0.743789
    1.605000     34.543760     0.859835
    1.612500     34.665418     0.930523
    1.620000     34.726117     0.908657
    1.627500     34.694088     0.838962
    1.635000     34.627508     0.827541
    1.642500     34.652263     0.850801
    1.650000     34.806647     0.799977
    1.657500     34.933945     0.717501
    1.665000     34.820512     0.725164
    1.672500     34.518063     0.815004
    1.680000     34.285184     0.892203
    1.687500     34.281684     0.880201
    1.695000     34.470676     0.776535
    1.702500     34.680172     0.682009
    1.710000     34.799340     0.675452
    1.717500     34.860383     0.661338
    1.725000     34.876716     0.565914
    1.732500     34.799490     0.486540
    1.740000     34.644127     0.476473
    1.747500     34.539724     0.501274
    1.755000     34.583304     0.565915
    1.762500     34.698862     0.664890
    1.770000     34.780002     0.758603
    1.777500     34.885631     0.835422
    1.785000     35.066717     0.905445
    1.792500     35.176458     0.938435
    1.800000     35.149904     0.904848
