#! FIELDS cyl.z file.free uncertainty
#! SET sample_size 89997
#! SET effective_sample_size 57.2572
#! SET fundeltaF 29.4461
#! SET blocks_num 3
#! SET blocks_effective_num 1.17233
#! SET min_cyl.z 0.3
#! SET max_cyl.z 1.8
#! SET nbins_cyl.z 201
#! SET periodic_cyl.z false
    0.300000    112.707971     5.060338
    0.307500    103.904967     6.186162
    0.315000     95.592262     5.202344
    0.322500     88.108720     3.637212
    0.330000     81.694826     2.665514
    0.337500     76.418495     2.578446
    0.345000     72.217506     3.627911
    0.352500     68.953559     6.158055
    0.360000     66.492854     9.577860
    0.367500     64.581517    11.331804
    0.375000     61.439933     7.166626
    0.382500     55.328235     6.645296
    0.390000     48.121910     2.254868
    0.397500     40.422608     1.001482
    0.405000     33.242713     1.552986
    0.412500     27.193010     1.657396
    0.420000     22.409054     1.673577
    0.427500     18.886633     1.659815
    0.435000     16.567984     1.587722
    0.442500     15.250055     1.308778
    0.450000     14.093908     0.685606
    0.457500     11.851070     0.553103
    0.465000      9.309668     0.622917
    0.472500      7.430703     0.582732
    0.480000      6.166816     0.387593
    0.487500      4.957577     0.317066
    0.495000      3.499495     0.579036
    0.502500      2.193649     0.811156
    0.510000      1.425234     0.901028
    0.517500      1.242834     0.824678
    0.525000      1.252757     0.627206
    0.532500      0.803253     0.563693
    0.540000      0.155322     0.600918
    0.547500      0.000000     0.487248
    0.555000      0.401963     0.188695
    0.562500      0.884939     0.221148
    0.570000      1.183824     0.388500
    0.577500      1.547822     0.542309
    0.585000      2.081894     0.870084
    0.592500      2.686995     1.294684
    0.600000      3.197215     1.540003
    0.607500      3.572002     1.446021
    0.615000      4.023773     1.275248
    0.622500      4.632741     1.286216
    0.630000      5.322165     1.546606
    0.637500      6.070766     2.026266
    0.645000      6.862675     2.618281
    0.652500      7.646404     3.066226
    0.660000      8.131814     3.357397
    0.667500      8.150284     3.198550
    0.675000      8.069622     2.616452
    0.682500      8.130463     2.074167
    0.690000      8.376664     1.734944
    0.697500      8.833796     1.435141
    0.705000      9.370506     1.155378
    0.712500      9.982041     1.217738
    0.720000     10.961991     1.728774
    0.727500     12.361416     2.834096
    0.735000     13.835805     4.645368
    0.742500     14.943808     5.971425
    0.750000     15.662318     6.262496
    0.757500     16.440205     7.062748
    0.765000     17.440092     9.153550
    0.772500     18.321777    11.858883
    0.780000     18.781120    13.449265
    0.787500     18.970433    13.413310
    0.795000     19.095542    12.511170
    0.802500     19.338733    11.854683
    0.810000     19.920945    12.325983
    0.817500     20.827180    13.874994
    0.825000     21.748807    15.300248
    0.832500     22.512309    15.528995
    0.840000     23.294818    15.417427
    0.847500     24.185891    16.304965
    0.855000     24.991156    17.971882
    0.862500     25.560611    18.473902
    0.870000     25.929599    17.249379
    0.877500     26.127173    15.300915
    0.885000     26.281378    13.533202
    0.892500     26.608474    12.777444
    0.900000     27.260746    13.455201
    0.907500     28.239279    14.283827
    0.915000     29.041312    12.439539
    0.922500     29.081858     9.471940
    0.930000     29.039955     8.866552
    0.937500     29.573934     9.595947
    0.945000     30.614331    10.975013
    0.952500     31.540952    12.390642
    0.960000     31.787708    12.546356
    0.967500     31.802546    12.474993
    0.975000     32.058999    13.445787
    0.982500     32.601009    15.544792
    0.990000     33.338833    17.940637
    0.997500     34.062327    18.924629
    1.005000     34.563691    17.962162
    1.012500     34.786974    16.903346
    1.020000     34.830047    16.678780
    1.027500     34.962185    17.009905
    1.035000     35.372034    17.600968
    1.042500     35.965161    17.649320
    1.050000     36.511524    17.150489
    1.057500     36.903798    16.878463
    1.065000     37.192296    16.865754
    1.072500     37.458356    16.704893
    1.080000     37.703223    16.213381
    1.087500     37.873148    15.371640
    1.095000     37.954952    14.124937
    1.102500     38.107145    13.124015
    1.110000     38.535676    13.272330
    1.117500     39.168886    14.841279
    1.125000     39.676652    16.834211
    1.132500     39.963280    17.645453
    1.140000     40.201223    17.382991
    1.147500     40.481698    16.901546
    1.155000     40.782150    16.517859
    1.162500     41.018835    16.158961
    1.170000     41.165384    16.034490
    1.177500     41.259774    16.169011
    1.185000     41.299076    16.086544
    1.192500     41.281739    15.655098
    1.200000     41.246576    15.228817
    1.207500     41.237674    15.219889
    1.215000     41.299020    15.435997
    1.222500     41.474198    15.579326
    1.230000     41.740397    15.827347
    1.237500     41.977948    16.312324
    1.245000     42.124348    16.610919
    1.252500     42.174106    16.574376
    1.260000     42.063241    16.688659
    1.267500     41.877322    17.048206
    1.275000     41.862241    17.314273
    1.282500     42.044898    17.267236
    1.290000     42.261564    16.922032
    1.297500     42.510860    16.612606
    1.305000     42.856211    16.515125
    1.312500     43.129930    16.579323
    1.320000     43.114455    16.834836
    1.327500     42.934802    17.329842
    1.335000     42.863116    17.930789
    1.342500     42.948621    18.347538
    1.350000     43.069327    18.395545
    1.357500     43.186457    17.961848
    1.365000     43.316033    16.889405
    1.372500     43.400651    15.782793
    1.380000     43.449714    15.824301
    1.387500     43.569606    16.963411
    1.395000     43.775783    18.478145
    1.402500     43.872407    20.158631
    1.410000     43.601751    21.103163
    1.417500     43.124517    20.665613
    1.425000     42.788418    19.683654
    1.432500     42.679135    18.714830
    1.440000     42.781239    17.814398
    1.447500     43.066521    17.102152
    1.455000     43.350279    16.995377
    1.462500     43.361518    17.551631
    1.470000     43.100289    18.092553
    1.477500     42.912890    18.310012
    1.485000     43.003304    18.487778
    1.492500     43.181207    18.739690
    1.500000     43.184199    18.634100
    1.507500     43.069523    18.060110
    1.515000     42.954628    17.495069
    1.522500     42.796294    17.433557
    1.530000     42.527067    17.613797
    1.537500     42.224051    17.431182
    1.545000     42.065545    16.876354
    1.552500     42.080493    16.335694
    1.560000     42.107565    15.921811
    1.567500     42.065679    15.800657
    1.575000     42.080155    16.342350
    1.582500     42.210020    17.577412
    1.590000     42.346981    18.824641
    1.597500     42.394651    19.169193
    1.605000     42.345085    18.548830
    1.612500     42.263594    17.821644
    1.620000     42.286269    17.752220
    1.627500     42.376974    18.001354
    1.635000     42.184830    17.794292
    1.642500     41.664537    17.382069
    1.650000     41.266012    17.401940
    1.657500     41.206778    17.816094
    1.665000     41.355768    18.380118
    1.672500     41.551173    18.607068
    1.680000     41.771276    18.373818
    1.687500     42.030272    18.665004
    1.695000     42.316317    19.921213
    1.702500     42.584478    20.538741
    1.710000     42.756780    19.914333
    1.717500     42.711306    19.780475
    1.725000     42.423913    20.540254
    1.732500     42.111088    21.401150
    1.740000     42.010427    21.885121
    1.747500     42.163068    21.871018
    1.755000     42.368029    21.573210
    1.762500     42.354236    21.459037
    1.770000     42.246095    21.441672
    1.777500     42.369497    21.310469
    1.785000     42.676442    21.331851
    1.792500     42.861609    21.551621
    1.800000     42.875000    21.841769
