#! FIELDS cyl.z file.free uncertainty
#! SET sample_size 14997
#! SET effective_sample_size 36.265
#! SET fundeltaF 25.4683
#! SET blocks_num 3
#! SET blocks_effective_num 1.38954
#! SET min_cyl.z 0.3
#! SET max_cyl.z 1.8
#! SET nbins_cyl.z 201
#! SET periodic_cyl.z false
    0.300000    321.128793     1.740777
    0.307500    294.048639     1.740777
    0.315000    268.351152     1.740777
    0.322500    244.043730     1.740777
    0.330000    221.131172     1.740777
    0.337500    199.616528     1.740777
    0.345000    179.501687     1.740777
    0.352500    160.787745     1.740777
    0.360000    143.475144     1.740777
    0.367500    127.563491     1.740777
    0.375000    113.050703     1.740777
    0.382500     99.930439     1.740777
    0.390000     88.185100     1.740777
    0.397500     77.768363     1.740777
    0.405000     68.570114     1.740777
    0.412500     60.385520     1.740777
    0.420000     52.997248     1.740777
    0.427500     46.382788     1.740777
    0.435000     40.682594     1.740777
    0.442500     35.855723     1.740777
    0.450000     31.346258     1.740777
    0.457500     26.618029     1.740777
    0.465000     22.214237     1.740777
    0.472500     18.780034     1.740777
    0.480000     16.490539     1.740777
    0.487500     15.194504     1.740777
    0.495000     14.435711     1.740777
    0.502500     13.736437     1.740777
    0.510000     12.373648     1.740777
    0.517500      9.306093     1.740777
    0.525000      6.136258     1.740777
    0.532500      4.032807     1.740772
    0.540000      3.151880     1.740707
    0.547500      3.309124     1.739829
    0.555000      3.647544     1.732802
    0.562500      2.654592     1.718094
    0.570000      1.051969     1.711467
    0.577500      0.116001     1.711480
    0.585000      0.095528     1.712076
    0.592500      0.870026     1.688544
    0.600000      2.050128     1.499169
    0.607500      2.770520     0.866408
    0.615000      2.566978     0.555091
    0.622500      2.129193     0.685005
    0.630000      1.996983     0.507326
    0.637500      2.093606     0.437239
    0.645000      1.842154     0.639263
    0.652500      1.058542     0.625537
    0.660000      0.291644     0.448045
    0.667500      0.000000     0.535750
    0.675000      0.381480     1.182513
    0.682500      1.359129     2.406732
    0.690000      2.556677     3.631639
    0.697500      3.695592     4.130672
    0.705000      4.819041     4.559461
    0.712500      5.727351     5.269536
    0.720000      6.073074     4.895080
    0.727500      6.113436     3.749063
    0.735000      6.496616     3.277032
    0.742500      7.666463     3.605661
    0.750000      9.650019     4.487713
    0.757500     11.767641     5.864907
    0.765000     13.072413     6.280951
    0.772500     14.043535     5.217470
    0.780000     15.135123     5.352389
    0.787500     16.216630     7.052660
    0.795000     17.004418     8.307384
    0.802500     17.090105     9.284678
    0.810000     17.139658     9.444851
    0.817500     17.739925     8.980834
    0.825000     18.635059     9.775123
    0.832500     19.528756    10.579741
    0.840000     20.329117     8.519440
    0.847500     20.414630     8.002176
    0.855000     19.735639     9.343164
    0.862500     18.965005     9.577852
    0.870000     18.312227     9.170089
    0.877500     17.662739     8.749742
    0.885000     17.043820     9.398683
    0.892500     16.850949    10.252997
    0.900000     17.449641    10.209340
    0.907500     18.761673     8.987792
    0.915000     20.066041     7.141633
    0.922500     20.756339     6.830510
    0.930000     20.962112     7.910164
    0.937500     20.540416     9.042913
    0.945000     19.983829     9.215807
    0.952500     20.078143     8.827612
    0.960000     21.010608     8.306670
    0.967500     22.400222     7.440363
    0.975000     23.463196     6.423908
    0.982500     24.056144     6.466522
    0.990000     24.693573     7.283282
    0.997500     25.485227     7.721377
    1.005000     26.102334     7.462987
    1.012500     26.222626     7.708403
    1.020000     25.940645     8.594099
    1.027500     25.867294     9.094423
    1.035000     26.501571     8.897382
    1.042500     27.746892     8.029993
    1.050000     28.884147     6.891872
    1.057500     29.334807     6.413867
    1.065000     29.229419     6.781392
    1.072500     28.990574     7.208690
    1.080000     29.096354     6.857936
    1.087500     29.624719     5.646695
    1.095000     30.243052     4.575388
    1.102500     30.562304     4.946374
    1.110000     30.567092     5.999456
    1.117500     30.596279     6.170900
    1.125000     30.821756     4.950503
    1.132500     31.184181     3.363464
    1.140000     31.690480     2.790136
    1.147500     32.330862     2.767064
    1.155000     32.870079     3.085295
    1.162500     32.974337     3.976291
    1.170000     32.616410     5.060637
    1.177500     32.368180     5.385142
    1.185000     32.694551     4.690178
    1.192500     33.437233     3.132719
    1.200000     33.998390     2.274582
    1.207500     34.376395     2.754735
    1.215000     35.028029     3.272411
    1.222500     35.794697     3.115758
    1.230000     36.077083     2.078115
    1.237500     35.834971     1.194292
    1.245000     35.404676     1.121055
    1.252500     35.022587     2.137231
    1.260000     34.882818     3.987413
    1.267500     35.066850     5.597695
    1.275000     35.474534     5.503551
    1.282500     35.793195     3.571412
    1.290000     35.836036     1.894976
    1.297500     35.784421     1.232497
    1.305000     35.786854     0.893200
    1.312500     35.783564     0.679326
    1.320000     35.661876     0.639953
    1.327500     35.482232     0.824711
    1.335000     35.421080     1.257244
    1.342500     35.531877     1.765993
    1.350000     35.698546     2.280598
    1.357500     35.639429     2.862915
    1.365000     35.397793     3.125341
    1.372500     35.404147     3.057734
    1.380000     35.683785     2.946549
    1.387500     35.763614     2.550440
    1.395000     35.546547     2.346557
    1.402500     35.419618     2.081667
    1.410000     35.410519     1.707338
    1.417500     35.280725     1.695584
    1.425000     35.124392     2.088848
    1.432500     35.269146     2.759216
    1.440000     35.691015     3.474794
    1.447500     35.937962     3.410054
    1.455000     35.848473     2.562280
    1.462500     35.673781     1.805587
    1.470000     35.448931     1.561368
    1.477500     35.243318     2.087195
    1.485000     35.264595     3.065011
    1.492500     35.533239     3.994207
    1.500000     35.915927     4.336842
    1.507500     36.454687     4.128471
    1.515000     37.037787     3.773761
    1.522500     37.077731     2.987764
    1.530000     36.743905     2.478609
    1.537500     36.642594     2.425812
    1.545000     36.999921     2.709062
    1.552500     37.935401     3.837640
    1.560000     39.243038     5.227137
    1.567500     39.842103     4.921642
    1.575000     38.946887     3.388269
    1.582500     37.608095     2.485292
    1.590000     36.796178     2.255167
    1.597500     36.742129     2.547292
    1.605000     37.052702     2.993908
    1.612500     36.993613     3.207820
    1.620000     36.575018     3.498940
    1.627500     36.325612     4.608637
    1.635000     36.491176     6.803803
    1.642500     37.064278     8.484554
    1.650000     37.696693     6.727537
    1.657500     37.930874     2.712427
    1.665000     38.012004     0.932569
    1.672500     38.024339     0.891346
    1.680000     37.613226     1.023475
    1.687500     37.015902     1.193815
    1.695000     36.857489     1.295152
    1.702500     37.433046     1.245125
    1.710000     38.414628     1.093969
    1.717500     38.966392     1.033338
    1.725000     38.879303     1.018696
    1.732500     38.343671     0.986474
    1.740000     37.675340     0.883496
    1.747500     37.517137     1.269957
    1.755000     38.128012     2.266402
    1.762500     39.167073     3.158500
    1.770000     39.726095     3.280494
    1.777500     39.539089     4.155077
    1.785000     38.962590     6.618329
    1.792500     38.094951     8.839495
    1.800000     37.550038     9.427495
