#! FIELDS cyl.z file.free uncertainty
#! SET sample_size 89997
#! SET effective_sample_size 118.463
#! SET fundeltaF 25.4495
#! SET blocks_num 3
#! SET blocks_effective_num 1.25057
#! SET min_cyl.z 0.3
#! SET max_cyl.z 1.8
#! SET nbins_cyl.z 201
#! SET periodic_cyl.z false
    0.300000    285.394648     1.747879
    0.307500    260.876902     1.747879
    0.315000    237.762004     1.747878
    0.322500    216.049922     1.747876
    0.330000    195.740619     1.747869
    0.337500    176.834054     1.747849
    0.345000    159.330176     1.747793
    0.352500    143.228917     1.747633
    0.360000    128.530170     1.747177
    0.367500    115.233713     1.745877
    0.375000    103.338905     1.742171
    0.382500     92.843491     1.731622
    0.390000     83.738542     1.701829
    0.397500     75.986774     1.621189
    0.405000     69.436127     1.455115
    0.412500     63.597107     1.569110
    0.420000     57.744943     2.573839
    0.427500     51.869657     3.538791
    0.435000     46.204662     3.573027
    0.442500     40.625760     2.513208
    0.450000     35.225502     1.711893
    0.457500     30.158075     1.555040
    0.465000     25.572391     1.531998
    0.472500     21.781686     1.452634
    0.480000     18.990104     1.369708
    0.487500     17.004549     1.330418
    0.495000     15.113065     1.391194
    0.502500     12.794213     1.520907
    0.510000     10.359475     1.584886
    0.517500      8.307306     1.531085
    0.525000      6.953564     1.393208
    0.532500      6.245881     1.329477
    0.540000      5.707936     1.344957
    0.547500      4.950189     1.321455
    0.555000      4.194913     1.391880
    0.562500      3.564092     1.363705
    0.570000      2.888484     1.317887
    0.577500      2.342627     1.317933
    0.585000      2.272061     1.292002
    0.592500      2.626041     1.205278
    0.600000      2.924691     0.949060
    0.607500      2.816314     0.395865
    0.615000      2.371327     0.196832
    0.622500      1.673150     0.261170
    0.630000      0.929485     0.136512
    0.637500      0.482681     0.276621
    0.645000      0.413149     0.219323
    0.652500      0.443901     0.571218
    0.660000      0.279235     0.758500
    0.667500      0.021122     0.683989
    0.675000      0.000000     0.599564
    0.682500      0.379782     0.496980
    0.690000      1.088260     0.342073
    0.697500      2.020348     0.311651
    0.705000      3.180682     0.267928
    0.712500      4.458661     0.623869
    0.720000      5.176924     1.087879
    0.727500      4.991756     0.582984
    0.735000      5.009648     0.091540
    0.742500      6.006215     0.505749
    0.750000      8.125410     0.722502
    0.757500     11.129891     0.619118
    0.765000     14.194994     0.661530
    0.772500     16.130284     3.173142
    0.780000     17.182262     4.531393
    0.787500     18.400556     4.280585
    0.795000     20.186649     3.454689
    0.802500     22.220667     4.104925
    0.810000     23.759924     6.995683
    0.817500     24.728508     8.282227
    0.825000     25.184830     7.338413
    0.832500     25.094229     6.014685
    0.840000     25.026548     6.184870
    0.847500     25.243712     6.977956
    0.855000     25.362270     7.806794
    0.862500     25.053669     8.418020
    0.870000     24.612775     8.787053
    0.877500     24.360424     9.699061
    0.885000     24.311259    11.055992
    0.892500     24.434317    11.775390
    0.900000     24.772642    10.721399
    0.907500     25.244365     8.477031
    0.915000     25.766160     7.248638
    0.922500     26.306627     7.431288
    0.930000     26.714673     7.916067
    0.937500     26.899712     8.693731
    0.945000     26.986179     9.909600
    0.952500     27.199302    10.327614
    0.960000     27.636175     9.670731
    0.967500     28.196956     9.061575
    0.975000     28.765529     8.940847
    0.982500     29.307223     8.836872
    0.990000     29.796000     8.603800
    0.997500     30.249353     8.436312
    1.005000     30.708109     8.101807
    1.012500     31.141991     7.677042
    1.020000     31.484385     7.715226
    1.027500     31.785312     7.971587
    1.035000     32.163641     7.665733
    1.042500     32.566220     7.222026
    1.050000     32.872444     7.472947
    1.057500     33.101484     8.076273
    1.065000     33.315387     8.354992
    1.072500     33.517078     8.218698
    1.080000     33.736834     8.030410
    1.087500     34.040105     7.984550
    1.095000     34.404043     8.196750
    1.102500     34.705506     8.591890
    1.110000     34.867044     8.843305
    1.117500     34.962690     8.879983
    1.125000     35.098169     8.858986
    1.132500     35.338568     8.876341
    1.140000     35.684191     8.914432
    1.147500     36.010975     8.715721
    1.155000     36.170508     8.305825
    1.162500     36.196263     8.322582
    1.170000     36.236134     8.845086
    1.177500     36.394953     9.256298
    1.185000     36.725904     9.217214
    1.192500     37.197077     8.906301
    1.200000     37.634025     8.613297
    1.207500     37.853508     8.480105
    1.215000     37.841252     8.409565
    1.222500     37.729283     8.441568
    1.230000     37.713573     8.360607
    1.237500     37.852463     8.061718
    1.245000     37.995952     7.706132
    1.252500     38.061043     7.758695
    1.260000     38.114645     8.216241
    1.267500     38.225913     8.264239
    1.275000     38.445962     7.959940
    1.282500     38.733361     8.155537
    1.290000     38.911396     8.577265
    1.297500     38.834703     8.356659
    1.305000     38.599634     7.746257
    1.312500     38.371566     7.385063
    1.320000     38.227588     7.256005
    1.327500     38.252120     7.232105
    1.335000     38.489534     7.498526
    1.342500     38.809719     7.945836
    1.350000     38.939276     7.809010
    1.357500     38.791606     6.851918
    1.365000     38.587903     5.835053
    1.372500     38.421251     5.153821
    1.380000     38.217540     5.010526
    1.387500     38.022884     5.393907
    1.395000     37.935107     5.582359
    1.402500     37.979639     5.378762
    1.410000     38.086270     5.420236
    1.417500     38.074547     6.045634
    1.425000     37.846505     6.493064
    1.432500     37.595572     6.377878
    1.440000     37.456415     6.270762
    1.447500     37.301807     6.337701
    1.455000     37.161926     6.185766
    1.462500     37.225728     5.931077
    1.470000     37.388022     6.057406
    1.477500     37.440344     6.519937
    1.485000     37.462132     7.086157
    1.492500     37.579042     7.624345
    1.500000     37.743535     7.785435
    1.507500     37.825733     7.489388
    1.515000     37.776701     7.127158
    1.522500     37.706268     7.049602
    1.530000     37.721457     7.343131
    1.537500     37.779876     7.881828
    1.545000     37.819859     8.331373
    1.552500     37.837726     8.674995
    1.560000     37.778814     9.348646
    1.567500     37.573868    10.160741
    1.575000     37.317490    10.375030
    1.582500     37.189014    10.067477
    1.590000     37.200015     9.700452
    1.597500     37.247282     9.342220
    1.605000     37.317781     9.005748
    1.612500     37.471469     9.000118
    1.620000     37.708975     9.396307
    1.627500     37.872590    10.009708
    1.635000     37.877153    10.545462
    1.642500     37.908003    10.631946
    1.650000     38.079756    10.191699
    1.657500     38.243750     9.577659
    1.665000     38.250834     9.342123
    1.672500     38.201173     9.571189
    1.680000     38.173816    10.033187
    1.687500     38.145105    10.363655
    1.695000     38.104755    10.374107
    1.702500     38.002599    10.531223
    1.710000     37.812103    11.123272
    1.717500     37.578198    11.626358
    1.725000     37.338827    11.623840
    1.732500     37.113613    11.404460
    1.740000     36.999699    11.204047
    1.747500     37.098322    10.859799
    1.755000     37.326739    10.403067
    1.762500     37.528261    10.199546
    1.770000     37.693475    10.428166
    1.777500     37.861335    10.798681
    1.785000     37.991650    10.812746
    1.792500     38.060407    10.214380
    1.800000     38.163535     9.377221
