#! FIELDS cyl.z file.free uncertainty
#! SET sample_size 189999
#! SET effective_sample_size 1153.3
#! SET fundeltaF 28.2805
#! SET blocks_num 3
#! SET blocks_effective_num 2.81531
#! SET min_cyl.z 0.3
#! SET max_cyl.z 1.8
#! SET nbins_cyl.z 201
#! SET periodic_cyl.z false
    0.300000    185.049676     2.989236
    0.307500    169.472888     2.989220
    0.315000    155.291751     2.989167
    0.322500    142.495634     2.988999
    0.330000    131.058616     2.988476
    0.337500    120.920721     2.986932
    0.345000    111.958764     2.982787
    0.352500    103.974905     2.972494
    0.360000     96.751980     2.934608
    0.367500     90.002658     2.646132
    0.375000     82.626904     1.328786
    0.382500     73.473369     1.457844
    0.390000     64.171350     1.824913
    0.397500     55.875181     1.897659
    0.405000     48.835364     1.892924
    0.412500     43.080400     1.822491
    0.420000     38.509512     1.596868
    0.427500     34.709070     1.055311
    0.435000     30.790778     0.468883
    0.442500     26.423101     0.321831
    0.450000     22.180646     0.412702
    0.457500     18.397549     0.459643
    0.465000     15.166554     0.401906
    0.472500     12.513792     0.298308
    0.480000     10.398048     0.239428
    0.487500      8.707274     0.249716
    0.495000      7.283951     0.282729
    0.502500      6.020224     0.285190
    0.510000      4.896686     0.252735
    0.517500      3.904050     0.254758
    0.525000      3.031570     0.253529
    0.532500      2.293450     0.197846
    0.540000      1.715228     0.121577
    0.547500      1.276073     0.119701
    0.555000      0.931627     0.173281
    0.562500      0.687462     0.211997
    0.570000      0.503005     0.183631
    0.577500      0.294571     0.111500
    0.585000      0.099645     0.041467
    0.592500      0.002081     0.121234
    0.600000      0.000000     0.213211
    0.607500      0.061936     0.203691
    0.615000      0.205568     0.107552
    0.622500      0.454719     0.057557
    0.630000      0.785739     0.161718
    0.637500      1.148299     0.265425
    0.645000      1.539675     0.321716
    0.652500      1.960184     0.329841
    0.660000      2.386354     0.298334
    0.667500      2.871920     0.272487
    0.675000      3.417836     0.261169
    0.682500      3.900263     0.251488
    0.690000      4.363267     0.241447
    0.697500      4.982772     0.184909
    0.705000      5.760452     0.167510
    0.712500      6.477871     0.226090
    0.720000      6.977713     0.323723
    0.727500      7.501711     0.407832
    0.735000      8.356089     0.371675
    0.742500      9.480359     0.207398
    0.750000     10.553387     0.168597
    0.757500     11.432071     0.191299
    0.765000     12.253288     0.081523
    0.772500     13.208925     0.130221
    0.780000     14.391542     0.340187
    0.787500     15.637644     0.465848
    0.795000     16.712420     0.503049
    0.802500     17.688008     0.526441
    0.810000     18.712726     0.534940
    0.817500     19.733446     0.691093
    0.825000     20.567823     0.971484
    0.832500     21.217213     1.046396
    0.840000     21.807771     0.850530
    0.847500     22.234733     0.521661
    0.855000     22.421353     0.282986
    0.862500     22.567139     0.268518
    0.870000     22.826974     0.486881
    0.877500     23.196818     0.678464
    0.885000     23.633863     0.730509
    0.892500     24.018380     0.751175
    0.900000     24.232592     0.853556
    0.907500     24.375887     0.983520
    0.915000     24.567133     1.004806
    0.922500     24.751043     0.871293
    0.930000     24.908672     0.743750
    0.937500     25.174411     0.789676
    0.945000     25.605397     0.966260
    0.952500     26.121972     1.087031
    0.960000     26.670688     1.030459
    0.967500     27.200568     0.857590
    0.975000     27.611561     0.691958
    0.982500     27.905106     0.629324
    0.990000     28.237530     0.673939
    0.997500     28.728302     0.746042
    1.005000     29.298223     0.794675
    1.012500     29.785552     0.768411
    1.020000     30.172015     0.647012
    1.027500     30.514039     0.495031
    1.035000     30.795393     0.393057
    1.042500     31.033066     0.348915
    1.050000     31.407138     0.399890
    1.057500     32.052523     0.575985
    1.065000     32.863102     0.760562
    1.072500     33.560618     0.827953
    1.080000     33.944972     0.799533
    1.087500     34.135959     0.765374
    1.095000     34.365481     0.799422
    1.102500     34.664782     0.913999
    1.110000     34.912513     1.040456
    1.117500     35.115136     1.108199
    1.125000     35.382301     1.085564
    1.132500     35.707647     1.003423
    1.140000     36.017276     0.966969
    1.147500     36.281378     1.026364
    1.155000     36.525003     1.090497
    1.162500     36.775514     1.076272
    1.170000     37.006255     1.014582
    1.177500     37.181310     0.977149
    1.185000     37.380229     0.927162
    1.192500     37.715062     0.833876
    1.200000     38.185488     0.810939
    1.207500     38.672775     0.918001
    1.215000     39.013706     1.037743
    1.222500     39.192050     1.081094
    1.230000     39.324994     1.078415
    1.237500     39.495574     1.065591
    1.245000     39.706885     1.042553
    1.252500     39.903708     1.008959
    1.260000     40.055687     0.982767
    1.267500     40.206201     0.960666
    1.275000     40.364935     0.933960
    1.282500     40.457829     0.933542
    1.290000     40.491123     0.987609
    1.297500     40.566295     1.074660
    1.305000     40.668061     1.167208
    1.312500     40.688728     1.252386
    1.320000     40.636755     1.302932
    1.327500     40.605714     1.291900
    1.335000     40.667933     1.253973
    1.342500     40.814563     1.230197
    1.350000     40.920016     1.189543
    1.357500     40.898891     1.116946
    1.365000     40.806284     1.069962
    1.372500     40.750154     1.084655
    1.380000     40.765961     1.136215
    1.387500     40.803595     1.138970
    1.395000     40.863124     1.048180
    1.402500     40.930299     0.948696
    1.410000     40.918227     0.942155
    1.417500     40.832848     1.020581
    1.425000     40.729911     1.105264
    1.432500     40.650221     1.129805
    1.440000     40.622205     1.113078
    1.447500     40.636876     1.100978
    1.455000     40.700660     1.089385
    1.462500     40.813397     1.054606
    1.470000     40.897686     0.985967
    1.477500     40.903327     0.929222
    1.485000     40.883454     0.918591
    1.492500     40.869377     0.948047
    1.500000     40.788864     0.993749
    1.507500     40.579428     1.044165
    1.515000     40.378879     1.089308
    1.522500     40.329006     1.089401
    1.530000     40.358720     1.057083
    1.537500     40.367421     1.065021
    1.545000     40.409326     1.090010
    1.552500     40.514988     1.086150
    1.560000     40.602424     1.095173
    1.567500     40.629681     1.124841
    1.575000     40.604296     1.145020
    1.582500     40.528261     1.164804
    1.590000     40.417765     1.191269
    1.597500     40.314680     1.240965
    1.605000     40.289035     1.295017
    1.612500     40.342282     1.258551
    1.620000     40.355934     1.155808
    1.627500     40.256681     1.164128
    1.635000     40.093154     1.272911
    1.642500     39.934259     1.329396
    1.650000     39.780648     1.347062
    1.657500     39.584209     1.415550
    1.665000     39.420007     1.507746
    1.672500     39.446168     1.553416
    1.680000     39.641048     1.534602
    1.687500     39.785668     1.450140
    1.695000     39.787733     1.337303
    1.702500     39.762445     1.258604
    1.710000     39.760639     1.253390
    1.717500     39.774535     1.288911
    1.725000     39.814131     1.268166
    1.732500     39.825505     1.194378
    1.740000     39.737830     1.191516
    1.747500     39.620429     1.285392
    1.755000     39.636979     1.371025
    1.762500     39.849845     1.383382
    1.770000     40.147168     1.340238
    1.777500     40.360710     1.276532
    1.785000     40.412944     1.255447
    1.792500     40.340010     1.315990
    1.800000     40.271387     1.399071
