#! FIELDS cyl.z file.free uncertainty
#! SET sample_size 14997
#! SET effective_sample_size 71.01
#! SET fundeltaF 29.9291
#! SET blocks_num 3
#! SET blocks_effective_num 1.03708
#! SET min_cyl.z 0.3
#! SET max_cyl.z 1.8
#! SET nbins_cyl.z 201
#! SET periodic_cyl.z false
    0.300000    348.368650     1.763786
    0.307500    319.811591     1.763777
    0.315000    292.657596     1.763757
    0.322500    266.906665     1.763713
    0.330000    242.558796     1.763620
    0.337500    219.613984     1.763422
    0.345000    198.072212     1.763000
    0.352500    177.933426     1.762099
    0.360000    159.197445     1.760178
    0.367500    141.863606     1.756083
    0.375000    125.929392     1.747373
    0.382500    111.384978     1.729004
    0.390000     98.191980     1.691544
    0.397500     86.209623     1.624609
    0.405000     75.040259     1.550901
    0.412500     64.165520     1.551471
    0.420000     53.700966     1.615150
    0.427500     44.187710     1.666963
    0.435000     35.927103     1.689558
    0.442500     29.009616     1.687161
    0.450000     23.452079     1.657318
    0.457500     19.246760     1.574281
    0.465000     16.364652     1.335420
    0.472500     14.718183     0.576108
    0.480000     14.004903     1.869214
    0.487500     13.303800     5.407265
    0.495000     11.535141     4.079114
    0.502500      9.229345     0.713852
    0.510000      7.220706     0.833159
    0.517500      5.755351     0.998039
    0.525000      4.780019     0.723744
    0.532500      4.112025     0.498740
    0.540000      3.593243     0.445491
    0.547500      3.127843     0.303970
    0.555000      2.711747     0.398042
    0.562500      2.480860     1.041496
    0.570000      2.474318     1.501118
    0.577500      2.416449     1.298776
    0.585000      1.946839     0.566122
    0.592500      1.220002     0.239512
    0.600000      0.618180     0.226374
    0.607500      0.208699     0.215254
    0.615000      0.000000     0.201028
    0.622500      0.194727     0.183176
    0.630000      0.726904     0.135960
    0.637500      1.061829     0.153959
    0.645000      1.116025     0.080510
    0.652500      1.208805     0.088367
    0.660000      1.353339     0.297692
    0.667500      1.654681     0.521055
    0.675000      2.330114     0.712053
    0.682500      3.311302     0.982599
    0.690000      4.253803     1.453029
    0.697500      5.144415     1.988321
    0.705000      6.265893     2.540153
    0.712500      7.304556     2.956581
    0.720000      7.806230     2.985073
    0.727500      8.354882     3.241133
    0.735000      9.502378     4.579188
    0.742500     10.746978     6.103515
    0.750000     10.604886     4.014599
    0.757500     10.034629     2.521115
    0.765000     10.374878     2.508613
    0.772500     11.735012     3.602174
    0.780000     13.678875     5.914751
    0.787500     15.721774     7.721432
    0.795000     18.005409     9.717932
    0.802500     20.733529    21.297837
    0.810000     23.198132    48.381230
    0.817500     24.370348    50.960847
    0.825000     24.682802    36.119094
    0.832500     24.745829    34.886266
    0.840000     24.623058    42.481729
    0.847500     24.500984    46.834682
    0.855000     24.733782    46.181573
    0.862500     25.321975    46.818589
    0.870000     25.900542    51.620546
    0.877500     26.158309    52.165910
    0.885000     26.243291    50.411317
    0.892500     26.497181    58.092959
    0.900000     26.949515    82.713263
    0.907500     27.334942   132.226527
    0.915000     27.651321   197.795241
    0.922500     28.146465   242.875246
    0.930000     28.758464   229.683549
    0.937500     29.051767   165.713484
    0.945000     29.057073   113.554447
    0.952500     29.356671    99.659479
    0.960000     30.081596   132.922627
    0.967500     30.876007   201.292383
    0.975000     31.532024   233.691777
    0.982500     31.930978   205.084182
    0.990000     31.855264   169.840224
    0.997500     31.653723   144.482609
    1.005000     31.765950   110.320120
    1.012500     32.242549    74.946204
    1.020000     32.958938    56.946295
    1.027500     33.756329    55.394539
    1.035000     34.528992    53.007702
    1.042500     35.274849    48.061337
    1.050000     35.797308    53.996032
    1.057500     35.946624    71.554253
    1.065000     36.038482    90.497782
    1.072500     36.230919   101.394646
    1.080000     36.523687    95.215163
    1.087500     37.078682    83.541700
    1.095000     37.913488    77.714994
    1.102500     38.670392    76.623841
    1.110000     39.050080    76.119267
    1.117500     39.132672    73.623602
    1.125000     39.212316    67.350539
    1.132500     39.726397    64.084866
    1.140000     40.883329    78.395584
    1.147500     42.341899   125.370783
    1.155000     43.060741   151.661436
    1.162500     42.606987   100.344235
    1.170000     41.858858    52.833316
    1.177500     41.488840    32.679523
    1.185000     41.783582    28.811616
    1.192500     42.713007    38.953871
    1.200000     43.906157    64.511400
    1.207500     44.862662    93.040773
    1.215000     45.401765   115.628396
    1.222500     45.723097   140.834607
    1.230000     45.735300   163.458766
    1.237500     45.261973   154.564274
    1.245000     44.803128   130.946712
    1.252500     44.616838   117.138122
    1.260000     44.531769   108.630673
    1.267500     44.687588   100.209195
    1.275000     45.178576    94.364183
    1.282500     45.017187    90.740308
    1.290000     43.923554    91.022089
    1.297500     43.161230    91.790864
    1.305000     43.224585    93.058995
    1.312500     44.019953   101.723405
    1.320000     44.821892   138.242776
    1.327500     44.637632   173.189294
    1.335000     43.869395   174.467845
    1.342500     43.376294   163.606776
    1.350000     43.616634   155.556320
    1.357500     44.447620   153.357993
    1.365000     44.640818   136.320831
    1.372500     43.499659   109.488633
    1.380000     42.304359    99.419683
    1.387500     41.848668    96.719362
    1.395000     42.105383    95.763393
    1.402500     42.417968    94.180717
    1.410000     42.304156    92.112052
    1.417500     42.164537    89.442739
    1.425000     42.244537    86.871941
    1.432500     42.333472    87.511227
    1.440000     42.421231    91.597295
    1.447500     42.791599    97.736999
    1.455000     43.247292   104.056500
    1.462500     43.210333   102.136419
    1.470000     42.874799    96.267702
    1.477500     42.801801    92.544804
    1.485000     43.151510    90.822746
    1.492500     43.690095    91.845925
    1.500000     44.090726   101.044983
    1.507500     44.139065   124.981790
    1.515000     43.787684   137.563596
    1.522500     43.335672   138.556716
    1.530000     43.088680   146.888068
    1.537500     43.073467   146.776278
    1.545000     42.951663   119.184738
    1.552500     42.576676    97.691471
    1.560000     42.459982    93.811175
    1.567500     42.856337    94.740126
    1.575000     43.223598    97.984758
    1.582500     42.915909    99.814960
    1.590000     42.338233    98.718694
    1.597500     42.078401    97.007346
    1.605000     42.260652    95.079870
    1.612500     42.594318    94.472304
    1.620000     42.680816   102.106048
    1.627500     42.573394   125.526760
    1.635000     42.606755   152.584303
    1.642500     42.775300   159.180951
    1.650000     42.748350   144.501587
    1.657500     42.482356   130.730120
    1.665000     42.244641   129.577016
    1.672500     42.262759   144.946279
    1.680000     42.623916   163.247537
    1.687500     43.062915   154.159314
    1.695000     43.255293   124.078703
    1.702500     43.358449   104.078949
    1.710000     43.278021    92.931361
    1.717500     42.663782    90.453874
    1.725000     41.890613    91.937873
    1.732500     41.403817    92.775629
    1.740000     41.273700    92.923931
    1.747500     41.372821    92.514221
    1.755000     41.398878    91.767554
    1.762500     41.108646    91.205346
    1.770000     40.651772    91.152648
    1.777500     40.351300    91.612083
    1.785000     40.299291    92.060092
    1.792500     40.333481    92.137043
    1.800000     40.488352    92.155170
