#! FIELDS cyl.z file.free uncertainty
#! SET sample_size 14997
#! SET effective_sample_size 168.281
#! SET fundeltaF 28.2397
#! SET blocks_num 3
#! SET blocks_effective_num 2.00281
#! SET min_cyl.z 0.3
#! SET max_cyl.z 1.8
#! SET nbins_cyl.z 201
#! SET periodic_cyl.z false
    0.300000    335.399050     2.468296
    0.307500    307.010358     2.468296
    0.315000    280.024732     2.468296
    0.322500    254.442172     2.468296
    0.330000    230.262676     2.468296
    0.337500    207.486246     2.468296
    0.345000    186.112881     2.468296
    0.352500    166.142578     2.468296
    0.360000    147.575331     2.468296
    0.367500    130.411115     2.468296
    0.375000    114.649843     2.468296
    0.382500    100.291210     2.468296
    0.390000     87.334140     2.468296
    0.397500     75.774856     2.468293
    0.405000     65.600168     2.468279
    0.412500     56.765209     2.468208
    0.420000     49.130186     2.467859
    0.427500     42.362453     2.466390
    0.435000     36.070344     2.461809
    0.442500     30.270244     2.450512
    0.450000     25.173865     2.426071
    0.457500     20.591820     2.390518
    0.465000     16.200703     2.373422
    0.472500     12.289184     2.382800
    0.480000      9.342861     2.397228
    0.487500      7.520437     2.404492
    0.495000      6.582706     2.397701
    0.502500      5.746003     2.378899
    0.510000      4.483144     2.373773
    0.517500      3.401935     2.381462
    0.525000      2.894495     2.387368
    0.532500      2.670600     2.388625
    0.540000      2.268002     2.391801
    0.547500      1.689757     2.400036
    0.555000      1.216757     2.400764
    0.562500      1.075098     2.375517
    0.570000      1.251939     2.320084
    0.577500      1.530664     2.258970
    0.585000      1.890476     2.180800
    0.592500      2.292779     2.011826
    0.600000      2.170425     1.853008
    0.607500      1.638928     1.845279
    0.615000      1.534558     1.818572
    0.622500      2.074283     1.579136
    0.630000      2.677513     0.928628
    0.637500      2.468532     0.273814
    0.645000      1.623355     0.433172
    0.652500      0.852901     0.717838
    0.660000      0.502905     1.121145
    0.667500      0.504163     1.590735
    0.675000      0.527421     1.917337
    0.682500      0.353457     1.972423
    0.690000      0.117005     1.886881
    0.697500      0.000000     1.839622
    0.705000      0.110582     1.908244
    0.712500      0.554709     2.018715
    0.720000      1.327218     2.066108
    0.727500      2.351509     2.028635
    0.735000      3.630020     1.940750
    0.742500      4.956736     1.871713
    0.750000      5.806704     1.939722
    0.757500      6.307917     2.085355
    0.765000      6.909789     2.213825
    0.772500      7.823676     2.295342
    0.780000      9.298799     2.317531
    0.787500     11.324955     2.254677
    0.795000     13.326701     2.394488
    0.802500     14.859105     4.617136
    0.810000     16.134775     8.013819
    0.817500     17.114414     9.084036
    0.825000     17.632093     8.640384
    0.832500     18.081808     9.346416
    0.840000     18.752112    10.585220
    0.847500     19.363343    10.529397
    0.855000     19.626491     7.922229
    0.862500     19.732368     5.206261
    0.870000     19.757039     3.847083
    0.877500     19.666913     3.094445
    0.885000     19.675684     2.812846
    0.892500     19.897298     3.358550
    0.900000     20.355448     5.609798
    0.907500     21.086358    10.839958
    0.915000     21.325180    20.152303
    0.922500     20.403814    27.057922
    0.930000     19.668600    29.694482
    0.937500     19.957591    30.846430
    0.945000     21.323056    31.460919
    0.952500     23.368706    31.730003
    0.960000     25.252438    30.004279
    0.967500     26.242908    26.586854
    0.975000     26.303410    25.606734
    0.982500     26.197559    24.886665
    0.990000     26.579557    22.906577
    0.997500     27.469409    20.029174
    1.005000     28.359785    16.341856
    1.012500     28.440809    10.602257
    1.020000     27.775526     5.745321
    1.027500     27.420862     3.964698
    1.035000     27.925070     4.267308
    1.042500     29.149324     6.865655
    1.050000     30.348010    11.672793
    1.057500     30.977721    14.529212
    1.065000     31.458854    13.940202
    1.072500     31.777830    10.724434
    1.080000     31.162856     6.473422
    1.087500     30.290116     5.023719
    1.095000     30.216928     6.361987
    1.102500     31.104568    12.129687
    1.110000     32.602460    24.237444
    1.117500     34.149939    35.014761
    1.125000     35.209572    31.972352
    1.132500     35.512578    24.037175
    1.140000     35.574235    22.282260
    1.147500     35.829064    24.331515
    1.155000     36.093000    31.579860
    1.162500     36.071182    40.364916
    1.170000     35.858267    38.470396
    1.177500     35.167294    23.633670
    1.185000     33.944782    11.475466
    1.192500     33.170969     7.156629
    1.200000     33.448731     6.301973
    1.207500     34.831133     8.098836
    1.215000     36.858485    15.115769
    1.222500     38.411897    25.378345
    1.230000     39.080214    30.242588
    1.237500     39.286565    35.823422
    1.245000     39.010526    40.642444
    1.252500     38.331116    35.677673
    1.260000     37.636974    27.015778
    1.267500     37.287221    21.402419
    1.275000     37.279982    18.366894
    1.282500     37.327953    16.044229
    1.290000     37.454217    14.524551
    1.297500     37.968469    15.706473
    1.305000     38.676997    23.539684
    1.312500     38.926899    38.505557
    1.320000     38.657221    49.093608
    1.327500     38.299773    47.757127
    1.335000     38.258826    39.335224
    1.342500     38.819211    31.395243
    1.350000     40.050016    27.068700
    1.357500     41.653093    25.533653
    1.365000     42.603693    24.700858
    1.372500     42.238411    24.058975
    1.380000     41.398371    20.289678
    1.387500     40.497609    15.253610
    1.395000     39.740558    15.810744
    1.402500     39.343066    22.709689
    1.410000     39.204901    30.451747
    1.417500     39.168471    32.103161
    1.425000     39.270369    26.775690
    1.432500     39.584056    19.081780
    1.440000     40.145361    15.736637
    1.447500     40.811622    20.379208
    1.455000     41.123809    25.025391
    1.462500     41.032758    21.606785
    1.470000     40.882787    16.901180
    1.477500     40.726881    15.061463
    1.485000     40.653523    15.937027
    1.492500     40.724005    19.815612
    1.500000     40.636778    23.317854
    1.507500     40.318265    20.441651
    1.515000     40.070671    14.540957
    1.522500     39.745176    10.758848
    1.530000     39.066846     9.792893
    1.537500     38.480325    10.245634
    1.545000     38.486261    12.311465
    1.552500     39.083142    16.912775
    1.560000     39.852694    22.783939
    1.567500     40.244885    25.121706
    1.575000     39.994695    22.567488
    1.582500     39.415177    18.678555
    1.590000     38.954059    15.293254
    1.597500     38.768992    12.098867
    1.605000     38.798453     9.114659
    1.612500     38.806109     7.024889
    1.620000     38.729193     6.165987
    1.627500     38.817931     6.107176
    1.635000     39.086150     6.393574
    1.642500     39.212050     7.438181
    1.650000     39.129122    10.089778
    1.657500     39.163825    14.140079
    1.665000     39.480247    20.459367
    1.672500     39.804428    30.949519
    1.680000     39.791483    39.876292
    1.687500     39.682881    40.427417
    1.695000     39.769752    36.663287
    1.702500     39.898495    33.820385
    1.710000     39.915874    31.890088
    1.717500     39.985303    28.559697
    1.725000     40.042633    22.274853
    1.732500     39.847557    16.021435
    1.740000     39.737677    15.538300
    1.747500     40.122722    22.806618
    1.755000     40.827643    38.394048
    1.762500     41.228482    51.199141
    1.770000     41.018350    48.087589
    1.777500     40.519659    40.469751
    1.785000     40.161501    37.690530
    1.792500     40.133941    37.286292
    1.800000     40.307492    34.464245
