#! FIELDS cyl.z file.free uncertainty
#! SET sample_size 89997
#! SET effective_sample_size 576.485
#! SET fundeltaF 29.2679
#! SET blocks_num 3
#! SET blocks_effective_num 1.99536
#! SET min_cyl.z 0.3
#! SET max_cyl.z 1.8
#! SET nbins_cyl.z 201
#! SET periodic_cyl.z false
    0.300000    216.652446     5.889675
    0.307500    198.160034     5.889674
    0.315000    181.070652     5.889673
    0.322500    165.384134     5.889657
    0.330000    151.099549     5.889485
    0.337500    138.211518     5.887590
    0.345000    126.687488     5.866546
    0.352500    116.325282     5.650565
    0.360000    106.150784     4.336916
    0.367500     94.797879     2.219024
    0.375000     83.220149     1.100454
    0.382500     72.478837     0.592786
    0.390000     62.881578     0.529773
    0.397500     54.537488     0.771218
    0.405000     47.492320     1.061138
    0.412500     41.744215     1.311485
    0.420000     37.202829     1.448443
    0.427500     33.527952     1.365869
    0.435000     29.976137     1.214048
    0.442500     26.128904     1.279390
    0.450000     22.337223     1.269941
    0.457500     18.805354     0.919686
    0.465000     15.599032     0.653205
    0.472500     12.866580     0.647319
    0.480000     10.699935     0.667603
    0.487500      9.010009     0.582446
    0.495000      7.566354     0.483060
    0.502500      6.202777     0.571249
    0.510000      4.922532     0.632463
    0.517500      3.800483     0.584920
    0.525000      2.876574     0.508399
    0.532500      2.128059     0.452320
    0.540000      1.539245     0.371040
    0.547500      1.070471     0.231874
    0.555000      0.675968     0.075030
    0.562500      0.407038     0.081003
    0.570000      0.252840     0.139278
    0.577500      0.107592     0.098655
    0.585000      0.000000     0.048752
    0.592500      0.009851     0.090510
    0.600000      0.080098     0.111675
    0.607500      0.121399     0.113431
    0.615000      0.184428     0.130671
    0.622500      0.370071     0.186665
    0.630000      0.670547     0.217162
    0.637500      1.002774     0.215391
    0.645000      1.374460     0.266409
    0.652500      1.822061     0.363769
    0.660000      2.317338     0.464506
    0.667500      2.872305     0.534462
    0.675000      3.399255     0.509706
    0.682500      3.752007     0.505106
    0.690000      4.106161     0.672959
    0.697500      4.711939     1.060398
    0.705000      5.546526     1.627881
    0.712500      6.302803     1.917022
    0.720000      6.727359     1.506736
    0.727500      7.149713     0.959981
    0.735000      8.019350     0.807645
    0.742500      9.318030     1.174745
    0.750000     10.613772     1.772774
    0.757500     11.594122     2.265534
    0.765000     12.377893     2.502339
    0.772500     13.216870     2.501120
    0.780000     14.287016     2.309602
    0.787500     15.535561     1.979733
    0.795000     16.834040     1.654542
    0.802500     18.156860     1.426318
    0.810000     19.431676     1.349587
    0.817500     20.621612     1.522889
    0.825000     21.644080     1.865277
    0.832500     22.321762     2.303263
    0.840000     22.644282     2.687771
    0.847500     22.657354     2.888611
    0.855000     22.565704     2.885904
    0.862500     22.731896     2.698587
    0.870000     23.254275     2.431933
    0.877500     23.900635     2.364363
    0.885000     24.467453     2.552207
    0.892500     24.937053     2.682442
    0.900000     25.332909     2.643570
    0.907500     25.683212     2.510515
    0.915000     25.889091     2.419580
    0.922500     25.827591     2.440013
    0.930000     25.772637     2.651405
    0.937500     26.124167     2.706901
    0.945000     26.882166     2.482414
    0.952500     27.656660     2.253407
    0.960000     28.187195     2.257713
    0.967500     28.543633     2.399803
    0.975000     28.781084     2.526541
    0.982500     29.010230     2.528978
    0.990000     29.418810     2.370248
    0.997500     30.052378     2.103869
    1.005000     30.736265     1.828734
    1.012500     31.162999     1.665913
    1.020000     31.251294     1.701965
    1.027500     31.266958     1.863963
    1.035000     31.361160     2.139252
    1.042500     31.544302     2.530903
    1.050000     32.016113     2.650226
    1.057500     32.911188     2.299983
    1.065000     33.959806     1.754231
    1.072500     34.739233     1.529304
    1.080000     35.120401     1.729199
    1.087500     35.284802     1.986119
    1.095000     35.500543     1.844659
    1.102500     35.764363     1.227943
    1.110000     35.867079     0.568080
    1.117500     35.902389     0.289302
    1.125000     36.084299     0.370579
    1.132500     36.439572     0.677184
    1.140000     36.926490     0.899659
    1.147500     37.436603     0.890953
    1.155000     37.799862     0.760494
    1.162500     37.973600     0.784711
    1.170000     38.064780     0.899770
    1.177500     38.143726     0.931938
    1.185000     38.271234     1.139752
    1.192500     38.567832     1.521479
    1.200000     39.097159     1.592843
    1.207500     39.757934     1.091823
    1.215000     40.290608     0.680732
    1.222500     40.553666     0.897322
    1.230000     40.622789     1.005661
    1.237500     40.660004     0.934040
    1.245000     40.811183     0.849349
    1.252500     41.025296     0.837156
    1.260000     41.154068     0.810741
    1.267500     41.212807     0.708071
    1.275000     41.292631     0.559456
    1.282500     41.409352     0.454926
    1.290000     41.622196     0.484732
    1.297500     42.021746     0.567904
    1.305000     42.517783     0.744699
    1.312500     42.912407     1.021236
    1.320000     43.039051     1.208748
    1.327500     42.854897     1.110552
    1.335000     42.681578     0.905234
    1.342500     42.752388     0.852147
    1.350000     42.843829     1.032141
    1.357500     42.762368     1.222095
    1.365000     42.690721     1.249479
    1.372500     42.775618     1.095269
    1.380000     42.878688     0.758734
    1.387500     42.747920     0.458114
    1.395000     42.459547     0.473592
    1.402500     42.250956     0.598945
    1.410000     42.100060     0.516048
    1.417500     41.845776     0.236820
    1.425000     41.543977     0.071890
    1.432500     41.418854     0.164575
    1.440000     41.551177     0.263986
    1.447500     41.816241     0.444629
    1.455000     42.024731     0.680181
    1.462500     42.089368     0.737865
    1.470000     42.046300     0.657034
    1.477500     41.985249     0.635783
    1.485000     42.010481     0.685686
    1.492500     42.111097     0.720697
    1.500000     42.063487     0.760535
    1.507500     41.711657     0.709189
    1.515000     41.279923     0.456137
    1.522500     40.982245     0.228252
    1.530000     40.774521     0.183803
    1.537500     40.654149     0.215443
    1.545000     40.770640     0.274972
    1.552500     41.116037     0.363391
    1.560000     41.467361     0.391248
    1.567500     41.714668     0.330721
    1.575000     41.900723     0.288222
    1.582500     41.939830     0.323059
    1.590000     41.651243     0.314838
    1.597500     41.186563     0.248667
    1.605000     40.900810     0.262793
    1.612500     40.868316     0.191098
    1.620000     40.906697     0.149387
    1.627500     40.942352     0.252479
    1.635000     41.045581     0.297269
    1.642500     41.138768     0.316097
    1.650000     40.987930     0.265536
    1.657500     40.580162     0.325688
    1.665000     40.224746     0.490879
    1.672500     40.135580     0.599908
    1.680000     40.264450     0.621204
    1.687500     40.424604     0.579549
    1.695000     40.533095     0.525958
    1.702500     40.595310     0.497028
    1.710000     40.592194     0.522304
    1.717500     40.582118     0.556542
    1.725000     40.647226     0.592564
    1.732500     40.772357     0.646084
    1.740000     40.852044     0.660671
    1.747500     40.846241     0.621067
    1.755000     40.891995     0.590349
    1.762500     41.100025     0.542902
    1.770000     41.353835     0.488375
    1.777500     41.455966     0.508415
    1.785000     41.353954     0.529709
    1.792500     41.110883     0.542801
    1.800000     40.932880     0.580586
