#! FIELDS cyl.z file.free uncertainty
#! SET sample_size 89997
#! SET effective_sample_size 338.113
#! SET fundeltaF 28.0987
#! SET blocks_num 3
#! SET blocks_effective_num 1.92546
#! SET min_cyl.z 0.3
#! SET max_cyl.z 1.8
#! SET nbins_cyl.z 201
#! SET periodic_cyl.z false
    0.300000    242.966705     1.820506
    0.307500    222.301106     1.820506
    0.315000    202.983839     1.820506
    0.322500    184.944907     1.820506
    0.330000    168.053737     1.820502
    0.337500    152.141400     1.820483
    0.345000    137.119516     1.820389
    0.352500    123.071480     1.820015
    0.360000    110.162144     1.818646
    0.367500     98.516689     1.813848
    0.375000     88.193722     1.797406
    0.382500     79.194474     1.742604
    0.390000     71.412769     1.573634
    0.397500     64.166603     1.239719
    0.405000     55.510927     1.260786
    0.412500     46.015104     1.500280
    0.420000     37.437290     1.602895
    0.427500     30.184994     1.642315
    0.435000     24.313713     1.659978
    0.442500     19.827847     1.665719
    0.450000     16.714225     1.657331
    0.457500     14.908035     1.616658
    0.465000     14.036407     1.480607
    0.472500     12.726444     1.230518
    0.480000     10.406345     1.073426
    0.487500      8.471657     0.915819
    0.495000      7.307261     0.675281
    0.502500      6.467690     0.438736
    0.510000      5.507296     0.259238
    0.517500      4.512821     0.158911
    0.525000      3.615794     0.237251
    0.532500      2.837640     0.220595
    0.540000      2.245911     0.221901
    0.547500      1.839114     0.281928
    0.555000      1.487122     0.308550
    0.562500      1.044169     0.068643
    0.570000      0.558594     0.196140
    0.577500      0.215816     0.206329
    0.585000      0.068359     0.031487
    0.592500      0.006309     0.220061
    0.600000      0.000000     0.323365
    0.607500      0.124349     0.279806
    0.615000      0.281831     0.086001
    0.622500      0.316602     0.226070
    0.630000      0.329698     0.407360
    0.637500      0.453936     0.433818
    0.645000      0.652546     0.398603
    0.652500      0.875008     0.361711
    0.660000      1.190953     0.294844
    0.667500      1.755695     0.131818
    0.675000      2.524104     0.262159
    0.682500      3.123683     0.542432
    0.690000      3.338487     0.583997
    0.697500      3.401991     0.515227
    0.705000      3.666458     0.446788
    0.712500      4.337263     0.454072
    0.720000      5.331517     0.609585
    0.727500      6.356863     0.784550
    0.735000      7.303548     0.798717
    0.742500      8.278746     0.656121
    0.750000      9.291906     0.567381
    0.757500     10.216204     0.541292
    0.765000     10.973990     0.704452
    0.772500     11.744324     0.839744
    0.780000     12.675059     0.690996
    0.787500     13.722268     0.406174
    0.795000     14.855497     0.506661
    0.802500     16.051827     0.663500
    0.810000     17.220158     0.601088
    0.817500     18.243485     0.734988
    0.825000     18.892343     1.369872
    0.832500     19.073611     1.888707
    0.840000     19.183266     1.964100
    0.847500     19.478674     1.778305
    0.855000     19.912657     1.594508
    0.862500     20.420327     1.399270
    0.870000     20.948777     1.020245
    0.877500     21.468188     0.709740
    0.885000     22.020595     0.864523
    0.892500     22.590303     1.125995
    0.900000     23.118817     1.391952
    0.907500     23.588165     1.707297
    0.915000     23.820942     1.918484
    0.922500     23.774931     1.829114
    0.930000     23.807577     1.697291
    0.937500     24.170588     1.835508
    0.945000     24.736304     2.320346
    0.952500     25.174450     2.703300
    0.960000     25.360854     2.488541
    0.967500     25.438720     2.018796
    0.975000     25.591333     1.690650
    0.982500     25.875821     1.458493
    0.990000     26.188593     1.227582
    0.997500     26.387342     0.978336
    1.005000     26.428702     0.710538
    1.012500     26.560514     0.660872
    1.020000     27.186188     0.782665
    1.027500     28.371906     0.910280
    1.035000     29.620765     1.269520
    1.042500     30.373068     1.643207
    1.050000     30.873568     1.794554
    1.057500     31.438576     2.067883
    1.065000     31.731496     2.289700
    1.072500     31.459529     1.896478
    1.080000     31.224721     1.474583
    1.087500     31.610028     1.370498
    1.095000     32.567979     1.509983
    1.102500     33.539260     1.896304
    1.110000     34.055980     2.395778
    1.117500     34.230591     2.632009
    1.125000     34.429383     2.489008
    1.132500     34.860817     2.278334
    1.140000     35.412026     2.192040
    1.147500     35.841265     2.169509
    1.155000     36.089068     2.161077
    1.162500     36.206584     2.166629
    1.170000     36.228974     2.137657
    1.177500     36.303092     2.130078
    1.185000     36.632514     2.266436
    1.192500     37.230187     2.553464
    1.200000     37.878074     2.876217
    1.207500     38.412665     3.091853
    1.215000     38.878849     3.255574
    1.222500     39.285683     3.521157
    1.230000     39.594665     3.766798
    1.237500     39.848498     3.606202
    1.245000     40.079437     2.969668
    1.252500     40.267951     2.262335
    1.260000     40.438201     1.878188
    1.267500     40.628907     1.890726
    1.275000     40.758365     2.152937
    1.282500     40.697399     2.525171
    1.290000     40.469293     2.938511
    1.297500     40.160187     3.193877
    1.305000     39.862140     3.174731
    1.312500     39.670209     2.981017
    1.320000     39.655043     2.715651
    1.327500     39.856767     2.508648
    1.335000     40.112179     2.505395
    1.342500     40.094493     2.572823
    1.350000     39.882128     2.580459
    1.357500     39.835392     2.583297
    1.365000     40.012380     2.482598
    1.372500     40.223114     2.389654
    1.380000     40.308653     2.518017
    1.387500     40.194387     2.608213
    1.395000     39.919160     2.508026
    1.402500     39.684330     2.403612
    1.410000     39.639316     2.282651
    1.417500     39.661668     2.080862
    1.425000     39.474448     2.036661
    1.432500     39.054451     2.166176
    1.440000     38.728605     2.231051
    1.447500     38.704364     2.225314
    1.455000     38.892507     2.278752
    1.462500     39.075540     2.473614
    1.470000     39.106052     2.684368
    1.477500     39.088401     2.847466
    1.485000     39.213479     3.150865
    1.492500     39.453873     3.644149
    1.500000     39.624440     3.970414
    1.507500     39.608161     3.805649
    1.515000     39.481461     3.372084
    1.522500     39.444835     3.117895
    1.530000     39.565387     3.331680
    1.537500     39.754586     3.879431
    1.545000     39.885439     4.168990
    1.552500     39.848434     3.937285
    1.560000     39.689799     3.537598
    1.567500     39.497110     3.075437
    1.575000     39.296253     2.542274
    1.582500     39.197570     2.150828
    1.590000     39.323925     1.990173
    1.597500     39.664502     2.162436
    1.605000     40.112219     2.814770
    1.612500     40.482915     3.605352
    1.620000     40.544140     3.849255
    1.627500     40.283858     3.485081
    1.635000     39.949519     2.861530
    1.642500     39.721866     2.268918
    1.650000     39.638691     2.003119
    1.657500     39.685494     2.198430
    1.665000     39.761261     2.692227
    1.672500     39.727188     3.080197
    1.680000     39.565939     3.184146
    1.687500     39.387204     3.151199
    1.695000     39.302123     3.185909
    1.702500     39.314147     3.415137
    1.710000     39.372090     3.686831
    1.717500     39.457091     3.707798
    1.725000     39.578475     3.505915
    1.732500     39.735614     3.339516
    1.740000     39.826313     3.326037
    1.747500     39.850146     3.499501
    1.755000     39.958335     3.771367
    1.762500     40.033686     3.930131
    1.770000     39.832204     4.018248
    1.777500     39.581179     4.271653
    1.785000     39.586070     4.684643
    1.792500     39.791272     5.131869
    1.800000     40.050107     5.463613
