#! FIELDS cyl.z file.free uncertainty
#! SET sample_size 14997
#! SET effective_sample_size 99.6687
#! SET fundeltaF 31.4663
#! SET blocks_num 3
#! SET blocks_effective_num 1.32945
#! SET min_cyl.z 0.3
#! SET max_cyl.z 1.8
#! SET nbins_cyl.z 201
#! SET periodic_cyl.z false
    0.300000    296.055586    10.692648
    0.307500    270.005337    10.692648
    0.315000    245.358154    10.692648
    0.322500    222.114035    10.692648
    0.330000    200.272980    10.692648
    0.337500    179.834984    10.692648
    0.345000    160.800031    10.692648
    0.352500    143.168063    10.692648
    0.360000    126.938876    10.692648
    0.367500    112.111745    10.692647
    0.375000     98.684096    10.692646
    0.382500     86.646859    10.692642
    0.390000     75.968628    10.692622
    0.397500     66.547426    10.692542
    0.405000     58.112989    10.692272
    0.412500     50.255468    10.691670
    0.420000     42.891546    10.690801
    0.427500     36.389417    10.689504
    0.435000     31.063115    10.686281
    0.442500     27.017392    10.673816
    0.450000     24.205247    10.615363
    0.457500     22.312154    10.356890
    0.465000     20.228103     9.738762
    0.472500     16.923561     9.384455
    0.480000     13.507811     9.146935
    0.487500     10.864266     8.503330
    0.495000      9.066371     7.252913
    0.502500      7.734078     5.633463
    0.510000      6.348759     4.403028
    0.517500      4.916883     3.485518
    0.525000      3.820475     2.494592
    0.532500      3.205008     1.494925
    0.540000      2.771268     0.616190
    0.547500      2.176426     0.161402
    0.555000      1.699164     0.192286
    0.562500      1.584044     0.080789
    0.570000      1.497733     0.294366
    0.577500      1.106392     0.402305
    0.585000      0.580149     0.091681
    0.592500      0.157318     0.343421
    0.600000      0.000000     0.555362
    0.607500      0.196478     0.523514
    0.615000      0.652652     0.197360
    0.622500      1.143327     0.267506
    0.630000      1.492714     0.316107
    0.637500      1.690532     0.169756
    0.645000      1.868936     0.668698
    0.652500      2.087376     0.878015
    0.660000      2.362329     0.863428
    0.667500      2.737193     0.801860
    0.675000      3.170891     0.722753
    0.682500      3.555553     0.509317
    0.690000      3.778446     0.278570
    0.697500      3.918733     0.355354
    0.705000      4.352561     0.566003
    0.712500      5.345685     0.410780
    0.720000      6.563941     0.415490
    0.727500      7.407708     1.009398
    0.735000      8.333162     0.912657
    0.742500     10.004092     0.879959
    0.750000     12.370625     1.232296
    0.757500     14.604676     1.903998
    0.765000     15.765855     2.499535
    0.772500     16.272268     2.159013
    0.780000     16.897277     1.137205
    0.787500     17.966366     0.997555
    0.795000     19.506585     1.201293
    0.802500     21.137065     1.015252
    0.810000     22.416306     2.479376
    0.817500     23.538919     4.087537
    0.825000     24.851160     4.729227
    0.832500     26.191543     4.987054
    0.840000     26.722850     5.070792
    0.847500     25.957415     3.178737
    0.855000     24.565445     1.266766
    0.862500     23.674908     0.815500
    0.870000     23.839668     0.861622
    0.877500     25.073624     1.251801
    0.885000     26.813924     3.223693
    0.892500     27.760743     6.327567
    0.900000     27.762417     7.124131
    0.907500     27.583789     5.845326
    0.915000     27.301684     3.744899
    0.922500     27.049851     2.296619
    0.930000     27.118895     1.787963
    0.937500     27.675092     2.034169
    0.945000     28.674646     3.138929
    0.952500     29.605293     5.077705
    0.960000     29.539230     5.451194
    0.967500     28.593591     3.397740
    0.975000     27.830474     1.843805
    0.982500     27.730202     1.329604
    0.990000     28.115300     1.055331
    0.997500     28.661822     1.025617
    1.005000     29.442749     2.055612
    1.012500     30.481934     3.327913
    1.020000     31.285275     3.407043
    1.027500     31.580894     2.902110
    1.035000     31.694773     3.249464
    1.042500     31.901513     3.469036
    1.050000     32.486805     3.030418
    1.057500     33.683558     2.485040
    1.065000     35.264988     2.364742
    1.072500     36.398869     2.959175
    1.080000     36.970507     3.637065
    1.087500     37.736479     5.115938
    1.095000     38.601975     8.467915
    1.102500     38.760507    10.813894
    1.110000     38.261915     9.625462
    1.117500     37.966155     8.306520
    1.125000     38.270905     8.160433
    1.132500     38.991463     8.833815
    1.140000     39.757557     9.535068
    1.147500     40.370914     9.733896
    1.155000     40.750549     9.918860
    1.162500     41.066561    11.084446
    1.170000     41.415293    14.573213
    1.177500     41.550473    20.179890
    1.185000     41.447899    24.185251
    1.192500     41.439522    24.884907
    1.200000     41.763041    23.123210
    1.207500     42.490773    21.301725
    1.215000     43.620305    21.512618
    1.222500     44.899618    22.688492
    1.230000     45.663282    24.909905
    1.237500     45.633419    32.792124
    1.245000     45.163673    47.551571
    1.252500     44.538696    61.976129
    1.260000     44.110706    68.841528
    1.267500     44.093839    68.977748
    1.275000     44.281340    64.501587
    1.282500     44.374837    57.925815
    1.290000     44.346621    53.959030
    1.297500     44.154867    57.223186
    1.305000     43.743529    66.560351
    1.312500     43.139980    75.700192
    1.320000     42.655543    80.456558
    1.327500     42.685072    81.835064
    1.335000     43.269794    81.165800
    1.342500     43.895664    79.243097
    1.350000     43.965573    78.257890
    1.357500     43.846695    78.033341
    1.365000     43.986354    77.625793
    1.372500     44.225091    77.355480
    1.380000     44.185000    76.784146
    1.387500     43.956018    75.681486
    1.395000     43.791739    74.367083
    1.402500     43.546165    72.892303
    1.410000     43.272783    71.699597
    1.417500     43.399644    71.032195
    1.425000     44.100830    71.321493
    1.432500     45.022957    73.958253
    1.440000     45.528185    77.647243
    1.447500     45.365033    79.066832
    1.455000     44.898181    79.849271
    1.462500     44.602567    81.181129
    1.470000     44.219656    82.570898
    1.477500     43.514714    83.061274
    1.485000     42.986473    82.471111
    1.492500     42.881385    80.411141
    1.500000     43.081280    76.347595
    1.507500     43.348615    72.349642
    1.515000     43.412441    72.673897
    1.522500     43.337186    76.070879
    1.530000     43.241056    79.258864
    1.537500     43.100180    81.492818
    1.545000     43.117018    82.839346
    1.552500     43.241295    83.745251
    1.560000     42.810813    84.270280
    1.567500     41.891921    84.313986
    1.575000     41.211756    84.251846
    1.582500     41.026609    84.262093
    1.590000     41.302182    84.252461
    1.597500     41.868660    84.068294
    1.605000     42.542166    83.762615
    1.612500     43.314110    83.513645
    1.620000     44.162793    83.351567
    1.627500     44.267973    83.450909
    1.635000     43.063581    83.704497
    1.642500     41.965896    83.680556
    1.650000     41.702180    83.336701
    1.657500     42.140845    82.471998
    1.665000     42.797812    81.216140
    1.672500     43.379604    80.294771
    1.680000     43.965493    79.326901
    1.687500     44.401481    78.132421
    1.695000     44.451392    78.526014
    1.702500     44.414257    80.239397
    1.710000     44.544395    81.481661
    1.717500     44.854070    81.119328
    1.725000     45.377331    78.688455
    1.732500     45.894213    75.751793
    1.740000     45.884984    76.805329
    1.747500     45.620975    79.990268
    1.755000     45.678463    81.761343
    1.762500     45.653103    82.533411
    1.770000     45.035237    82.931509
    1.777500     44.465702    82.896736
    1.785000     44.515777    82.727698
    1.792500     45.294592    82.759271
    1.800000     46.518205    83.082738
