#! FIELDS cyl.z file.free uncertainty
#! SET sample_size 189999
#! SET effective_sample_size 604.106
#! SET fundeltaF 27.7912
#! SET blocks_num 3
#! SET blocks_effective_num 2.33379
#! SET min_cyl.z 0.3
#! SET max_cyl.z 1.8
#! SET nbins_cyl.z 201
#! SET periodic_cyl.z false
    0.300000    245.419129     3.244214
    0.307500    224.753509     3.244214
    0.315000    205.436175     3.244214
    0.322500    187.397050     3.244214
    0.330000    170.505390     3.244211
    0.337500    154.592065     3.244192
    0.345000    139.568684     3.244096
    0.352500    125.518797     3.243671
    0.360000    112.607117     3.241858
    0.367500    100.957369     3.233977
    0.375000     90.620157     3.198422
    0.382500     81.554161     3.036621
    0.390000     73.465013     2.399932
    0.397500     65.399828     1.157696
    0.405000     56.524974     0.988540
    0.412500     47.578983     1.716649
    0.420000     39.362885     2.277315
    0.427500     32.233730     2.501855
    0.435000     26.345069     2.502900
    0.442500     21.745494     2.357266
    0.450000     18.408935     2.073187
    0.457500     16.179860     1.597569
    0.465000     14.519186     0.934314
    0.472500     12.471592     0.594366
    0.480000     10.072541     0.548722
    0.487500      8.074400     0.536537
    0.495000      6.657135     0.603669
    0.502500      5.599108     0.666889
    0.510000      4.644753     0.622661
    0.517500      3.739439     0.543475
    0.525000      2.938219     0.480526
    0.532500      2.253233     0.415088
    0.540000      1.707081     0.360020
    0.547500      1.334448     0.314302
    0.555000      1.044286     0.273223
    0.562500      0.671790     0.239751
    0.570000      0.278244     0.236613
    0.577500      0.045789     0.188786
    0.585000      0.000000     0.084907
    0.592500      0.084086     0.082575
    0.600000      0.227407     0.196501
    0.607500      0.306575     0.158999
    0.615000      0.256401     0.026197
    0.622500      0.209821     0.160648
    0.630000      0.352223     0.208183
    0.637500      0.709701     0.257902
    0.645000      1.193326     0.394941
    0.652500      1.673183     0.572389
    0.660000      2.027585     0.578268
    0.667500      2.374721     0.375053
    0.675000      2.893831     0.300954
    0.682500      3.467215     0.455583
    0.690000      3.881611     0.616067
    0.697500      4.204310     0.779476
    0.705000      4.641078     0.911205
    0.712500      5.258224     0.891592
    0.720000      5.959906     0.731858
    0.727500      6.675395     0.648802
    0.735000      7.482882     0.648697
    0.742500      8.517549     0.646144
    0.750000      9.795899     0.741564
    0.757500     11.077587     1.034180
    0.765000     12.123839     1.339611
    0.772500     13.095735     1.520676
    0.780000     14.121919     1.500267
    0.787500     14.994178     1.246677
    0.795000     15.633356     0.887862
    0.802500     16.191725     0.460157
    0.810000     16.765948     0.080481
    0.817500     17.513700     0.308265
    0.825000     18.359710     0.566364
    0.832500     18.785625     0.903432
    0.840000     18.960521     1.021889
    0.847500     19.505921     1.111441
    0.855000     20.415590     1.379094
    0.862500     21.276568     1.552588
    0.870000     21.892544     1.343627
    0.877500     22.367340     1.041518
    0.885000     22.767437     0.872101
    0.892500     23.129951     0.860970
    0.900000     23.544421     0.926769
    0.907500     23.955001     0.953632
    0.915000     24.182592     0.990418
    0.922500     24.255004     1.084772
    0.930000     24.403025     1.183863
    0.937500     24.771230     1.220653
    0.945000     25.228168     1.135380
    0.952500     25.552913     0.962547
    0.960000     25.778459     0.845621
    0.967500     26.032543     0.901441
    0.975000     26.349991     1.045235
    0.982500     26.736391     1.135117
    0.990000     27.133036     1.177783
    0.997500     27.421814     1.196985
    1.005000     27.584434     1.164981
    1.012500     27.830150     1.146190
    1.020000     28.436022     1.139171
    1.027500     29.383947     1.018479
    1.035000     30.288460     0.964421
    1.042500     30.899444     1.058169
    1.050000     31.393074     1.088679
    1.057500     31.826900     0.976202
    1.065000     31.979567     0.801462
    1.072500     31.871451     0.790901
    1.080000     31.873651     0.949867
    1.087500     32.235460     0.974529
    1.095000     32.830222     0.803420
    1.102500     33.325506     0.620880
    1.110000     33.630809     0.563156
    1.117500     33.890446     0.581633
    1.125000     34.205762     0.552400
    1.132500     34.598260     0.449356
    1.140000     35.033285     0.358641
    1.147500     35.455185     0.368309
    1.155000     35.816697     0.441003
    1.162500     36.061994     0.477247
    1.170000     36.188219     0.463125
    1.177500     36.315861     0.424182
    1.185000     36.560516     0.345483
    1.192500     36.882691     0.214960
    1.200000     37.164092     0.112130
    1.207500     37.395365     0.113018
    1.215000     37.650869     0.171387
    1.222500     37.965103     0.289910
    1.230000     38.346881     0.396822
    1.237500     38.759692     0.368452
    1.245000     39.105890     0.180980
    1.252500     39.364187     0.065494
    1.260000     39.621316     0.203873
    1.267500     39.860728     0.250457
    1.275000     39.903161     0.169057
    1.282500     39.736097     0.069995
    1.290000     39.578833     0.160571
    1.297500     39.524257     0.273278
    1.305000     39.539323     0.339392
    1.312500     39.553239     0.401067
    1.320000     39.530144     0.423041
    1.327500     39.556457     0.407018
    1.335000     39.648204     0.393000
    1.342500     39.722049     0.458097
    1.350000     39.777613     0.608218
    1.357500     39.828640     0.628893
    1.365000     39.864455     0.485555
    1.372500     39.917670     0.427151
    1.380000     39.954775     0.486634
    1.387500     39.888581     0.517469
    1.395000     39.733161     0.526888
    1.402500     39.602570     0.564197
    1.410000     39.550912     0.633203
    1.417500     39.511231     0.742281
    1.425000     39.436644     0.848047
    1.432500     39.354286     0.914987
    1.440000     39.319359     0.985833
    1.447500     39.360113     1.022267
    1.455000     39.433818     1.016385
    1.462500     39.474218     1.000025
    1.470000     39.453455     0.972408
    1.477500     39.418354     0.929410
    1.485000     39.465119     0.903260
    1.492500     39.602780     0.924936
    1.500000     39.691358     0.963425
    1.507500     39.606108     0.936665
    1.515000     39.429083     0.844133
    1.522500     39.311656     0.724176
    1.530000     39.264874     0.623190
    1.537500     39.245066     0.594325
    1.545000     39.270838     0.628225
    1.552500     39.344067     0.674329
    1.560000     39.422280     0.697380
    1.567500     39.432770     0.716611
    1.575000     39.353703     0.762775
    1.582500     39.306897     0.802602
    1.590000     39.393179     0.728219
    1.597500     39.590891     0.538738
    1.605000     39.784751     0.352331
    1.612500     39.787691     0.237627
    1.620000     39.582729     0.115461
    1.627500     39.396937     0.137679
    1.635000     39.353215     0.268931
    1.642500     39.390395     0.361774
    1.650000     39.436188     0.377233
    1.657500     39.459663     0.340299
    1.665000     39.451589     0.335442
    1.672500     39.422208     0.399590
    1.680000     39.329351     0.481095
    1.687500     39.185460     0.497439
    1.695000     39.143573     0.461458
    1.702500     39.278032     0.499922
    1.710000     39.465191     0.619335
    1.717500     39.561704     0.657924
    1.725000     39.575174     0.564556
    1.732500     39.557956     0.400945
    1.740000     39.489221     0.285190
    1.747500     39.394880     0.280497
    1.755000     39.408344     0.341568
    1.762500     39.553703     0.442397
    1.770000     39.653916     0.581981
    1.777500     39.624319     0.694331
    1.785000     39.572307     0.712708
    1.792500     39.570937     0.668609
    1.800000     39.706123     0.642599
