#! FIELDS cyl.z file.free uncertainty
#! SET sample_size 89997
#! SET effective_sample_size 418.797
#! SET fundeltaF 29.7913
#! SET blocks_num 3
#! SET blocks_effective_num 2.18309
#! SET min_cyl.z 0.3
#! SET max_cyl.z 1.8
#! SET nbins_cyl.z 201
#! SET periodic_cyl.z false
    0.300000    301.251208     6.499647
    0.307500    277.664838     5.737572
    0.315000    255.205675     4.493597
    0.322500    233.682403     2.857150
    0.330000    212.928075     1.279313
    0.337500    192.939195     0.204915
    0.345000    173.872980     0.616403
    0.352500    155.911239     1.021367
    0.360000    139.181158     1.228659
    0.367500    123.753620     1.301439
    0.375000    109.658970     1.277129
    0.382500     96.892477     1.158122
    0.390000     85.400164     0.916637
    0.397500     75.042043     0.684370
    0.405000     65.575688     1.195618
    0.412500     56.782198     2.017386
    0.420000     48.642908     2.379540
    0.427500     41.230005     2.152292
    0.435000     34.541699     1.607461
    0.442500     28.580838     1.138939
    0.450000     23.435360     0.867230
    0.457500     19.190786     0.791813
    0.465000     15.837005     1.017351
    0.472500     13.253288     1.323190
    0.480000     11.227421     1.414606
    0.487500      9.498680     1.255629
    0.495000      7.892327     0.971700
    0.502500      6.453900     0.704387
    0.510000      5.290539     0.618043
    0.517500      4.367478     0.587613
    0.525000      3.571639     0.486926
    0.532500      2.864404     0.379886
    0.540000      2.261886     0.274720
    0.547500      1.714810     0.223232
    0.555000      1.204320     0.206538
    0.562500      0.832279     0.092758
    0.570000      0.630598     0.054898
    0.577500      0.516215     0.167006
    0.585000      0.433622     0.225219
    0.592500      0.343207     0.163521
    0.600000      0.213635     0.070921
    0.607500      0.077813     0.157412
    0.615000      0.000000     0.187544
    0.622500      0.088264     0.125370
    0.630000      0.377431     0.034282
    0.637500      0.722826     0.072556
    0.645000      1.030914     0.076987
    0.652500      1.321135     0.029311
    0.660000      1.533308     0.130010
    0.667500      1.743662     0.205479
    0.675000      2.222761     0.158793
    0.682500      3.035715     0.054352
    0.690000      3.938243     0.114580
    0.697500      4.729454     0.256628
    0.705000      5.423500     0.296657
    0.712500      6.000722     0.231269
    0.720000      6.520929     0.178539
    0.727500      7.190840     0.202486
    0.735000      8.134843     0.205475
    0.742500      9.252576     0.374276
    0.750000     10.112091     0.329521
    0.757500     10.562495     0.317305
    0.765000     11.168125     0.548681
    0.772500     12.194206     0.630433
    0.780000     13.386694     0.804662
    0.787500     14.590259     1.297940
    0.795000     15.911926     1.889887
    0.802500     17.378175     2.264973
    0.810000     18.943427     2.187332
    0.817500     20.033783     1.463483
    0.825000     19.914170     0.611281
    0.832500     19.641388     0.305364
    0.840000     20.099467     0.266405
    0.847500     21.166494     0.421197
    0.855000     21.996664     1.359971
    0.862500     21.900344     3.101413
    0.870000     21.246641     4.816214
    0.877500     20.902987     5.498619
    0.885000     21.323532     5.078480
    0.892500     22.268844     3.550424
    0.900000     23.117134     2.155679
    0.907500     23.755645     1.827311
    0.915000     24.402435     1.937931
    0.922500     25.003068     2.185270
    0.930000     25.402746     2.319668
    0.937500     25.595608     2.353807
    0.945000     25.729716     2.317280
    0.952500     25.909360     2.316207
    0.960000     26.126217     2.363481
    0.967500     26.349296     2.328646
    0.975000     26.610982     2.221957
    0.982500     26.994675     2.182498
    0.990000     27.589078     2.171249
    0.997500     28.345497     2.057475
    1.005000     29.044909     1.872994
    1.012500     29.563935     1.800419
    1.020000     29.978883     1.894842
    1.027500     30.384447     2.075991
    1.035000     30.871285     2.285868
    1.042500     31.467547     2.527780
    1.050000     32.001153     2.723505
    1.057500     32.379334     2.737567
    1.065000     32.748623     2.590289
    1.072500     33.148654     2.302893
    1.080000     33.571585     2.071766
    1.087500     34.119533     2.164878
    1.095000     34.741575     2.610752
    1.102500     35.108991     3.177725
    1.110000     35.175670     3.387484
    1.117500     35.343762     3.239540
    1.125000     35.809639     3.026004
    1.132500     36.428665     2.923295
    1.140000     36.965345     2.987891
    1.147500     37.383840     3.097562
    1.155000     37.747322     3.089409
    1.162500     37.975212     3.038397
    1.170000     38.079485     3.192575
    1.177500     38.306104     3.499019
    1.185000     38.805126     3.769467
    1.192500     39.460818     3.982836
    1.200000     40.035110     4.089416
    1.207500     40.415438     3.956652
    1.215000     40.742218     3.761369
    1.222500     41.154479     3.774144
    1.230000     41.472686     3.846958
    1.237500     41.587292     3.560266
    1.245000     41.710734     3.051851
    1.252500     41.914104     2.742105
    1.260000     42.105983     2.811660
    1.267500     42.301732     3.136114
    1.275000     42.545027     3.258870
    1.282500     42.657323     2.820799
    1.290000     42.486397     2.240274
    1.297500     42.360778     1.916536
    1.305000     42.592847     1.835026
    1.312500     43.053633     2.060466
    1.320000     43.331308     2.427458
    1.327500     43.261927     2.537042
    1.335000     43.021558     2.490646
    1.342500     42.813080     2.556939
    1.350000     42.816412     2.807816
    1.357500     43.011516     2.986348
    1.365000     43.085232     2.661278
    1.372500     42.734680     1.945666
    1.380000     42.194641     1.410439
    1.387500     41.964940     1.303255
    1.395000     42.063568     1.661059
    1.402500     42.119953     2.089825
    1.410000     42.061949     2.053925
    1.417500     42.087884     1.815418
    1.425000     42.196191     1.834180
    1.432500     42.240721     2.127616
    1.440000     42.250778     2.402806
    1.447500     42.389070     2.518317
    1.455000     42.638049     2.423630
    1.462500     42.817277     2.091890
    1.470000     42.825539     1.756231
    1.477500     42.774248     1.735032
    1.485000     42.853646     1.957203
    1.492500     43.088423     2.060286
    1.500000     43.243272     1.944475
    1.507500     43.029227     1.915505
    1.515000     42.543463     2.069786
    1.522500     42.132328     2.219020
    1.530000     41.940525     2.285473
    1.537500     41.888186     2.307224
    1.545000     41.826775     2.223874
    1.552500     41.702710     2.004228
    1.560000     41.660951     1.940174
    1.567500     41.783938     2.303531
    1.575000     41.878868     2.718917
    1.582500     41.798848     2.484475
    1.590000     41.646739     1.817471
    1.597500     41.584712     1.299903
    1.605000     41.599496     1.163004
    1.612500     41.607649     1.389563
    1.620000     41.667136     1.778413
    1.627500     41.725693     2.155307
    1.635000     41.691181     2.361463
    1.642500     41.670167     2.305617
    1.650000     41.666225     2.031197
    1.657500     41.565838     1.776972
    1.665000     41.466163     1.683779
    1.672500     41.512075     1.675563
    1.680000     41.632668     1.764088
    1.687500     41.667289     2.007705
    1.695000     41.619650     2.278101
    1.702500     41.586487     2.415789
    1.710000     41.540398     2.389490
    1.717500     41.372035     2.220595
    1.725000     41.140124     1.963022
    1.732500     41.038241     1.667429
    1.740000     41.123396     1.422707
    1.747500     41.247776     1.308641
    1.755000     41.247300     1.263113
    1.762500     41.112058     1.176379
    1.770000     40.934911     1.020878
    1.777500     40.807648     0.844327
    1.785000     40.739774     0.743239
    1.792500     40.686781     0.713820
    1.800000     40.778216     0.671293
