#! FIELDS cyl.z file.free uncertainty
#! SET sample_size 189999
#! SET effective_sample_size 895.251
#! SET fundeltaF 17.8331
#! SET blocks_num 3
#! SET blocks_effective_num 2.93806
#! SET min_cyl.z 0.3
#! SET max_cyl.z 1.8
#! SET nbins_cyl.z 201
#! SET periodic_cyl.z false
    0.300000    167.295330     2.327538
    0.307500    151.548448     2.321830
    0.315000    137.201585     2.312027
    0.322500    124.251963     2.294842
    0.330000    112.691871     2.262711
    0.337500    102.489651     2.189689
    0.345000     93.476360     1.954437
    0.352500     84.884751     1.293536
    0.360000     75.551653     1.315605
    0.367500     66.173340     1.762328
    0.375000     57.741067     1.992658
    0.382500     50.460005     2.063557
    0.390000     44.212795     1.979197
    0.397500     38.695191     1.766635
    0.405000     33.626322     1.530732
    0.412500     29.066836     1.357314
    0.420000     25.223970     1.265143
    0.427500     22.094173     1.275941
    0.435000     19.447237     1.405659
    0.442500     17.019740     1.494366
    0.450000     14.615552     1.293384
    0.457500     12.186654     0.940373
    0.465000      9.958574     0.733043
    0.472500      8.146276     0.634937
    0.480000      6.731014     0.566012
    0.487500      5.549409     0.576182
    0.495000      4.484525     0.648153
    0.502500      3.541844     0.641911
    0.510000      2.751385     0.483837
    0.517500      2.111185     0.327682
    0.525000      1.614040     0.313336
    0.532500      1.201498     0.324872
    0.540000      0.803590     0.318735
    0.547500      0.447729     0.275357
    0.555000      0.184924     0.193799
    0.562500      0.037064     0.127322
    0.570000      0.000000     0.104519
    0.577500      0.050507     0.113438
    0.585000      0.197251     0.121037
    0.592500      0.475738     0.099183
    0.600000      0.877536     0.122316
    0.607500      1.369129     0.128954
    0.615000      1.891828     0.115772
    0.622500      2.327011     0.240611
    0.630000      2.657399     0.316170
    0.637500      2.983672     0.268524
    0.645000      3.340526     0.139311
    0.652500      3.708482     0.180234
    0.660000      4.106857     0.345074
    0.667500      4.526300     0.476026
    0.675000      4.886627     0.618109
    0.682500      5.225414     0.743709
    0.690000      5.642758     0.789216
    0.697500      6.109850     0.802588
    0.705000      6.526350     0.859586
    0.712500      6.836032     0.906229
    0.720000      7.076336     0.896527
    0.727500      7.284144     0.847738
    0.735000      7.454910     0.790891
    0.742500      7.600622     0.784918
    0.750000      7.721291     0.837445
    0.757500      7.843659     0.911808
    0.765000      8.065168     0.955828
    0.772500      8.415450     0.961644
    0.780000      8.815129     0.950668
    0.787500      9.221738     0.917988
    0.795000      9.638169     0.863899
    0.802500     10.046707     0.825159
    0.810000     10.470442     0.822131
    0.817500     10.946342     0.808353
    0.825000     11.468897     0.745437
    0.832500     12.045760     0.696552
    0.840000     12.710865     0.731578
    0.847500     13.430964     0.790003
    0.855000     14.097926     0.788035
    0.862500     14.715962     0.802547
    0.870000     15.423091     0.836766
    0.877500     16.225733     0.880079
    0.885000     16.981196     0.934681
    0.892500     17.604022     0.934547
    0.900000     18.119085     0.910636
    0.907500     18.602652     0.895555
    0.915000     19.050121     0.908905
    0.922500     19.442352     1.011157
    0.930000     19.845616     1.103293
    0.937500     20.194078     1.122269
    0.945000     20.337721     1.152079
    0.952500     20.334450     1.275146
    0.960000     20.401718     1.393508
    0.967500     20.682614     1.362005
    0.975000     21.115086     1.191488
    0.982500     21.576077     1.018624
    0.990000     22.030018     0.916630
    0.997500     22.421324     0.865490
    1.005000     22.688858     0.870039
    1.012500     22.893761     0.948616
    1.020000     23.145654     1.087609
    1.027500     23.482238     1.162484
    1.035000     23.893742     1.082525
    1.042500     24.315041     0.950249
    1.050000     24.629271     0.910504
    1.057500     24.840879     0.964231
    1.065000     25.034962     1.032485
    1.072500     25.240474     1.087181
    1.080000     25.505466     1.146396
    1.087500     25.851205     1.202539
    1.095000     26.187096     1.242915
    1.102500     26.426530     1.259132
    1.110000     26.594945     1.215676
    1.117500     26.771824     1.135617
    1.125000     27.005410     1.100074
    1.132500     27.290693     1.133598
    1.140000     27.598902     1.150217
    1.147500     27.874130     1.064953
    1.155000     28.051973     0.948009
    1.162500     28.143352     0.929712
    1.170000     28.187225     1.027201
    1.177500     28.229740     1.145384
    1.185000     28.354691     1.185214
    1.192500     28.560663     1.129476
    1.200000     28.741596     1.024485
    1.207500     28.842434     0.928355
    1.215000     28.913824     0.878204
    1.222500     29.000482     0.879208
    1.230000     29.108694     0.908651
    1.237500     29.258124     0.920668
    1.245000     29.446483     0.890462
    1.252500     29.611423     0.873044
    1.260000     29.712069     0.909384
    1.267500     29.792970     0.958695
    1.275000     29.903061     0.986434
    1.282500     30.020288     0.983231
    1.290000     30.075573     0.974561
    1.297500     30.075352     1.022160
    1.305000     30.111118     1.135245
    1.312500     30.188765     1.204850
    1.320000     30.245726     1.107732
    1.327500     30.317994     0.899855
    1.335000     30.441591     0.740172
    1.342500     30.547273     0.712334
    1.350000     30.605135     0.775393
    1.357500     30.602431     0.872938
    1.365000     30.454663     1.005961
    1.372500     30.203602     1.089280
    1.380000     30.045578     1.039462
    1.387500     30.050299     0.961011
    1.395000     30.070958     0.974560
    1.402500     29.969081     1.007541
    1.410000     29.807093     0.969146
    1.417500     29.737494     0.919868
    1.425000     29.825020     0.902699
    1.432500     29.984092     0.907468
    1.440000     30.053633     0.921306
    1.447500     29.968996     0.957615
    1.455000     29.814232     1.027174
    1.462500     29.701256     1.093621
    1.470000     29.654211     1.081178
    1.477500     29.619422     0.976603
    1.485000     29.607839     0.890830
    1.492500     29.695084     0.896751
    1.500000     29.806767     0.976343
    1.507500     29.803495     1.080567
    1.515000     29.776247     1.118186
    1.522500     29.807064     1.088285
    1.530000     29.802029     1.051537
    1.537500     29.777758     1.024775
    1.545000     29.811668     0.992992
    1.552500     29.848055     0.982166
    1.560000     29.860265     1.001612
    1.567500     29.879084     1.011315
    1.575000     29.845343     1.017308
    1.582500     29.739093     1.006473
    1.590000     29.649739     0.947535
    1.597500     29.675071     0.912446
    1.605000     29.838325     0.970734
    1.612500     30.005339     1.100862
    1.620000     30.003711     1.236347
    1.627500     29.878007     1.303960
    1.635000     29.774994     1.286602
    1.642500     29.745590     1.226703
    1.650000     29.797019     1.160887
    1.657500     29.888886     1.089320
    1.665000     29.950411     1.007075
    1.672500     29.951968     0.942150
    1.680000     29.854878     0.929098
    1.687500     29.707443     0.942149
    1.695000     29.670921     0.961614
    1.702500     29.797119     1.012195
    1.710000     29.953914     1.087991
    1.717500     30.022242     1.165784
    1.725000     30.022536     1.255696
    1.732500     29.985066     1.308805
    1.740000     29.925909     1.262077
    1.747500     29.858592     1.205549
    1.755000     29.756880     1.224003
    1.762500     29.615211     1.244999
    1.770000     29.472990     1.184129
    1.777500     29.430911     1.062415
    1.785000     29.596909     0.928387
    1.792500     29.868613     0.824284
    1.800000     30.031331     0.792850
