#! FIELDS cyl.z file.free uncertainty
#! SET sample_size 189999
#! SET effective_sample_size 671.867
#! SET fundeltaF 21.2281
#! SET blocks_num 3
#! SET blocks_effective_num 2.40896
#! SET min_cyl.z 0.3
#! SET max_cyl.z 1.8
#! SET nbins_cyl.z 201
#! SET periodic_cyl.z false
    0.300000    109.665261     2.301129
    0.307500    101.531740     2.301124
    0.315000     94.590511     2.301096
    0.322500     88.830262     2.300933
    0.330000     84.211447     2.300004
    0.337500     80.649078     2.294149
    0.345000     77.978070     2.237206
    0.352500     75.428126     1.575152
    0.360000     68.975916     4.645760
    0.367500     60.328554     5.628345
    0.375000     52.702215     5.762249
    0.382500     46.386068     5.739563
    0.390000     41.256486     5.419645
    0.397500     36.792541     4.204461
    0.405000     32.180067     2.428588
    0.412500     27.569912     1.820323
    0.420000     23.659600     1.826481
    0.427500     20.646228     1.847746
    0.435000     18.309840     1.799917
    0.442500     16.203623     1.701300
    0.450000     13.957102     1.620406
    0.457500     11.529007     1.648294
    0.465000      9.258860     1.733167
    0.472500      7.510851     1.771288
    0.480000      6.337717     1.752679
    0.487500      5.526934     1.716676
    0.495000      4.796450     1.686870
    0.502500      3.997303     1.619887
    0.510000      3.211496     1.450433
    0.517500      2.581388     1.141965
    0.525000      1.998080     0.735290
    0.532500      1.291901     0.402307
    0.540000      0.632401     0.191814
    0.547500      0.220320     0.043202
    0.555000      0.032978     0.119560
    0.562500      0.000000     0.221022
    0.570000      0.093139     0.252219
    0.577500      0.250581     0.222335
    0.585000      0.393416     0.214178
    0.592500      0.531972     0.221923
    0.600000      0.768701     0.185157
    0.607500      1.134125     0.158073
    0.615000      1.567103     0.239477
    0.622500      2.084564     0.372593
    0.630000      2.743600     0.470433
    0.637500      3.454397     0.507991
    0.645000      4.020988     0.487402
    0.652500      4.391655     0.499034
    0.660000      4.754515     0.565406
    0.667500      5.263396     0.632964
    0.675000      5.834562     0.684914
    0.682500      6.350649     0.727866
    0.690000      6.779733     0.865691
    0.697500      7.143137     1.047303
    0.705000      7.516864     1.123368
    0.712500      7.894296     1.104076
    0.720000      8.189355     1.053894
    0.727500      8.433160     0.947212
    0.735000      8.720328     0.807182
    0.742500      9.028451     0.726737
    0.750000      9.312981     0.772849
    0.757500      9.580500     0.929264
    0.765000      9.854444     1.110733
    0.772500     10.165472     1.285695
    0.780000     10.510530     1.497807
    0.787500     10.884341     1.702657
    0.795000     11.312405     1.806512
    0.802500     11.793034     1.808834
    0.810000     12.301904     1.750703
    0.817500     12.853869     1.650536
    0.825000     13.479261     1.525969
    0.832500     14.141237     1.407487
    0.840000     14.804198     1.341096
    0.847500     15.513596     1.409820
    0.855000     16.238815     1.701148
    0.862500     16.830951     2.150224
    0.870000     17.276718     2.499170
    0.877500     17.729711     2.533018
    0.885000     18.286931     2.237024
    0.892500     18.940726     1.816826
    0.900000     19.634124     1.561662
    0.907500     20.297213     1.574126
    0.915000     20.896311     1.731434
    0.922500     21.480124     1.822930
    0.930000     22.111705     1.826339
    0.937500     22.675400     1.903314
    0.945000     22.990298     2.164699
    0.952500     23.144716     2.502639
    0.960000     23.360752     2.692548
    0.967500     23.695204     2.628445
    0.975000     24.100913     2.370891
    0.982500     24.548530     2.110543
    0.990000     24.943276     2.130727
    0.997500     25.259015     2.452317
    1.005000     25.644491     2.728676
    1.012500     26.117935     2.742438
    1.020000     26.519364     2.577829
    1.027500     26.808511     2.465776
    1.035000     27.049633     2.508986
    1.042500     27.249459     2.621517
    1.050000     27.440692     2.662254
    1.057500     27.716156     2.627346
    1.065000     28.054138     2.604658
    1.072500     28.312638     2.640171
    1.080000     28.469395     2.739859
    1.087500     28.623828     2.880213
    1.095000     28.819380     2.979501
    1.102500     29.079967     2.963261
    1.110000     29.457423     2.841453
    1.117500     29.923058     2.668403
    1.125000     30.369381     2.519360
    1.132500     30.730668     2.436211
    1.140000     30.999485     2.442074
    1.147500     31.190266     2.550833
    1.155000     31.338620     2.642806
    1.162500     31.480497     2.608299
    1.170000     31.620181     2.477533
    1.177500     31.756709     2.360721
    1.185000     31.924168     2.362995
    1.192500     32.137407     2.474852
    1.200000     32.336025     2.581899
    1.207500     32.478945     2.630429
    1.215000     32.607515     2.675675
    1.222500     32.764755     2.741894
    1.230000     32.928483     2.799269
    1.237500     33.031986     2.844150
    1.245000     33.060346     2.873492
    1.252500     33.105723     2.863538
    1.260000     33.262203     2.836070
    1.267500     33.480324     2.894104
    1.275000     33.588264     3.092394
    1.282500     33.528585     3.229923
    1.290000     33.441849     3.174415
    1.297500     33.430046     3.076396
    1.305000     33.452078     3.043622
    1.312500     33.465505     3.032884
    1.320000     33.507436     3.008436
    1.327500     33.588976     2.945210
    1.335000     33.633590     2.829174
    1.342500     33.567650     2.726698
    1.350000     33.429344     2.657727
    1.357500     33.306677     2.555504
    1.365000     33.240733     2.448953
    1.372500     33.239544     2.416199
    1.380000     33.266622     2.471308
    1.387500     33.275612     2.591050
    1.395000     33.311786     2.708941
    1.402500     33.400628     2.719922
    1.410000     33.458270     2.572959
    1.417500     33.483135     2.381865
    1.425000     33.536374     2.238122
    1.432500     33.572007     2.071948
    1.440000     33.517756     1.872741
    1.447500     33.409103     1.842744
    1.455000     33.321014     2.053537
    1.462500     33.270774     2.269630
    1.470000     33.224964     2.301274
    1.477500     33.199657     2.208581
    1.485000     33.239047     2.169359
    1.492500     33.266050     2.238840
    1.500000     33.179780     2.262046
    1.507500     33.055194     2.228749
    1.515000     33.029090     2.308429
    1.522500     33.120248     2.506386
    1.530000     33.240085     2.603367
    1.537500     33.263460     2.473451
    1.545000     33.144386     2.320404
    1.552500     33.024417     2.320014
    1.560000     33.066943     2.380970
    1.567500     33.268325     2.426759
    1.575000     33.427406     2.507658
    1.582500     33.414954     2.548251
    1.590000     33.366005     2.397010
    1.597500     33.381903     2.113872
    1.605000     33.387441     1.922730
    1.612500     33.291648     1.958216
    1.620000     33.127371     2.077961
    1.627500     32.974562     2.098480
    1.635000     32.854852     1.983458
    1.642500     32.785275     1.798062
    1.650000     32.818663     1.634461
    1.657500     32.995809     1.541507
    1.665000     33.306315     1.544858
    1.672500     33.637607     1.594670
    1.680000     33.819040     1.565640
    1.687500     33.832962     1.510827
    1.695000     33.807411     1.540884
    1.702500     33.795837     1.578666
    1.710000     33.745225     1.501249
    1.717500     33.621395     1.327296
    1.725000     33.490429     1.218467
    1.732500     33.458101     1.270247
    1.740000     33.530325     1.426495
    1.747500     33.561624     1.611948
    1.755000     33.417078     1.686614
    1.762500     33.200254     1.605966
    1.770000     33.149601     1.535253
    1.777500     33.352160     1.544615
    1.785000     33.622255     1.541608
    1.792500     33.678520     1.441279
    1.800000     33.545106     1.300959
