#! FIELDS cyl.z file.free uncertainty
#! SET sample_size 189999
#! SET effective_sample_size 882.402
#! SET fundeltaF 21.1992
#! SET blocks_num 3
#! SET blocks_effective_num 2.68428
#! SET min_cyl.z 0.3
#! SET max_cyl.z 1.8
#! SET nbins_cyl.z 201
#! SET periodic_cyl.z false
    0.300000     80.088715     3.832696
    0.307500     74.039226     3.832696
    0.315000     69.150817     3.832696
    0.322500     65.352974     3.832696
    0.330000     62.562148     3.832696
    0.337500     60.663754     3.832696
    0.345000     59.451918     3.832679
    0.352500     58.641697     3.832361
    0.360000     58.173802     3.827966
    0.367500     58.273022     3.767405
    0.375000     58.419440     2.799110
    0.382500     54.135901     1.257542
    0.390000     47.399629     1.879835
    0.397500     41.301737     2.486134
    0.405000     36.170355     2.667933
    0.412500     31.997698     2.358813
    0.420000     28.471424     1.533031
    0.427500     25.060508     0.651095
    0.435000     21.552820     0.466568
    0.442500     18.153973     0.753836
    0.450000     15.113790     1.020857
    0.457500     12.590300     1.079187
    0.465000     10.551666     0.940142
    0.472500      8.836024     0.760747
    0.480000      7.381030     0.702024
    0.487500      6.209046     0.769022
    0.495000      5.250209     0.919914
    0.502500      4.404666     1.029454
    0.510000      3.589096     0.998997
    0.517500      2.725109     0.868905
    0.525000      1.887725     0.708638
    0.532500      1.264190     0.516457
    0.540000      0.912602     0.276671
    0.547500      0.686576     0.070912
    0.555000      0.419699     0.112461
    0.562500      0.152743     0.146986
    0.570000      0.003450     0.179347
    0.577500      0.000000     0.204563
    0.585000      0.124548     0.189754
    0.592500      0.319295     0.209104
    0.600000      0.566802     0.315547
    0.607500      0.922802     0.427190
    0.615000      1.392743     0.473139
    0.622500      1.941049     0.427978
    0.630000      2.512011     0.296803
    0.637500      3.003895     0.151366
    0.645000      3.385174     0.065130
    0.652500      3.785239     0.047269
    0.660000      4.296019     0.066276
    0.667500      4.823076     0.053119
    0.675000      5.260030     0.064494
    0.682500      5.693456     0.156226
    0.690000      6.198842     0.204570
    0.697500      6.712737     0.130437
    0.705000      7.186479     0.079475
    0.712500      7.575295     0.252639
    0.720000      7.865821     0.260976
    0.727500      8.139250     0.123311
    0.735000      8.407733     0.052354
    0.742500      8.648989     0.218735
    0.750000      8.938233     0.421105
    0.757500      9.339874     0.558175
    0.765000      9.814316     0.628543
    0.772500     10.280580     0.728620
    0.780000     10.658940     0.947126
    0.787500     10.955900     1.217824
    0.795000     11.328143     1.353904
    0.802500     11.792255     1.365978
    0.810000     12.121949     1.484106
    0.817500     12.292258     1.758998
    0.825000     12.625135     1.959086
    0.832500     13.363647     1.909830
    0.840000     14.436279     1.610836
    0.847500     15.532450     1.263439
    0.855000     16.429895     1.017667
    0.862500     17.199536     0.782635
    0.870000     17.939745     0.549966
    0.877500     18.646965     0.368661
    0.885000     19.323376     0.177672
    0.892500     19.931950     0.301790
    0.900000     20.516596     0.478107
    0.907500     21.207989     0.588361
    0.915000     21.924098     0.548290
    0.922500     22.384861     0.272986
    0.930000     22.588370     0.136945
    0.937500     22.903493     0.269951
    0.945000     23.474085     0.280433
    0.952500     23.999476     0.199862
    0.960000     24.259835     0.193454
    0.967500     24.411674     0.214698
    0.975000     24.579775     0.339120
    0.982500     24.873470     0.411075
    0.990000     25.339893     0.214272
    0.997500     25.853007     0.112660
    1.005000     26.348309     0.217540
    1.012500     26.830277     0.132368
    1.020000     27.201041     0.045705
    1.027500     27.476099     0.084414
    1.035000     27.775231     0.111207
    1.042500     28.034893     0.270237
    1.050000     28.174578     0.428977
    1.057500     28.363278     0.503620
    1.065000     28.735256     0.454921
    1.072500     29.134192     0.369085
    1.080000     29.386381     0.339194
    1.087500     29.563957     0.371807
    1.095000     29.788081     0.414154
    1.102500     30.063340     0.440112
    1.110000     30.327689     0.468072
    1.117500     30.555093     0.492538
    1.125000     30.774866     0.519601
    1.132500     31.018988     0.566107
    1.140000     31.274516     0.635204
    1.147500     31.482440     0.684934
    1.155000     31.600702     0.640776
    1.162500     31.668290     0.565542
    1.170000     31.779117     0.558922
    1.177500     31.950063     0.579560
    1.185000     32.069885     0.562577
    1.192500     32.086851     0.530565
    1.200000     32.104099     0.529951
    1.207500     32.187283     0.572667
    1.215000     32.321539     0.647522
    1.222500     32.461127     0.694544
    1.230000     32.538086     0.688330
    1.237500     32.580433     0.672982
    1.245000     32.693842     0.627941
    1.252500     32.831824     0.518837
    1.260000     32.833297     0.418748
    1.267500     32.719312     0.385035
    1.275000     32.629256     0.357672
    1.282500     32.603193     0.331312
    1.290000     32.612926     0.399974
    1.297500     32.659402     0.459678
    1.305000     32.760072     0.404391
    1.312500     32.868965     0.351201
    1.320000     32.896429     0.363326
    1.327500     32.859804     0.374879
    1.335000     32.896168     0.423728
    1.342500     33.068683     0.482942
    1.350000     33.268447     0.507379
    1.357500     33.355191     0.512060
    1.365000     33.293171     0.519287
    1.372500     33.149887     0.553357
    1.380000     33.081834     0.636127
    1.387500     33.139713     0.719559
    1.395000     33.247230     0.750702
    1.402500     33.413021     0.703843
    1.410000     33.592523     0.543127
    1.417500     33.605276     0.314170
    1.425000     33.498811     0.231537
    1.432500     33.460547     0.261181
    1.440000     33.488587     0.333999
    1.447500     33.500154     0.401720
    1.455000     33.435272     0.398879
    1.462500     33.291471     0.405856
    1.470000     33.186512     0.452706
    1.477500     33.226786     0.499283
    1.485000     33.408554     0.519224
    1.492500     33.596955     0.504771
    1.500000     33.614120     0.506381
    1.507500     33.510220     0.512266
    1.515000     33.419678     0.492986
    1.522500     33.407589     0.453949
    1.530000     33.529129     0.354330
    1.537500     33.658264     0.284354
    1.545000     33.597037     0.334023
    1.552500     33.449798     0.353660
    1.560000     33.431158     0.331372
    1.567500     33.544289     0.315693
    1.575000     33.626308     0.305677
    1.582500     33.603843     0.277555
    1.590000     33.500926     0.280339
    1.597500     33.258239     0.314523
    1.605000     32.899989     0.442761
    1.612500     32.692574     0.556353
    1.620000     32.785689     0.468827
    1.627500     32.973279     0.245916
    1.635000     33.028775     0.334441
    1.642500     33.041264     0.455113
    1.650000     33.087082     0.464663
    1.657500     33.100409     0.404688
    1.665000     33.090894     0.328248
    1.672500     33.091970     0.303299
    1.680000     33.045369     0.380495
    1.687500     32.986701     0.442188
    1.695000     33.056962     0.400842
    1.702500     33.245003     0.287729
    1.710000     33.386972     0.186807
    1.717500     33.389047     0.130005
    1.725000     33.291940     0.248320
    1.732500     33.190831     0.395175
    1.740000     33.143571     0.493025
    1.747500     33.160129     0.595912
    1.755000     33.218722     0.676603
    1.762500     33.270012     0.698182
    1.770000     33.338840     0.666995
    1.777500     33.442551     0.627055
    1.785000     33.485657     0.607041
    1.792500     33.447466     0.590227
    1.800000     33.443404     0.519094
