#! FIELDS cyl.z file.free uncertainty
#! SET sample_size 14997
#! SET effective_sample_size 80.7543
#! SET fundeltaF 22.1533
#! SET blocks_num 3
#! SET blocks_effective_num 1.22604
#! SET min_cyl.z 0.3
#! SET max_cyl.z 1.8
#! SET nbins_cyl.z 201
#! SET periodic_cyl.z false
    0.300000    200.018335     1.773910
    0.307500    180.253226     1.773910
    0.315000    161.890894     1.773910
    0.322500    144.931142     1.773910
    0.330000    129.373593     1.773910
    0.337500    115.217506     1.773910
    0.345000    102.461376     1.773910
    0.352500     91.102047     1.773910
    0.360000     81.132557     1.773910
    0.367500     72.536199     1.773910
    0.375000     65.266714     1.773910
    0.382500     59.171426     1.773910
    0.390000     53.731646     1.773910
    0.397500     47.941165     1.773910
    0.405000     41.721217     1.773910
    0.412500     35.971576     1.773910
    0.420000     31.183695     1.773910
    0.427500     27.501946     1.773910
    0.435000     24.892414     1.773908
    0.442500     23.036049     1.773855
    0.450000     21.180824     1.772651
    0.457500     18.900906     1.759805
    0.465000     16.571930     1.685205
    0.472500     14.477142     1.422723
    0.480000     12.593929     0.903870
    0.487500     10.623443     0.556290
    0.495000      8.557350     0.738206
    0.502500      6.890429     0.989130
    0.510000      5.799160     0.968643
    0.517500      4.907318     0.670707
    0.525000      3.850866     0.366724
    0.532500      2.884292     0.245762
    0.540000      2.347464     0.174994
    0.547500      2.172811     0.286087
    0.555000      1.995767     0.437166
    0.562500      1.556618     0.177110
    0.570000      0.898503     0.399539
    0.577500      0.262905     0.640248
    0.585000      0.000000     0.670278
    0.592500      0.356299     0.486785
    0.600000      1.278893     0.115851
    0.607500      2.252963     0.602781
    0.615000      2.429772     0.560416
    0.622500      1.993662     0.209827
    0.630000      1.853055     0.132131
    0.637500      2.281557     0.128914
    0.645000      3.050064     0.161425
    0.652500      3.883969     0.326154
    0.660000      4.662593     0.486572
    0.667500      5.405297     0.422373
    0.675000      6.471671     0.683311
    0.682500      8.048955     1.979528
    0.690000      9.262664     3.748218
    0.697500      9.415960     3.790208
    0.705000      9.670821     4.116825
    0.712500     10.430842     6.381195
    0.720000     11.008727     9.375787
    0.727500     10.882888     9.392486
    0.735000     10.474739     7.934682
    0.742500     10.355979     7.309726
    0.750000     10.789703     7.605198
    0.757500     11.594190     8.920199
    0.765000     12.296690    11.296543
    0.772500     12.690821    13.490936
    0.780000     13.019866    15.084923
    0.787500     13.488704    16.654328
    0.795000     14.069141    18.711974
    0.802500     14.729553    20.457218
    0.810000     15.407899    19.640091
    0.817500     16.057427    16.822976
    0.825000     16.905951    15.189552
    0.832500     18.075897    15.284045
    0.840000     19.172041    15.726438
    0.847500     19.858353    16.384023
    0.855000     20.410339    17.859519
    0.862500     20.738639    17.510673
    0.870000     20.706038    14.626132
    0.877500     20.914117    12.580880
    0.885000     21.685524    12.184499
    0.892500     22.769152    14.325077
    0.900000     23.800072    18.085201
    0.907500     24.598919    22.325588
    0.915000     25.136468    30.161847
    0.922500     25.535286    43.841722
    0.930000     25.862887    57.523472
    0.937500     26.077087    62.326208
    0.945000     26.174827    59.352272
    0.952500     26.211845    54.832706
    0.960000     26.363284    51.120940
    0.967500     26.804382    47.602890
    0.975000     27.489904    45.485292
    0.982500     28.158047    50.059216
    0.990000     28.536875    64.803171
    0.997500     28.603723    84.703111
    1.005000     28.601840   100.400310
    1.012500     28.825695   107.455878
    1.020000     29.294387   108.250540
    1.027500     29.507252   108.774534
    1.035000     29.178198   111.724399
    1.042500     28.924322   113.797319
    1.050000     29.158321   111.614689
    1.057500     29.797978   100.963865
    1.065000     30.533009    84.061901
    1.072500     31.076085    74.398200
    1.080000     31.324197    78.297494
    1.087500     31.268969    88.020834
    1.095000     31.088260    94.650373
    1.102500     31.085495    95.465473
    1.110000     31.333772    92.929908
    1.117500     31.668249    88.573880
    1.125000     32.015034    79.766472
    1.132500     32.360577    66.197562
    1.140000     32.631548    56.505999
    1.147500     32.883674    58.042768
    1.155000     33.202561    65.859154
    1.162500     33.546130    72.833593
    1.170000     33.858142    75.112839
    1.177500     34.160268    71.727132
    1.185000     34.418219    69.819658
    1.192500     34.535469    76.263789
    1.200000     34.514226    86.215504
    1.207500     34.482085    89.936156
    1.215000     34.496552    81.812914
    1.222500     34.519550    64.357373
    1.230000     34.575524    48.629056
    1.237500     34.608361    44.767934
    1.245000     34.451986    53.801792
    1.252500     34.243948    64.657957
    1.260000     34.309689    68.837518
    1.267500     34.789964    66.007661
    1.275000     35.568392    58.653963
    1.282500     36.297732    49.178664
    1.290000     36.618934    42.748020
    1.297500     36.441853    46.751756
    1.305000     36.107770    59.820775
    1.312500     36.034351    75.318928
    1.320000     36.277437    87.998217
    1.327500     36.599009    91.748804
    1.335000     36.647551    76.140254
    1.342500     36.335446    48.027648
    1.350000     36.094156    30.920720
    1.357500     36.278626    27.914478
    1.365000     36.642277    33.450429
    1.372500     36.365477    39.414882
    1.380000     35.529789    37.645653
    1.387500     35.067283    34.262744
    1.395000     35.319652    34.039361
    1.402500     35.979441    35.050882
    1.410000     36.380295    30.707067
    1.417500     36.265074    26.365493
    1.425000     35.801918    28.356513
    1.432500     35.138143    32.764529
    1.440000     34.719825    36.093982
    1.447500     34.855185    38.883149
    1.455000     35.089390    38.257203
    1.462500     34.860583    32.147372
    1.470000     34.665114    27.299010
    1.477500     34.802428    27.628115
    1.485000     35.040726    31.877454
    1.492500     35.329198    31.873166
    1.500000     35.714703    25.928776
    1.507500     35.887031    21.608296
    1.515000     35.579338    22.229918
    1.522500     35.109008    23.943084
    1.530000     34.805551    24.647663
    1.537500     34.697218    26.840131
    1.545000     34.557672    33.020173
    1.552500     34.240144    36.768604
    1.560000     33.992237    33.096855
    1.567500     34.043801    26.748405
    1.575000     34.161163    20.054817
    1.582500     33.945446    13.945156
    1.590000     33.669281    11.428929
    1.597500     33.816655    11.238664
    1.605000     34.327275    12.487736
    1.612500     34.800435    13.955995
    1.620000     35.264792    14.379831
    1.627500     36.036977    14.425841
    1.635000     36.933472    17.029544
    1.642500     37.267254    22.211019
    1.650000     36.925023    20.891351
    1.657500     36.319751    16.589842
    1.665000     35.921358    14.890287
    1.672500     35.927085    14.863747
    1.680000     35.900547    14.336335
    1.687500     35.421600    12.633355
    1.695000     34.813564    11.479058
    1.702500     34.369995    11.845729
    1.710000     34.099544    15.099818
    1.717500     34.092687    20.456971
    1.725000     34.346006    26.010389
    1.732500     34.603976    29.463344
    1.740000     34.784726    29.015239
    1.747500     34.948174    24.705756
    1.755000     34.981181    17.677829
    1.762500     34.751567    10.976611
    1.770000     34.512484     6.794590
    1.777500     34.756359     4.774055
    1.785000     35.582506     4.170325
    1.792500     36.334278     4.860319
    1.800000     36.260756     5.304314
