#! FIELDS cyl.z file.free uncertainty
#! SET sample_size 89997
#! SET effective_sample_size 471.531
#! SET fundeltaF 19.5929
#! SET blocks_num 3
#! SET blocks_effective_num 2.89556
#! SET min_cyl.z 0.3
#! SET max_cyl.z 1.8
#! SET nbins_cyl.z 201
#! SET periodic_cyl.z false
    0.300000    194.328150     1.596709
    0.307500    175.716089     1.536816
    0.315000    158.419868     1.435184
    0.322500    142.399764     1.293000
    0.330000    127.612454     1.139125
    0.337500    114.024966     1.038887
    0.345000    101.629488     1.049439
    0.352500     90.445939     1.151922
    0.360000     80.507254     1.285605
    0.367500     71.831752     1.413170
    0.375000     64.368899     1.529580
    0.382500     57.853485     1.651152
    0.390000     51.640448     1.772930
    0.397500     45.328156     1.815398
    0.405000     39.394163     1.764676
    0.412500     34.303981     1.660717
    0.420000     30.176734     1.532255
    0.427500     26.889825     1.437622
    0.435000     24.022359     1.479854
    0.442500     21.005825     1.654873
    0.450000     17.810811     1.762588
    0.457500     14.840769     1.776950
    0.465000     12.286002     1.768085
    0.472500     10.154601     1.752834
    0.480000      8.493780     1.700386
    0.487500      7.306758     1.559543
    0.495000      6.338729     1.334454
    0.502500      5.159807     1.190891
    0.510000      3.728498     1.182981
    0.517500      2.453557     1.117221
    0.525000      1.598770     0.906903
    0.532500      1.090523     0.646400
    0.540000      0.722598     0.486032
    0.547500      0.406786     0.413522
    0.555000      0.165430     0.315991
    0.562500      0.030699     0.151084
    0.570000      0.000000     0.154723
    0.577500      0.028836     0.383319
    0.585000      0.135483     0.501647
    0.592500      0.431571     0.507597
    0.600000      0.916591     0.458813
    0.607500      1.408490     0.368352
    0.615000      1.769918     0.324388
    0.622500      2.048559     0.517971
    0.630000      2.371672     0.738453
    0.637500      2.797648     0.745171
    0.645000      3.288458     0.627695
    0.652500      3.809413     0.534606
    0.660000      4.369829     0.418058
    0.667500      4.940730     0.245354
    0.675000      5.497504     0.126265
    0.682500      6.047744     0.105921
    0.690000      6.503054     0.151205
    0.697500      6.757493     0.072677
    0.705000      6.881044     0.152936
    0.712500      7.080768     0.187903
    0.720000      7.453305     0.116823
    0.727500      7.827251     0.229976
    0.735000      8.025931     0.413865
    0.742500      8.181453     0.504435
    0.750000      8.405423     0.480883
    0.757500      8.628896     0.350169
    0.765000      8.885655     0.226532
    0.772500      9.294230     0.223678
    0.780000      9.785785     0.337063
    0.787500     10.167473     0.500221
    0.795000     10.416805     0.588047
    0.802500     10.691102     0.621998
    0.810000     11.117934     0.674192
    0.817500     11.629070     0.772111
    0.825000     12.081613     0.903463
    0.832500     12.562341     0.974559
    0.840000     13.223318     0.978168
    0.847500     13.998390     1.004949
    0.855000     14.705056     1.185059
    0.862500     15.316475     1.490462
    0.870000     16.023346     1.528862
    0.877500     16.891662     1.256154
    0.885000     17.725061     0.908479
    0.892500     18.316689     0.558839
    0.900000     18.725496     0.331730
    0.907500     19.221245     0.375062
    0.915000     19.875395     0.686257
    0.922500     20.574152     1.056075
    0.930000     21.291898     1.170382
    0.937500     21.904848     0.975624
    0.945000     22.229096     0.758333
    0.952500     22.399468     0.845990
    0.960000     22.605796     1.070204
    0.967500     22.834331     1.182855
    0.975000     23.027908     1.206644
    0.982500     23.238568     1.318047
    0.990000     23.495773     1.404927
    0.997500     23.716173     1.244705
    1.005000     23.872305     0.983895
    1.012500     24.166120     0.829698
    1.020000     24.741248     0.738209
    1.027500     25.327648     0.677167
    1.035000     25.625472     0.649484
    1.042500     25.821448     0.713623
    1.050000     26.083288     0.881666
    1.057500     26.390284     1.018150
    1.065000     26.717495     1.025458
    1.072500     27.061402     0.948878
    1.080000     27.416500     0.870267
    1.087500     27.753178     0.782802
    1.095000     28.096026     0.682498
    1.102500     28.441666     0.658582
    1.110000     28.665135     0.753897
    1.117500     28.741555     0.838254
    1.125000     28.849721     0.859115
    1.132500     29.116080     0.889873
    1.140000     29.448288     0.905713
    1.147500     29.645806     0.827077
    1.155000     29.663822     0.727360
    1.162500     29.667346     0.761393
    1.170000     29.814818     0.880705
    1.177500     30.104307     0.923773
    1.185000     30.369786     0.867147
    1.192500     30.472986     0.797074
    1.200000     30.472423     0.736122
    1.207500     30.461242     0.694038
    1.215000     30.477994     0.684973
    1.222500     30.557261     0.649200
    1.230000     30.711103     0.568711
    1.237500     30.824914     0.513193
    1.245000     30.791140     0.504988
    1.252500     30.750654     0.541908
    1.260000     30.840604     0.674797
    1.267500     31.034321     0.861972
    1.275000     31.246279     0.980783
    1.282500     31.375881     0.964780
    1.290000     31.412500     0.888216
    1.297500     31.506986     0.827860
    1.305000     31.778141     0.785975
    1.312500     32.053532     0.780978
    1.320000     32.002763     0.869440
    1.327500     31.749514     1.009173
    1.335000     31.662488     1.097772
    1.342500     31.813801     1.093522
    1.350000     32.053924     1.044582
    1.357500     32.230006     1.043910
    1.365000     32.239027     1.087991
    1.372500     32.002795     1.109140
    1.380000     31.681455     1.085803
    1.387500     31.612283     1.066387
    1.395000     31.851966     1.104846
    1.402500     32.067674     1.182868
    1.410000     32.040833     1.175949
    1.417500     31.975599     1.104717
    1.425000     32.000256     1.016713
    1.432500     32.049729     0.927991
    1.440000     32.072556     0.896926
    1.447500     32.020940     0.908211
    1.455000     31.865822     0.967083
    1.462500     31.644309     0.975599
    1.470000     31.404303     0.951787
    1.477500     31.213459     0.950187
    1.485000     31.152385     0.985210
    1.492500     31.219427     1.031830
    1.500000     31.272591     1.063119
    1.507500     31.221313     1.096964
    1.515000     31.191776     1.131185
    1.522500     31.292813     1.107802
    1.530000     31.450262     1.022853
    1.537500     31.552392     0.977994
    1.545000     31.565873     1.006744
    1.552500     31.552282     1.025211
    1.560000     31.549082     0.998358
    1.567500     31.475125     1.038362
    1.575000     31.332255     1.142375
    1.582500     31.214091     1.150332
    1.590000     31.162285     1.059974
    1.597500     31.260579     1.033293
    1.605000     31.555213     1.099052
    1.612500     31.870317     1.218147
    1.620000     32.026444     1.327991
    1.627500     32.041359     1.369318
    1.635000     31.971266     1.334447
    1.642500     31.879406     1.275180
    1.650000     31.816943     1.228436
    1.657500     31.711098     1.169162
    1.665000     31.529123     1.104359
    1.672500     31.444433     1.056868
    1.680000     31.511677     1.038950
    1.687500     31.594967     1.071517
    1.695000     31.666639     1.053789
    1.702500     31.787770     0.928521
    1.710000     31.949916     0.820860
    1.717500     32.118005     0.804436
    1.725000     32.230820     0.864094
    1.732500     32.202934     0.935162
    1.740000     32.115148     0.942650
    1.747500     32.123620     0.904991
    1.755000     32.160707     0.902865
    1.762500     32.044137     0.941163
    1.770000     31.762026     0.965207
    1.777500     31.484451     1.025053
    1.785000     31.382049     1.112421
    1.792500     31.447807     1.171123
    1.800000     31.615436     1.194361
