#! FIELDS cyl.z file.free uncertainty
#! SET sample_size 14997
#! SET effective_sample_size 62.2566
#! SET fundeltaF 19.2091
#! SET blocks_num 3
#! SET blocks_effective_num 1.40432
#! SET min_cyl.z 0.3
#! SET max_cyl.z 1.8
#! SET nbins_cyl.z 201
#! SET periodic_cyl.z false
    0.300000    186.604080    10.417437
    0.307500    168.186507    10.417437
    0.315000    151.172000    10.417436
    0.322500    135.560557    10.417435
    0.330000    121.352179    10.417429
    0.337500    108.546862    10.417406
    0.345000     97.144588    10.417306
    0.352500     87.145238    10.416715
    0.360000     78.547860    10.411918
    0.367500     71.343208    10.363765
    0.375000     65.434211     9.851120
    0.382500     59.989513     6.100370
    0.390000     52.948099     0.742484
    0.397500     45.408819     1.141356
    0.405000     38.795791     0.778057
    0.412500     33.056111     2.137871
    0.420000     27.819284     4.763027
    0.427500     23.100508     6.268882
    0.435000     19.284315     6.429957
    0.442500     16.619057     5.948266
    0.450000     15.040632     5.421131
    0.457500     13.864450     6.062820
    0.465000     11.950118     8.055696
    0.472500      9.669754     8.952328
    0.480000      7.767843     8.754945
    0.487500      6.287481     7.722266
    0.495000      5.172310     6.205305
    0.502500      4.588664     4.949969
    0.510000      4.659279     4.229832
    0.517500      4.809838     3.760594
    0.525000      3.857635     2.890863
    0.532500      2.376435     1.888829
    0.540000      1.352452     1.232535
    0.547500      0.775941     0.737217
    0.555000      0.309229     0.630148
    0.562500      0.015539     0.794303
    0.570000      0.058745     0.753967
    0.577500      0.211337     0.691187
    0.585000      0.255658     0.819980
    0.592500      0.173691     1.001696
    0.600000      0.002349     1.177409
    0.607500      0.000000     1.318199
    0.615000      0.369114     1.398552
    0.622500      1.112669     1.420514
    0.630000      2.082819     1.392841
    0.637500      2.829655     1.353736
    0.645000      3.092179     1.372255
    0.652500      3.302349     1.414755
    0.660000      3.780495     1.408073
    0.667500      4.385812     1.349312
    0.675000      4.767730     1.327953
    0.682500      4.988378     1.350108
    0.690000      5.328181     1.290905
    0.697500      5.633095     1.065895
    0.705000      5.496953     0.786765
    0.712500      5.077590     0.620740
    0.720000      4.885508     0.813866
    0.727500      4.994517     1.494379
    0.735000      5.147841     2.156527
    0.742500      5.233373     2.540922
    0.750000      5.340184     2.907804
    0.757500      5.479826     3.484520
    0.765000      5.512660     3.980980
    0.772500      5.525995     4.093559
    0.780000      5.674054     4.006338
    0.787500      5.830012     3.766821
    0.795000      6.056695     3.476418
    0.802500      6.622678     3.470884
    0.810000      7.480065     3.815550
    0.817500      8.301740     4.030631
    0.825000      8.810220     3.689893
    0.832500      8.989141     3.092773
    0.840000      9.249076     2.885053
    0.847500     10.005198     3.454926
    0.855000     11.114844     4.662494
    0.862500     11.895865     5.444214
    0.870000     12.290393     5.287196
    0.877500     12.837504     5.155207
    0.885000     13.521960     5.696553
    0.892500     13.713061     7.046422
    0.900000     13.296506     8.261745
    0.907500     13.031729     8.576989
    0.915000     13.377169     8.253130
    0.922500     14.414334     7.702491
    0.930000     15.981275     7.230501
    0.937500     17.391623     8.529684
    0.945000     17.745063    12.352724
    0.952500     17.636317    14.109678
    0.960000     18.018615    13.805789
    0.967500     18.977621    11.972637
    0.975000     20.000905     9.928588
    0.982500     20.673716     9.108506
    0.990000     21.041628     8.604176
    0.997500     21.267337     8.231966
    1.005000     21.702780     8.319759
    1.012500     22.473351     8.329609
    1.020000     23.113188     8.215794
    1.027500     23.405895     8.076285
    1.035000     23.548092     7.973823
    1.042500     23.259647     8.271421
    1.050000     22.722766     8.707083
    1.057500     22.680223     8.843126
    1.065000     23.460272     8.648424
    1.072500     24.940151     8.135916
    1.080000     26.479216     7.476186
    1.087500     27.022239     7.275116
    1.095000     26.870514     7.202939
    1.102500     27.055641     7.021696
    1.110000     27.754729     6.769980
    1.117500     28.645663     6.649593
    1.125000     29.489375     7.015748
    1.132500     30.242505     8.373682
    1.140000     30.778343    10.501911
    1.147500     30.994313    11.300344
    1.155000     30.985672     9.951010
    1.162500     30.967630     8.323580
    1.170000     31.210061     7.471576
    1.177500     31.806263     7.096616
    1.185000     32.451554     7.463666
    1.192500     32.556985     8.823735
    1.200000     32.037584    10.036123
    1.207500     31.350119    10.102027
    1.215000     30.781240     9.205153
    1.222500     30.555838     8.474052
    1.230000     30.958883     8.252542
    1.237500     32.022504     8.170739
    1.245000     33.289110     8.881605
    1.252500     33.927081    10.312550
    1.260000     33.541825    11.315167
    1.267500     32.894451    12.144154
    1.275000     32.504192    13.103515
    1.282500     32.397848    13.727109
    1.290000     32.573376    13.310630
    1.297500     32.738966    12.240329
    1.305000     32.453608    12.478436
    1.312500     31.861565    13.831048
    1.320000     31.381083    14.184327
    1.327500     31.242341    12.892963
    1.335000     31.455671    10.814827
    1.342500     31.793026     9.164466
    1.350000     31.911290     8.459340
    1.357500     31.846807     8.505581
    1.365000     31.918585     8.980726
    1.372500     32.140884     9.664469
    1.380000     32.297726    10.055223
    1.387500     32.262396     9.991896
    1.395000     32.143716     9.555823
    1.402500     32.090055     8.241514
    1.410000     32.012032     6.437594
    1.417500     31.842826     5.614465
    1.425000     31.827038     5.438948
    1.432500     32.089940     5.756018
    1.440000     32.415614     6.744900
    1.447500     32.655559     7.719685
    1.455000     32.715448     8.157849
    1.462500     32.322328     9.020719
    1.470000     31.637589    10.955987
    1.477500     31.293051    12.360057
    1.485000     31.621338    12.308787
    1.492500     32.361694    10.656200
    1.500000     32.926253     8.881995
    1.507500     33.190007     8.287931
    1.515000     33.164594     8.045322
    1.522500     32.587027     8.281385
    1.530000     31.678460     9.541080
    1.537500     30.951403    11.055801
    1.545000     30.698566    11.234668
    1.552500     30.977813     9.768346
    1.560000     31.485726     8.630980
    1.567500     31.650115    10.200781
    1.575000     31.560414    12.749666
    1.582500     31.686693    13.794299
    1.590000     31.933655    12.902209
    1.597500     32.077272    11.309518
    1.605000     32.177537    10.400067
    1.612500     32.049878    10.200301
    1.620000     31.551195    10.251914
    1.627500     31.183808    10.159239
    1.635000     31.352948     9.347804
    1.642500     31.864343     7.409091
    1.650000     32.272548     6.144867
    1.657500     32.349800     5.567506
    1.665000     31.762954     4.605406
    1.672500     30.734209     3.884738
    1.680000     30.023509     3.496186
    1.687500     29.927965     3.759473
    1.695000     30.209831     4.756314
    1.702500     30.416121     5.771688
    1.710000     30.329482     6.416070
    1.717500     30.006818     7.588902
    1.725000     29.666065     9.031474
    1.732500     29.576882     9.760131
    1.740000     29.768878     9.576005
    1.747500     29.806012     9.031731
    1.755000     29.472626     8.310297
    1.762500     29.261383     7.220242
    1.770000     29.486383     6.259376
    1.777500     29.981881     5.846623
    1.785000     30.430128     5.676316
    1.792500     30.710066     5.449198
    1.800000     30.705990     5.157787
