#! FIELDS cyl.z file.free uncertainty
#! SET sample_size 89997
#! SET effective_sample_size 437.874
#! SET fundeltaF 22.8127
#! SET blocks_num 3
#! SET blocks_effective_num 2.53007
#! SET min_cyl.z 0.3
#! SET max_cyl.z 1.8
#! SET nbins_cyl.z 201
#! SET periodic_cyl.z false
    0.300000    147.750045     2.289275
    0.307500    134.822338     2.289275
    0.315000    123.280213     2.289275
    0.322500    113.087436     2.289269
    0.330000    104.127701     2.289226
    0.337500     96.087260     2.288941
    0.345000     88.498291     2.287676
    0.352500     81.315759     2.283975
    0.360000     74.984468     2.274447
    0.367500     69.784169     2.248168
    0.375000     64.821432     2.198547
    0.382500     56.616279     2.232119
    0.390000     47.587517     2.255120
    0.397500     39.688244     2.261016
    0.405000     33.059970     2.263710
    0.412500     27.692204     2.265035
    0.420000     23.539197     2.263515
    0.427500     20.476315     2.255242
    0.435000     18.200005     2.234224
    0.442500     16.184206     2.199197
    0.450000     13.941425     2.168218
    0.457500     11.415354     2.167288
    0.465000      9.052433     2.182105
    0.472500      7.273163     2.181556
    0.480000      6.113359     2.150849
    0.487500      5.317232     2.087508
    0.495000      4.571137     1.992520
    0.502500      3.746338     1.856577
    0.510000      2.966726     1.660197
    0.517500      2.389150     1.357416
    0.525000      1.879978     0.931749
    0.532500      1.224639     0.538955
    0.540000      0.598903     0.279648
    0.547500      0.213495     0.080671
    0.555000      0.032580     0.119359
    0.562500      0.000000     0.271653
    0.570000      0.104606     0.318466
    0.577500      0.275311     0.265882
    0.585000      0.412913     0.235564
    0.592500      0.517398     0.239347
    0.600000      0.713336     0.201897
    0.607500      1.055071     0.202770
    0.615000      1.492737     0.343641
    0.622500      2.054892     0.564998
    0.630000      2.788398     0.767484
    0.637500      3.555666     0.879809
    0.645000      4.116221     0.891345
    0.652500      4.437230     0.923855
    0.660000      4.789645     1.003270
    0.667500      5.396849     1.025291
    0.675000      6.127264     0.918088
    0.682500      6.730248     0.794919
    0.690000      7.154449     0.900134
    0.697500      7.496100     1.132548
    0.705000      7.900110     1.195284
    0.712500      8.365155     1.052332
    0.720000      8.702489     0.857647
    0.727500      8.868618     0.728393
    0.735000      9.041085     0.658465
    0.742500      9.301173     0.626730
    0.750000      9.634287     0.610887
    0.757500     10.011522     0.579547
    0.765000     10.412131     0.555327
    0.772500     10.873007     0.517730
    0.780000     11.403569     0.454811
    0.787500     11.941851     0.473853
    0.795000     12.467155     0.618898
    0.802500     13.005358     0.761889
    0.810000     13.557107     0.818791
    0.817500     14.115649     0.824082
    0.825000     14.701596     0.856397
    0.832500     15.313550     0.920353
    0.840000     15.952778     0.933787
    0.847500     16.681969     0.810069
    0.855000     17.493918     0.630925
    0.862500     18.242350     0.524351
    0.870000     18.826568     0.425575
    0.877500     19.285600     0.296387
    0.885000     19.746026     0.314781
    0.892500     20.364944     0.441337
    0.900000     21.107416     0.928081
    0.907500     21.727831     1.604835
    0.915000     22.187595     1.757043
    0.922500     22.687873     1.398200
    0.930000     23.323523     0.952769
    0.937500     23.947151     0.759849
    0.945000     24.401008     0.837414
    0.952500     24.779534     0.934391
    0.960000     25.203367     0.851573
    0.967500     25.557762     0.617079
    0.975000     25.740962     0.532411
    0.982500     25.921407     0.617743
    0.990000     26.252514     0.671085
    0.997500     26.739310     0.719019
    1.005000     27.328789     0.755838
    1.012500     27.881172     0.685246
    1.020000     28.226846     0.512986
    1.027500     28.442454     0.394175
    1.035000     28.722215     0.481968
    1.042500     29.047049     0.668419
    1.050000     29.266732     0.908822
    1.057500     29.430247     1.000824
    1.065000     29.665871     0.921998
    1.072500     29.955090     0.803783
    1.080000     30.246013     0.650367
    1.087500     30.542669     0.478974
    1.095000     30.843406     0.359245
    1.102500     31.135705     0.325529
    1.110000     31.424761     0.316364
    1.117500     31.706320     0.265623
    1.125000     32.003793     0.273385
    1.132500     32.323812     0.351832
    1.140000     32.631755     0.429356
    1.147500     32.902944     0.515816
    1.155000     33.106890     0.604796
    1.162500     33.259954     0.656051
    1.170000     33.376518     0.592628
    1.177500     33.466398     0.467162
    1.185000     33.640605     0.486081
    1.192500     33.963380     0.544109
    1.200000     34.300065     0.539841
    1.207500     34.518483     0.581762
    1.215000     34.670850     0.736937
    1.222500     34.841000     0.869730
    1.230000     35.045968     0.862268
    1.237500     35.256340     0.735425
    1.245000     35.432403     0.652352
    1.252500     35.578575     0.645810
    1.260000     35.703952     0.614588
    1.267500     35.802892     0.582982
    1.275000     35.860030     0.622310
    1.282500     35.788319     0.731146
    1.290000     35.609816     0.799182
    1.297500     35.515552     0.739792
    1.305000     35.559244     0.660949
    1.312500     35.631675     0.662590
    1.320000     35.701097     0.671108
    1.327500     35.761649     0.678059
    1.335000     35.706357     0.641539
    1.342500     35.516945     0.481351
    1.350000     35.272952     0.307319
    1.357500     35.049926     0.133779
    1.365000     34.933880     0.102742
    1.372500     34.952755     0.312879
    1.380000     35.056914     0.407649
    1.387500     35.213214     0.303501
    1.395000     35.417672     0.286530
    1.402500     35.574967     0.533821
    1.410000     35.583930     0.630646
    1.417500     35.564382     0.590470
    1.425000     35.570792     0.627312
    1.432500     35.440986     0.714851
    1.440000     35.126194     0.613995
    1.447500     34.873930     0.473321
    1.455000     34.889325     0.612031
    1.462500     35.029887     0.714259
    1.470000     35.028581     0.607845
    1.477500     34.946158     0.438038
    1.485000     34.977346     0.378404
    1.492500     35.040857     0.444863
    1.500000     34.938388     0.621547
    1.507500     34.781375     0.941151
    1.515000     34.801150     1.268345
    1.522500     35.028297     1.444675
    1.530000     35.285404     1.545978
    1.537500     35.325864     1.748624
    1.545000     35.143776     1.994933
    1.552500     34.988111     2.153554
    1.560000     34.976241     2.176013
    1.567500     35.089636     2.035639
    1.575000     35.252161     1.761888
    1.582500     35.339417     1.475564
    1.590000     35.292113     1.385483
    1.597500     35.112492     1.530849
    1.605000     34.904713     1.674723
    1.612500     34.780947     1.749876
    1.620000     34.689735     1.836527
    1.627500     34.533485     1.814820
    1.635000     34.284000     1.559297
    1.642500     34.046446     1.270100
    1.650000     33.995016     1.175155
    1.657500     34.197186     1.271976
    1.665000     34.603019     1.389543
    1.672500     35.005394     1.336888
    1.680000     35.147865     1.207884
    1.687500     35.144599     1.205785
    1.695000     35.212342     1.279439
    1.702500     35.258078     1.342549
    1.710000     35.145888     1.433002
    1.717500     34.938738     1.515918
    1.725000     34.783827     1.495260
    1.732500     34.818631     1.461163
    1.740000     35.008018     1.497278
    1.747500     35.120541     1.578002
    1.755000     34.989765     1.641366
    1.762500     34.735527     1.619875
    1.770000     34.627193     1.529747
    1.777500     34.789972     1.422682
    1.785000     35.060642     1.291461
    1.792500     35.143833     1.187410
    1.800000     35.049713     1.243128
