#! FIELDS cyl.z file.free uncertainty
#! SET sample_size 14997
#! SET effective_sample_size 131.138
#! SET fundeltaF 40.9347
#! SET blocks_num 3
#! SET blocks_effective_num 1.99804
#! SET min_cyl.z 0.3
#! SET max_cyl.z 1.8
#! SET nbins_cyl.z 201
#! SET periodic_cyl.z false
    0.300000    590.314873     2.418839
    0.307500    551.431251     2.418839
    0.315000    513.950695     2.418839
    0.322500    477.873205     2.418839
    0.330000    443.198780     2.418839
    0.337500    409.927421     2.418839
    0.345000    378.059127     2.418839
    0.352500    347.593898     2.418839
    0.360000    318.531735     2.418839
    0.367500    290.872636     2.418839
    0.375000    264.616602     2.418839
    0.382500    239.763630     2.418839
    0.390000    216.313718     2.418839
    0.397500    194.266859     2.418839
    0.405000    173.623035     2.418839
    0.412500    154.382206     2.418839
    0.420000    136.544275     2.418839
    0.427500    120.109000     2.418838
    0.435000    105.075759     2.418833
    0.442500     91.442902     2.418818
    0.450000     79.205829     2.418764
    0.457500     68.351035     2.418581
    0.465000     58.837107     2.417975
    0.472500     50.538382     2.416157
    0.480000     43.136011     2.412031
    0.487500     36.180692     2.407017
    0.495000     29.624156     2.404994
    0.502500     23.835748     2.406015
    0.510000     18.999721     2.408469
    0.517500     14.929517     2.411705
    0.525000     11.278423     2.414891
    0.532500      8.042846     2.416798
    0.540000      5.515252     2.417238
    0.547500      3.810893     2.416322
    0.555000      2.760656     2.414155
    0.562500      1.999149     2.412221
    0.570000      1.197937     2.412238
    0.577500      0.428353     2.411016
    0.585000      0.000000     2.400090
    0.592500      0.019446     2.360838
    0.600000      0.389498     2.245055
    0.607500      0.914968     1.921258
    0.615000      1.357942     1.167562
    0.622500      1.616111     0.021008
    0.630000      1.644538     0.985938
    0.637500      1.389917     1.457680
    0.645000      1.021327     1.633745
    0.652500      0.671593     1.766183
    0.660000      0.281209     1.915195
    0.667500      0.002656     2.035629
    0.675000      0.101955     2.071189
    0.682500      0.597809     2.041255
    0.690000      1.350647     1.971206
    0.697500      2.235645     1.852195
    0.705000      2.995336     1.795803
    0.712500      3.453147     1.906055
    0.720000      4.055280     2.018004
    0.727500      5.250622     2.054331
    0.735000      6.873372     2.067422
    0.742500      8.299398     2.126969
    0.750000      9.445863     2.190383
    0.757500     10.688213     2.187458
    0.765000     12.017607     2.133209
    0.772500     13.356688     2.210604
    0.780000     14.886567     2.853257
    0.787500     16.818990     5.126751
    0.795000     18.642439     8.826352
    0.802500     19.120944     7.074590
    0.810000     18.816340     3.733400
    0.817500     18.733677     2.732130
    0.825000     19.352656     2.693241
    0.832500     20.875534     3.482525
    0.840000     23.166993     7.029081
    0.847500     25.654896    13.653426
    0.855000     27.470882    14.992585
    0.862500     28.408452    10.994764
    0.870000     28.993963     8.931545
    0.877500     29.579402     8.242126
    0.885000     30.196264     9.276738
    0.892500     30.688173    13.173784
    0.900000     30.824173    17.219429
    0.907500     30.717156    18.594618
    0.915000     30.878953    20.717161
    0.922500     31.381469    25.138486
    0.930000     31.811490    25.355756
    0.937500     32.259586    20.409372
    0.945000     33.066372    17.185968
    0.952500     33.871763    17.082730
    0.960000     34.251170    17.152422
    0.967500     34.469032    17.100882
    0.975000     34.659992    17.110577
    0.982500     35.027444    18.482627
    0.990000     35.864648    23.649721
    0.997500     37.101345    31.616744
    1.005000     38.439022    39.225461
    1.012500     39.674242    50.384465
    1.020000     40.651363    68.182510
    1.027500     41.237517    84.244856
    1.035000     41.358446    92.086894
    1.042500     41.093332    92.407354
    1.050000     40.857956    89.105328
    1.057500     41.020660    87.335725
    1.065000     41.607512    90.503567
    1.072500     42.347840    94.360020
    1.080000     42.776976    86.712152
    1.087500     42.648928    69.307568
    1.095000     42.396901    59.214379
    1.102500     42.494663    62.258394
    1.110000     42.973917    77.221133
    1.117500     43.615535    97.949189
    1.125000     44.331784   114.330877
    1.132500     45.157735   125.846449
    1.140000     45.792831   137.773574
    1.147500     45.757092   135.198646
    1.155000     45.533075   126.603985
    1.162500     45.774199   143.953907
    1.170000     46.461303   198.738670
    1.177500     47.252653   264.064695
    1.185000     48.011285   294.061986
    1.192500     48.722856   275.951700
    1.200000     49.151450   244.622879
    1.207500     49.038466   225.511107
    1.215000     48.654533   206.178238
    1.222500     48.529218   210.699336
    1.230000     48.826752   252.695045
    1.237500     49.425667   308.740126
    1.245000     50.075380   355.827820
    1.252500     50.583210   390.016818
    1.260000     51.060547   396.921699
    1.267500     51.549130   353.022493
    1.275000     51.692964   294.052431
    1.282500     51.378720   298.869002
    1.290000     51.021834   326.538575
    1.297500     50.972300   328.081684
    1.305000     51.310215   334.059716
    1.312500     51.861629   403.339752
    1.320000     52.538307   506.904687
    1.327500     53.596957   565.505257
    1.335000     55.021261   578.589155
    1.342500     55.877064   592.989475
    1.350000     55.483670   608.167839
    1.357500     54.657251   597.263715
    1.365000     54.027740   557.395672
    1.372500     53.375862   515.833779
    1.380000     52.506752   525.919277
    1.387500     51.879798   555.126965
    1.395000     51.859550   548.130737
    1.402500     52.446889   486.953119
    1.410000     53.446192   400.857202
    1.417500     54.442335   349.552728
    1.425000     54.751857   359.261317
    1.432500     54.442003   402.660948
    1.440000     54.162740   445.884411
    1.447500     54.170507   447.092148
    1.455000     54.385939   385.940855
    1.462500     54.577183   300.385724
    1.470000     54.765431   253.500512
    1.477500     54.991739   248.018476
    1.485000     54.914431   241.233756
    1.492500     54.495416   220.392572
    1.500000     54.088075   206.664039
    1.507500     53.803692   197.067726
    1.515000     53.737792   187.496712
    1.522500     54.062957   197.852341
    1.530000     54.513328   270.032146
    1.537500     54.109878   380.926703
    1.545000     52.948342   390.009528
    1.552500     52.090611   344.860885
    1.560000     51.872267   319.997897
    1.567500     52.189099   327.865919
    1.575000     52.764549   337.551389
    1.582500     53.132279   372.931334
    1.590000     52.889221   471.142188
    1.597500     52.403169   527.944304
    1.605000     52.239473   506.946139
    1.612500     52.392165   453.135645
    1.620000     52.555291   425.156132
    1.627500     52.703335   423.337456
    1.635000     52.943789   426.354677
    1.642500     53.107208   455.637004
    1.650000     53.153962   507.814345
    1.657500     53.303721   540.264145
    1.665000     53.469801   535.218702
    1.672500     53.457989   528.732348
    1.680000     53.283564   548.361475
    1.687500     52.824160   565.640503
    1.695000     52.125882   562.834554
    1.702500     51.537873   548.260492
    1.710000     51.286430   525.828324
    1.717500     51.411943   513.628558
    1.725000     51.834891   521.242779
    1.732500     52.344832   512.628843
    1.740000     52.640929   469.159416
    1.747500     52.541378   453.527267
    1.755000     52.218764   474.956284
    1.762500     52.067006   468.433553
    1.770000     52.287361   421.303216
    1.777500     52.749388   375.825322
    1.785000     53.100929   383.804377
    1.792500     53.092823   436.140415
    1.800000     52.845483   474.832209
