#! FIELDS cyl.z file.free uncertainty
#! SET sample_size 15000
#! SET effective_sample_size 84.6738
#! SET fundeltaF 47.7483
#! SET blocks_num 3
#! SET blocks_effective_num 1.07335
#! SET min_cyl.z 0.3
#! SET max_cyl.z 1.8
#! SET nbins_cyl.z 201
#! SET periodic_cyl.z false
    0.300000    633.224515     1.763623
    0.307500    593.236323     1.763623
    0.315000    554.637230     1.763623
    0.322500    517.425289     1.763623
    0.330000    481.598506     1.763623
    0.337500    447.154918     1.763623
    0.345000    414.092676     1.763623
    0.352500    382.410140     1.763623
    0.360000    352.105948     1.763623
    0.367500    323.179057     1.763622
    0.375000    295.628704     1.763621
    0.382500    269.454268     1.763619
    0.390000    244.654941     1.763615
    0.397500    221.229140     1.763607
    0.405000    199.173478     1.763592
    0.412500    178.481048     1.763562
    0.420000    159.138728     1.763504
    0.427500    141.123370     1.763393
    0.435000    124.397758     1.763184
    0.442500    108.909650     1.762795
    0.450000     94.599794     1.762087
    0.457500     81.420638     1.760837
    0.465000     69.351929     1.758723
    0.472500     58.391950     1.755377
    0.480000     48.526245     1.750673
    0.487500     39.705367     1.745351
    0.495000     31.866764     1.741341
    0.502500     24.994334     1.740491
    0.510000     19.139937     1.742851
    0.517500     14.364693     1.747111
    0.525000     10.658429     1.751996
    0.532500      7.887363     1.756554
    0.540000      5.801950     1.759726
    0.547500      4.143202     1.760570
    0.555000      2.751262     1.758618
    0.562500      1.604309     1.752480
    0.570000      0.797487     1.739507
    0.577500      0.346319     1.720870
    0.585000      0.098143     1.705058
    0.592500      0.000000     1.688454
    0.600000      0.212663     1.641420
    0.607500      0.846783     1.515521
    0.615000      1.866715     1.188000
    0.622500      3.154688     0.281893
    0.630000      4.311411     1.866093
    0.637500      4.591073     4.368829
    0.645000      4.247198     5.652707
    0.652500      4.106663     6.556088
    0.660000      4.221732     7.071275
    0.667500      4.300969     6.724057
    0.675000      4.320557     6.297503
    0.682500      4.377692     6.179848
    0.690000      4.583052     5.969470
    0.697500      5.056806     5.999831
    0.705000      5.778770     6.829085
    0.712500      6.521815     7.094758
    0.720000      6.997817     4.850544
    0.727500      7.318441     2.065689
    0.735000      7.927464     0.829950
    0.742500      9.004182     1.239812
    0.750000     10.287870     2.441867
    0.757500     11.471412     3.429896
    0.765000     12.637775     4.128059
    0.772500     13.861658     5.907581
    0.780000     15.069939    10.121957
    0.787500     16.351679    18.213556
    0.795000     17.714033    34.178593
    0.802500     18.574163    47.688266
    0.810000     18.730979    40.792083
    0.817500     19.033742    39.305979
    0.825000     19.775112    68.519003
    0.832500     20.542407   122.361556
    0.840000     21.251938   152.835195
    0.847500     22.191663   149.030538
    0.855000     23.122946   132.516107
    0.862500     23.703526   129.936697
    0.870000     24.198398   141.650305
    0.877500     24.998204   148.960225
    0.885000     26.310591   137.781383
    0.892500     28.108445   111.046681
    0.900000     30.125818    93.201991
    0.907500     31.893049    94.062452
    0.915000     32.987610    83.412496
    0.922500     33.781739    62.174757
    0.930000     34.716958    46.454056
    0.937500     35.682387    41.997281
    0.945000     36.641643    50.609095
    0.952500     37.718762    64.471848
    0.960000     38.668045    70.748611
    0.967500     39.208582    68.398710
    0.975000     39.516330    71.339705
    0.982500     40.024454    77.075049
    0.990000     40.944087    74.557480
    0.997500     41.941126    60.037585
    1.005000     42.554290    49.249899
    1.012500     42.607940    52.335888
    1.020000     42.208429    57.549631
    1.027500     41.996529    58.285033
    1.035000     42.412041    55.755193
    1.042500     43.382643    51.061506
    1.050000     44.577601    45.408587
    1.057500     45.686120    41.432402
    1.065000     46.470964    40.718915
    1.072500     46.827447    41.457100
    1.080000     46.940512    41.813858
    1.087500     46.924175    42.667130
    1.095000     46.616671    47.919983
    1.102500     46.150762    50.389801
    1.110000     45.935684    44.969042
    1.117500     46.243418    39.818793
    1.125000     47.084812    39.421630
    1.132500     48.272095    41.104863
    1.140000     49.710964    44.232461
    1.147500     51.292871    53.433578
    1.155000     52.445415    59.205492
    1.162500     52.929264    52.287365
    1.170000     52.941833    43.578614
    1.177500     51.952372    35.917047
    1.185000     50.311232    38.541391
    1.192500     49.162542    43.868109
    1.200000     49.035673    50.538606
    1.207500     49.975493    66.177289
    1.215000     51.560532   106.359019
    1.222500     52.933103   158.578523
    1.230000     54.028087   171.531687
    1.237500     55.243015   141.011181
    1.245000     56.215304   100.577802
    1.252500     56.737790    85.913322
    1.260000     57.035432    78.270909
    1.267500     57.302978    69.763089
    1.275000     57.651611    69.079519
    1.282500     57.945537    78.406709
    1.290000     57.859515    82.542852
    1.297500     57.417460    73.428565
    1.305000     57.276381    67.564400
    1.312500     57.830929    72.213341
    1.320000     58.715074    86.720585
    1.327500     58.766052    97.892923
    1.335000     57.817029   114.081819
    1.342500     56.929093   143.117350
    1.350000     56.579547   172.372763
    1.357500     56.761409   193.407091
    1.365000     57.282892   206.490252
    1.372500     58.043842   214.302939
    1.380000     59.008378   210.550121
    1.387500     59.591256   189.170938
    1.395000     59.417990   183.186780
    1.402500     59.328574   196.248414
    1.410000     59.618961   208.607064
    1.417500     59.905419   212.559052
    1.425000     59.946946   211.934880
    1.432500     59.772647   209.201514
    1.440000     59.637149   201.856158
    1.447500     59.842244   191.308437
    1.455000     60.324062   181.797949
    1.462500     60.700092   182.045325
    1.470000     60.838191   192.218651
    1.477500     60.993547   194.958300
    1.485000     61.218671   179.219725
    1.492500     61.387688   148.124460
    1.500000     61.511230   116.643525
    1.507500     61.536142   103.926542
    1.515000     61.439265   114.240594
    1.522500     61.463529   136.275356
    1.530000     61.726299   156.463049
    1.537500     61.939418   156.477305
    1.545000     61.881082   139.794415
    1.552500     61.861279   132.423306
    1.560000     61.955840   144.760085
    1.567500     61.905919   168.895623
    1.575000     61.861592   186.744585
    1.582500     61.902108   198.114894
    1.590000     61.408272   206.463866
    1.597500     60.433651   205.272589
    1.605000     59.833330   192.331183
    1.612500     59.866647   167.410149
    1.620000     60.228357   141.689952
    1.627500     60.460089   136.074683
    1.635000     60.493757   141.982405
    1.642500     60.635628   141.284764
    1.650000     61.006333   136.187996
    1.657500     61.218166   137.790730
    1.665000     60.849275   144.762071
    1.672500     60.314527   143.304728
    1.680000     60.093671   139.232042
    1.687500     60.054086   146.798042
    1.695000     59.723667   164.250587
    1.702500     59.212034   176.074638
    1.710000     59.056899   183.539617
    1.717500     59.468461   188.853294
    1.725000     60.278231   185.025017
    1.732500     61.024479   162.177978
    1.740000     61.161954   133.827722
    1.747500     60.909344   121.384644
    1.755000     60.917965   114.816770
    1.762500     61.378573   105.855991
    1.770000     61.837197   100.826579
    1.777500     61.471432   108.113847
    1.785000     60.633308   110.534397
    1.792500     60.085157   101.926315
    1.800000     60.043652    89.203625
