#! FIELDS cyl.z file.free uncertainty
#! SET sample_size 89997
#! SET effective_sample_size 165.442
#! SET fundeltaF 44.0369
#! SET blocks_num 3
#! SET blocks_effective_num 1.73154
#! SET min_cyl.z 0.3
#! SET max_cyl.z 1.8
#! SET nbins_cyl.z 201
#! SET periodic_cyl.z false
    0.300000    524.846083    13.858975
    0.307500    488.993046    13.858975
    0.315000    454.543059    13.858975
    0.322500    421.496116    13.858975
    0.330000    389.852210    13.858975
    0.337500    359.611328    13.858975
    0.345000    330.773453    13.858975
    0.352500    303.338562    13.858975
    0.360000    277.306623    13.858975
    0.367500    252.677590    13.858975
    0.375000    229.451399    13.858975
    0.382500    207.627961    13.858975
    0.390000    187.207148    13.858975
    0.397500    168.188783    13.858975
    0.405000    150.572605    13.858975
    0.412500    134.358218    13.858973
    0.420000    119.544935    13.858964
    0.427500    106.131284    13.858881
    0.435000     94.113185    13.858147
    0.442500     83.476704    13.851584
    0.450000     74.167435    13.793769
    0.457500     65.962152    13.337343
    0.465000     58.118585    11.020733
    0.472500     49.680667     6.580525
    0.480000     41.029089     3.367319
    0.487500     32.924336     2.015903
    0.495000     25.675330     1.667381
    0.502500     19.421382     1.624046
    0.510000     14.254666     1.640448
    0.517500     10.212106     1.665590
    0.525000      7.230633     1.687615
    0.532500      5.091571     1.702007
    0.540000      3.455687     1.709717
    0.547500      2.104532     1.716425
    0.555000      1.041017     1.726247
    0.562500      0.312537     1.739329
    0.570000      0.000000     1.748448
    0.577500      0.200144     1.738543
    0.585000      0.831175     1.686692
    0.592500      1.562773     1.553578
    0.600000      2.150157     1.280936
    0.607500      2.702983     0.778695
    0.615000      3.258162     0.323563
    0.622500      3.561013     1.177466
    0.630000      3.466192     1.867166
    0.637500      3.052896     2.257199
    0.645000      2.449479     2.396373
    0.652500      1.886537     2.423547
    0.660000      1.652968     2.530906
    0.667500      1.833260     2.716808
    0.675000      2.258390     2.836119
    0.682500      2.705335     2.734407
    0.690000      3.125875     2.444245
    0.697500      3.638725     2.129588
    0.705000      4.361794     1.899009
    0.712500      5.322264     1.883640
    0.720000      6.392703     2.078879
    0.727500      7.130413     1.991552
    0.735000      7.321136     1.498310
    0.742500      7.647019     1.212962
    0.750000      8.682486     1.227341
    0.757500     10.421776     1.635734
    0.765000     12.381519     2.573110
    0.772500     14.036546     3.367621
    0.780000     15.447555     3.522866
    0.787500     16.876439     3.278588
    0.795000     18.307239     3.200994
    0.802500     19.592823     3.949307
    0.810000     20.700499     5.128009
    0.817500     21.647003     5.583477
    0.825000     22.375350     5.347750
    0.832500     22.760883     5.438508
    0.840000     23.069782     5.614010
    0.847500     23.815614     5.643845
    0.855000     25.192275     5.940162
    0.862500     26.991395     6.572001
    0.870000     28.658263     6.550243
    0.877500     29.656451     5.726410
    0.885000     30.201506     5.532483
    0.892500     30.824269     5.651001
    0.900000     31.639362     5.345619
    0.907500     32.321761     4.694989
    0.915000     32.537670     4.374315
    0.922500     32.519744     4.267036
    0.930000     32.725979     3.926061
    0.937500     33.372571     3.625298
    0.945000     34.184417     3.856637
    0.952500     34.630686     4.318408
    0.960000     34.986480     4.348176
    0.967500     35.786503     4.125760
    0.975000     36.931449     3.940546
    0.982500     37.926881     3.969899
    0.990000     38.608441     4.156781
    0.997500     39.190596     4.721168
    1.005000     39.770707     5.337300
    1.012500     40.391010     5.238984
    1.020000     41.091544     4.600204
    1.027500     41.793498     4.159307
    1.035000     42.457035     4.129146
    1.042500     43.084390     4.260210
    1.050000     43.589143     4.498876
    1.057500     43.946665     4.783562
    1.065000     44.302986     4.782961
    1.072500     44.761044     4.387337
    1.080000     45.162250     3.912368
    1.087500     45.390477     3.842811
    1.095000     45.699891     4.134392
    1.102500     46.213745     4.481135
    1.110000     46.755021     4.685077
    1.117500     47.243644     4.764397
    1.125000     47.751311     4.784136
    1.132500     48.247532     4.963340
    1.140000     48.578051     5.907959
    1.147500     48.715988     7.415435
    1.155000     48.893631     8.390566
    1.162500     49.214470     8.820390
    1.170000     49.499291     9.266051
    1.177500     49.629826     9.658600
    1.185000     49.719923     9.752264
    1.192500     50.055648     9.442213
    1.200000     50.868631     8.477042
    1.207500     51.948969     6.887262
    1.215000     52.725873     5.697810
    1.222500     53.049575     5.495228
    1.230000     53.292361     5.707229
    1.237500     53.632349     5.927224
    1.245000     53.860745     6.076133
    1.252500     53.821938     6.567062
    1.260000     53.712227     7.167627
    1.267500     53.800902     7.094172
    1.275000     54.104331     6.480244
    1.282500     54.373841     6.151362
    1.290000     54.518150     6.216098
    1.297500     54.715308     6.158032
    1.305000     55.060792     5.738160
    1.312500     55.442748     5.124065
    1.320000     55.733178     4.755045
    1.327500     56.023731     4.764342
    1.335000     56.464666     5.059122
    1.342500     56.957947     5.674392
    1.350000     57.203540     6.468878
    1.357500     57.146731     6.716569
    1.365000     56.966628     6.186037
    1.372500     56.754662     5.680189
    1.380000     56.579864     5.554294
    1.387500     56.562375     5.221957
    1.395000     56.756023     4.652273
    1.402500     57.044809     4.390854
    1.410000     57.261265     4.584243
    1.417500     57.336905     4.954958
    1.425000     57.313016     5.027485
    1.432500     57.322032     4.787721
    1.440000     57.456473     4.623347
    1.447500     57.594427     4.696763
    1.455000     57.511085     4.566608
    1.462500     57.246045     4.108452
    1.470000     57.051671     3.869553
    1.477500     57.011330     4.010201
    1.485000     56.985416     4.223219
    1.492500     56.953035     4.329975
    1.500000     57.054770     4.465401
    1.507500     57.198395     4.790584
    1.515000     57.175068     5.279667
    1.522500     57.039458     5.687910
    1.530000     56.882187     5.784319
    1.537500     56.725289     5.559193
    1.545000     56.645457     5.209575
    1.552500     56.688257     4.841012
    1.560000     56.737697     4.522372
    1.567500     56.649966     4.374743
    1.575000     56.493932     4.421181
    1.582500     56.412941     4.584687
    1.590000     56.455042     4.706619
    1.597500     56.566224     4.581933
    1.605000     56.685427     4.297334
    1.612500     56.881944     4.132346
    1.620000     57.194059     4.207977
    1.627500     57.352241     4.404922
    1.635000     57.058454     4.506170
    1.642500     56.612286     4.536436
    1.650000     56.430298     4.494080
    1.657500     56.570652     4.395945
    1.665000     56.786183     4.501306
    1.672500     56.755749     5.138234
    1.680000     56.537164     5.746811
    1.687500     56.437050     5.616985
    1.695000     56.448487     5.063387
    1.702500     56.408605     4.751536
    1.710000     56.419616     4.621432
    1.717500     56.568033     4.426796
    1.725000     56.700030     4.279760
    1.732500     56.696493     4.399169
    1.740000     56.629419     4.688960
    1.747500     56.547785     5.048154
    1.755000     56.370943     5.637138
    1.762500     56.090678     6.488644
    1.770000     55.937985     7.024021
    1.777500     56.148920     6.790078
    1.785000     56.648557     6.014280
    1.792500     57.100506     5.346325
    1.800000     57.311166     5.059624
