#! FIELDS cyl.z file.free uncertainty
#! SET sample_size 189999
#! SET effective_sample_size 484.713
#! SET fundeltaF 43.3372
#! SET blocks_num 3
#! SET blocks_effective_num 2.62249
#! SET min_cyl.z 0.3
#! SET max_cyl.z 1.8
#! SET nbins_cyl.z 201
#! SET periodic_cyl.z false
    0.300000    526.382158     2.528513
    0.307500    490.529121     2.528513
    0.315000    456.079134     2.528513
    0.322500    423.032192     2.528513
    0.330000    391.388285     2.528513
    0.337500    361.147403     2.528513
    0.345000    332.309528     2.528513
    0.352500    304.874637     2.528513
    0.360000    278.842698     2.528513
    0.367500    254.213665     2.528513
    0.375000    230.987474     2.528513
    0.382500    209.164035     2.528513
    0.390000    188.743222     2.528511
    0.397500    169.724851     2.528503
    0.405000    152.108649     2.528463
    0.412500    135.894145     2.528272
    0.420000    121.080286     2.527339
    0.427500    107.663801     2.522749
    0.435000     95.631734     2.500211
    0.442500     84.927442     2.392969
    0.450000     75.315435     1.957089
    0.457500     66.124646     1.024574
    0.465000     56.769346     1.033084
    0.472500     47.700176     1.226586
    0.480000     39.380206     1.125055
    0.487500     31.862370     0.951730
    0.495000     25.148600     0.861726
    0.502500     19.325848     0.915511
    0.510000     14.489387     1.065866
    0.517500     10.661044     1.215073
    0.525000      7.746217     1.269359
    0.532500      5.518669     1.198039
    0.540000      3.723686     1.086403
    0.547500      2.259430     1.020463
    0.555000      1.136788     0.990511
    0.562500      0.364597     0.970170
    0.570000      0.000000     0.947368
    0.577500      0.115051     0.912983
    0.585000      0.629704     0.868091
    0.592500      1.263903     0.813844
    0.600000      1.775052     0.732898
    0.607500      2.202450     0.610621
    0.615000      2.617235     0.480752
    0.622500      2.874339     0.533532
    0.630000      2.806174     0.794328
    0.637500      2.469886     0.986609
    0.645000      2.021913     1.034524
    0.652500      1.579853     1.032577
    0.660000      1.319378     1.101569
    0.667500      1.373192     1.238384
    0.675000      1.707427     1.355709
    0.682500      2.178889     1.390124
    0.690000      2.689113     1.343946
    0.697500      3.274485     1.273270
    0.705000      4.005496     1.242894
    0.712500      4.880129     1.287457
    0.720000      5.839649     1.360757
    0.727500      6.751619     1.224606
    0.735000      7.482752     0.757138
    0.742500      8.255112     0.389760
    0.750000      9.465411     0.313010
    0.757500     11.143922     0.205727
    0.765000     12.899026     0.335093
    0.772500     14.397534     0.646698
    0.780000     15.613467     0.828183
    0.787500     16.551964     1.160870
    0.795000     17.371216     1.605347
    0.802500     18.371549     1.830052
    0.810000     19.685279     1.802296
    0.817500     21.092573     1.622247
    0.825000     22.119365     1.505216
    0.832500     22.706022     1.360823
    0.840000     23.240075     1.079908
    0.847500     23.991492     0.916249
    0.855000     25.006146     1.066818
    0.862500     26.175437     1.414901
    0.870000     27.338053     1.718191
    0.877500     28.374155     1.795856
    0.885000     29.287532     1.686958
    0.892500     30.141463     1.570004
    0.900000     30.917650     1.502100
    0.907500     31.560001     1.400904
    0.915000     32.062719     1.117854
    0.922500     32.475078     0.839473
    0.930000     32.955119     0.798837
    0.937500     33.642723     0.726054
    0.945000     34.367711     0.568814
    0.952500     34.810927     0.640239
    0.960000     35.180541     0.821288
    0.967500     35.843967     1.039931
    0.975000     36.705785     1.338891
    0.982500     37.387794     1.658896
    0.990000     37.863422     1.873839
    0.997500     38.468080     1.861355
    1.005000     39.248538     1.641447
    1.012500     39.873237     1.558519
    1.020000     40.177771     1.878782
    1.027500     40.427077     2.246035
    1.035000     40.942572     2.316653
    1.042500     41.721635     2.094410
    1.050000     42.446344     1.831443
    1.057500     42.927822     1.756973
    1.065000     43.300804     1.811718
    1.072500     43.755306     1.827584
    1.080000     44.307849     1.702981
    1.087500     44.818821     1.490906
    1.095000     45.256480     1.405681
    1.102500     45.631643     1.570285
    1.110000     45.980875     1.773777
    1.117500     46.464499     1.734594
    1.125000     47.001069     1.569459
    1.132500     47.193600     1.753125
    1.140000     47.034549     2.182677
    1.147500     47.070249     2.335810
    1.155000     47.626712     2.123051
    1.162500     48.479803     1.713287
    1.170000     49.095037     1.437681
    1.177500     49.363555     1.359891
    1.185000     49.581281     1.285884
    1.192500     49.954700     1.217955
    1.200000     50.555740     1.241971
    1.207500     51.224941     1.401385
    1.215000     51.721379     1.550660
    1.222500     52.042940     1.593203
    1.230000     52.332760     1.583097
    1.237500     52.638269     1.545721
    1.245000     52.877085     1.486903
    1.252500     52.966361     1.477605
    1.260000     52.945810     1.511829
    1.267500     52.991371     1.507342
    1.275000     53.209555     1.480693
    1.282500     53.499846     1.451598
    1.290000     53.710643     1.449538
    1.297500     53.862456     1.508999
    1.305000     54.071061     1.591259
    1.312500     54.319340     1.637820
    1.320000     54.527564     1.602489
    1.327500     54.743173     1.509440
    1.335000     55.036667     1.518275
    1.342500     55.319279     1.736290
    1.350000     55.403012     2.018081
    1.357500     55.310752     2.173880
    1.365000     55.263289     2.160689
    1.372500     55.325362     2.011353
    1.380000     55.404522     1.855015
    1.387500     55.472594     1.832298
    1.395000     55.573178     1.940406
    1.402500     55.667399     2.094191
    1.410000     55.638353     2.269785
    1.417500     55.531281     2.395020
    1.425000     55.494679     2.392152
    1.432500     55.519563     2.321662
    1.440000     55.566238     2.282765
    1.447500     55.647108     2.269996
    1.455000     55.703392     2.216772
    1.462500     55.686502     2.116952
    1.470000     55.623507     2.060780
    1.477500     55.563213     2.063354
    1.485000     55.545815     2.017571
    1.492500     55.619264     1.892344
    1.500000     55.832829     1.740629
    1.507500     56.072503     1.570284
    1.515000     56.121287     1.448650
    1.522500     56.010665     1.487923
    1.530000     55.862147     1.634149
    1.537500     55.691760     1.751287
    1.545000     55.576350     1.802068
    1.552500     55.575646     1.876666
    1.560000     55.612651     1.995112
    1.567500     55.648775     1.995671
    1.575000     55.707060     1.843616
    1.582500     55.722961     1.721084
    1.590000     55.700183     1.689636
    1.597500     55.767010     1.632630
    1.605000     55.923845     1.553984
    1.612500     56.002296     1.649429
    1.620000     55.917852     1.947746
    1.627500     55.744898     2.180195
    1.635000     55.554288     2.188434
    1.642500     55.440802     2.047704
    1.650000     55.484786     1.901491
    1.657500     55.641483     1.835925
    1.665000     55.759014     1.827754
    1.672500     55.702611     1.806290
    1.680000     55.514685     1.812238
    1.687500     55.351537     1.904190
    1.695000     55.285694     1.984887
    1.702500     55.306847     1.924924
    1.710000     55.454857     1.747234
    1.717500     55.730109     1.558350
    1.725000     55.966131     1.440415
    1.732500     56.025431     1.392392
    1.740000     55.957804     1.367695
    1.747500     55.839692     1.383220
    1.755000     55.708546     1.377621
    1.762500     55.612659     1.253942
    1.770000     55.594037     1.134099
    1.777500     55.703190     1.199278
    1.785000     55.915810     1.469263
    1.792500     56.091518     1.777333
    1.800000     56.218506     1.942606
