#! FIELDS cyl.z file.free uncertainty
#! SET sample_size 15000
#! SET effective_sample_size 58.9909
#! SET fundeltaF 53.9299
#! SET blocks_num 3
#! SET blocks_effective_num 1.04191
#! SET min_cyl.z 0.3
#! SET max_cyl.z 1.8
#! SET nbins_cyl.z 201
#! SET periodic_cyl.z false
    0.300000    683.078832     1.763991
    0.307500    640.382289     1.763991
    0.315000    599.087776     1.763990
    0.322500    559.195203     1.763990
    0.330000    520.704464     1.763990
    0.337500    483.615433     1.763990
    0.345000    447.927953     1.763990
    0.352500    413.641828     1.763990
    0.360000    380.756807     1.763990
    0.367500    349.272570     1.763990
    0.375000    319.188696     1.763989
    0.382500    290.504632     1.763988
    0.390000    263.219646     1.763987
    0.397500    237.332767     1.763986
    0.405000    212.842706     1.763984
    0.412500    189.747757     1.763980
    0.420000    168.045676     1.763976
    0.427500    147.733547     1.763970
    0.435000    128.807633     1.763961
    0.442500    111.263255     1.763948
    0.450000     95.094716     1.763930
    0.457500     80.295358     1.763907
    0.465000     66.857778     1.763876
    0.472500     54.774256     1.763835
    0.480000     44.037305     1.763785
    0.487500     34.640075     1.763724
    0.495000     26.575993     1.763652
    0.502500     19.836399     1.763570
    0.510000     14.403492     1.763481
    0.517500     10.232358     1.763387
    0.525000      7.210136     1.763282
    0.532500      5.091285     1.763105
    0.540000      3.505855     1.762606
    0.547500      2.191478     1.761077
    0.555000      1.127694     1.756052
    0.562500      0.362754     1.740718
    0.570000      0.000000     1.704029
    0.577500      0.175262     1.630654
    0.585000      0.839946     1.492350
    0.592500      1.655705     1.268646
    0.600000      2.336185     1.019306
    0.607500      3.072062     0.737163
    0.615000      4.133187     0.191097
    0.622500      5.485321     1.593514
    0.630000      6.914964     5.966866
    0.637500      7.622049    11.726143
    0.645000      6.776964    10.655336
    0.652500      5.812069     8.858766
    0.660000      5.734327    10.339503
    0.667500      6.574535    16.203519
    0.675000      7.734270    26.100802
    0.682500      8.339876    30.376638
    0.690000      8.581826    26.816329
    0.697500      8.779968    20.627356
    0.705000      8.853272    14.068264
    0.712500      9.294492    11.334175
    0.720000     10.256868    12.637426
    0.727500     10.584144    11.691741
    0.735000     10.217198     8.316027
    0.742500     10.603998     7.917137
    0.750000     12.260944    12.609863
    0.757500     15.215481    35.314759
    0.765000     19.154840   136.665062
    0.772500     22.738371   381.034916
    0.780000     24.326342   464.342941
    0.787500     24.726958   478.184761
    0.795000     25.145748   582.429528
    0.802500     25.981073   720.936845
    0.810000     27.085169   824.822166
    0.817500     28.060331   856.260771
    0.825000     28.696224   785.839843
    0.832500     29.024887   577.574747
    0.840000     29.149332   368.845225
    0.847500     29.526862   332.715430
    0.855000     30.476532   456.397924
    0.862500     31.828905   652.987639
    0.870000     33.187842   784.416976
    0.877500     34.275203   793.961566
    0.885000     35.096984   728.169684
    0.892500     35.910160   658.303259
    0.900000     36.610528   677.370905
    0.907500     36.638250   784.802007
    0.915000     36.423985   847.655236
    0.922500     36.547192   863.164592
    0.930000     36.883099   854.441154
    0.937500     37.490044   833.151473
    0.945000     38.720061   810.187814
    0.952500     40.480307   795.816704
    0.960000     41.661343   817.800160
    0.967500     41.542678   862.812418
    0.975000     41.291655   884.000322
    0.982500     41.529778   880.442678
    0.990000     42.210175   849.685966
    0.997500     43.220801   772.340745
    1.005000     44.430444   636.783080
    1.012500     45.620184   522.631419
    1.020000     46.757666   508.438738
    1.027500     47.806786   531.183416
    1.035000     48.694116   551.283835
    1.042500     49.395244   624.282946
    1.050000     49.750858   729.481723
    1.057500     49.905203   789.600723
    1.065000     50.129751   810.818531
    1.072500     50.472390   812.502913
    1.080000     51.052029   782.362666
    1.087500     51.972825   708.850901
    1.095000     52.810904   615.437223
    1.102500     52.915210   561.668971
    1.110000     52.732329   552.661716
    1.117500     52.852234   595.836244
    1.125000     53.227259   690.721650
    1.132500     53.782698   769.426143
    1.140000     54.741941   788.443567
    1.147500     56.056082   761.458618
    1.155000     57.003044   700.929285
    1.162500     57.243065   592.703809
    1.170000     57.214339   440.545968
    1.177500     57.173896   309.945312
    1.185000     57.409453   249.881448
    1.192500     58.062785   274.108954
    1.200000     58.674548   397.193065
    1.207500     58.627151   510.352300
    1.215000     58.270329   555.316034
    1.222500     58.239626   595.801934
    1.230000     58.794535   606.013954
    1.237500     59.613455   479.829534
    1.245000     59.871755   251.728474
    1.252500     59.784194   151.266131
    1.260000     60.023468   169.418296
    1.267500     60.505087   286.624494
    1.275000     60.962971   430.186968
    1.282500     61.491618   464.177005
    1.290000     62.188671   411.061213
    1.297500     62.906262   402.489921
    1.305000     63.362080   420.988082
    1.312500     63.267978   315.962022
    1.320000     62.975953   191.281564
    1.327500     63.221869   148.762881
    1.335000     64.256162   167.900236
    1.342500     65.536962   234.770015
    1.350000     65.870774   307.912173
    1.357500     65.427418   342.488578
    1.365000     65.122359   333.937110
    1.372500     65.220867   283.009543
    1.380000     65.600956   236.844735
    1.387500     65.851228   250.370725
    1.395000     65.740821   294.010540
    1.402500     65.539388   335.878553
    1.410000     65.282095   387.264513
    1.417500     64.858267   411.511006
    1.425000     64.533866   412.424663
    1.432500     64.585939   442.355108
    1.440000     64.943830   487.863620
    1.447500     65.230804   490.839006
    1.455000     65.294972   451.132384
    1.462500     65.499762   403.792246
    1.470000     66.114445   379.551109
    1.477500     66.895720   389.233506
    1.485000     67.301758   370.759508
    1.492500     67.518523   288.374671
    1.500000     67.952698   181.666648
    1.507500     68.274696   107.646253
    1.515000     68.051886    95.293118
    1.522500     67.657334   117.498760
    1.530000     67.553300   199.520435
    1.537500     67.609175   324.260923
    1.545000     67.509926   362.652261
    1.552500     67.390411   338.412561
    1.560000     67.477386   351.201795
    1.567500     67.839372   378.376682
    1.575000     68.420799   397.275813
    1.582500     68.922829   458.684704
    1.590000     69.103946   537.345568
    1.597500     69.124439   543.048791
    1.605000     69.098548   511.736660
    1.612500     68.811778   556.577760
    1.620000     67.962666   667.699661
    1.627500     66.869220   695.984393
    1.635000     66.039205   608.919854
    1.642500     65.487336   476.066429
    1.650000     65.151490   412.755220
    1.657500     65.265536   434.013644
    1.665000     65.964836   464.243390
    1.672500     66.807056   444.736700
    1.680000     66.821577   414.543730
    1.687500     66.345481   406.351704
    1.695000     66.377862   401.095097
    1.702500     66.969771   395.351111
    1.710000     67.498202   378.781358
    1.717500     67.726911   375.943409
    1.725000     68.018892   388.393896
    1.732500     68.310240   371.174743
    1.740000     68.334780   358.064932
    1.747500     68.232221   392.036176
    1.755000     68.225038   406.924066
    1.762500     68.458449   396.602657
    1.770000     68.747310   444.531817
    1.777500     68.540585   507.882300
    1.785000     68.120712   467.380352
    1.792500     68.075229   372.431942
    1.800000     68.377162   299.417673
