#! FIELDS cyl.z file.free uncertainty
#! SET sample_size 90000
#! SET effective_sample_size 497.221
#! SET fundeltaF 42.2905
#! SET blocks_num 3
#! SET blocks_effective_num 2.12275
#! SET min_cyl.z 0.3
#! SET max_cyl.z 1.8
#! SET nbins_cyl.z 201
#! SET periodic_cyl.z false
    0.300000    579.947823     4.619477
    0.307500    541.382264     4.619477
    0.315000    504.219766     4.619477
    0.322500    468.460330     4.619477
    0.330000    434.103956     4.619477
    0.337500    401.150644     4.619477
    0.345000    369.600393     4.619477
    0.352500    339.453204     4.619477
    0.360000    310.709076     4.619477
    0.367500    283.368006     4.619477
    0.375000    257.429995     4.619477
    0.382500    232.895036     4.619476
    0.390000    209.763125     4.619476
    0.397500    188.034251     4.619474
    0.405000    167.708397     4.619472
    0.412500    148.785531     4.619467
    0.420000    131.265599     4.619458
    0.427500    115.148500     4.619436
    0.435000    100.434044     4.619386
    0.442500     87.121852     4.619255
    0.450000     75.211107     4.618870
    0.457500     64.699837     4.617597
    0.465000     55.582602     4.612955
    0.472500     47.842119     4.594691
    0.480000     41.416948     4.519539
    0.487500     36.084716     4.226188
    0.495000     31.227355     3.437008
    0.502500     26.179875     2.597428
    0.510000     21.231630     2.401541
    0.517500     16.923085     2.520166
    0.525000     13.425584     2.603485
    0.532500     10.689473     2.550101
    0.540000      8.558661     2.426552
    0.547500      6.864756     2.346806
    0.555000      5.514940     2.396222
    0.562500      4.516484     2.608794
    0.570000      3.905462     2.907366
    0.577500      3.604832     3.152578
    0.585000      3.414657     3.251917
    0.592500      3.259809     3.157990
    0.600000      3.235197     2.784963
    0.607500      3.326580     2.059020
    0.615000      3.349010     1.087704
    0.622500      3.104301     0.274330
    0.630000      2.525231     0.460949
    0.637500      1.722447     0.628418
    0.645000      0.886127     0.682487
    0.652500      0.257123     0.728667
    0.660000      0.000000     0.760522
    0.667500      0.076269     0.768626
    0.675000      0.336170     0.758389
    0.682500      0.670782     0.739370
    0.690000      1.102585     0.729408
    0.697500      1.775911     0.752244
    0.705000      2.788534     0.804615
    0.712500      4.056516     0.755403
    0.720000      5.318538     0.494721
    0.727500      6.304598     0.215319
    0.735000      6.899963     0.275996
    0.742500      7.147453     0.676350
    0.750000      7.428481     1.000257
    0.757500      8.254922     1.092815
    0.765000      9.840836     0.987605
    0.772500     11.895504     0.701697
    0.780000     13.564470     0.386924
    0.787500     14.537092     0.419386
    0.795000     15.328498     0.638684
    0.802500     16.020607     0.682317
    0.810000     16.481616     0.552698
    0.817500     17.020725     0.484691
    0.825000     17.982582     0.477108
    0.832500     19.295297     0.371123
    0.840000     20.510835     0.094377
    0.847500     21.340138     0.152459
    0.855000     22.151951     0.186096
    0.862500     23.274121     0.060671
    0.870000     24.478099     0.482422
    0.877500     25.392002     0.770192
    0.885000     26.222778     0.841125
    0.892500     27.320231     0.766329
    0.900000     28.533906     0.592758
    0.907500     29.528650     0.481742
    0.915000     30.371866     0.543152
    0.922500     31.180326     0.735610
    0.930000     31.993012     0.857856
    0.937500     32.560456     0.620928
    0.945000     32.302760     0.667716
    0.952500     31.802347     1.070241
    0.960000     32.025991     1.183345
    0.967500     33.206214     1.037100
    0.975000     34.928831     0.651939
    0.982500     36.373745     0.504908
    0.990000     37.350922     0.607914
    0.997500     38.164584     0.661314
    1.005000     38.810612     0.691116
    1.012500     39.250140     0.700804
    1.020000     39.656156     0.638879
    1.027500     40.166375     0.616299
    1.035000     40.675884     0.790459
    1.042500     41.043817     0.994150
    1.050000     41.388147     1.050908
    1.057500     41.906835     1.066338
    1.065000     42.624783     1.114773
    1.072500     43.362181     1.117688
    1.080000     43.872985     1.140566
    1.087500     44.188341     1.321426
    1.095000     44.513910     1.584623
    1.102500     44.763260     1.802862
    1.110000     44.851226     1.889038
    1.117500     45.056001     1.824216
    1.125000     45.535899     1.880734
    1.132500     46.199659     1.909289
    1.140000     46.931491     1.545234
    1.147500     47.579552     1.074152
    1.155000     47.969647     0.757717
    1.162500     48.205457     0.594088
    1.170000     48.544431     0.562764
    1.177500     49.031465     0.544698
    1.185000     49.494921     0.695320
    1.192500     49.808130     1.145963
    1.200000     50.127391     1.336978
    1.207500     50.573420     1.067458
    1.215000     50.967273     0.896919
    1.222500     51.248440     1.019862
    1.230000     51.597055     1.047535
    1.237500     51.989589     1.043224
    1.245000     52.221216     1.092545
    1.252500     52.294494     1.171995
    1.260000     52.381874     1.248123
    1.267500     52.537549     1.276874
    1.275000     52.777973     1.235169
    1.282500     53.142160     1.125555
    1.290000     53.488816     0.980873
    1.297500     53.671345     0.917536
    1.305000     53.851399     1.000098
    1.312500     54.183198     1.205221
    1.320000     54.510551     1.485013
    1.327500     54.566666     1.659805
    1.335000     54.444524     1.554934
    1.342500     54.405592     1.347210
    1.350000     54.503306     1.351871
    1.357500     54.695911     1.607018
    1.365000     54.937438     1.894210
    1.372500     55.154588     2.068229
    1.380000     55.340924     2.163531
    1.387500     55.523982     2.246424
    1.395000     55.578905     2.306053
    1.402500     55.448240     2.299516
    1.410000     55.344044     2.215343
    1.417500     55.393209     2.121517
    1.425000     55.533505     2.077931
    1.432500     55.711999     2.022154
    1.440000     55.877110     1.955493
    1.447500     55.941420     1.948811
    1.455000     55.877817     1.984321
    1.462500     55.764460     1.956351
    1.470000     55.731227     1.820287
    1.477500     55.805126     1.662297
    1.485000     55.900568     1.618444
    1.492500     55.973624     1.712031
    1.500000     56.029970     1.790014
    1.507500     56.032966     1.850183
    1.515000     55.979009     2.062359
    1.522500     55.910399     2.377874
    1.530000     55.808068     2.580342
    1.537500     55.711814     2.536201
    1.545000     55.734433     2.337100
    1.552500     55.863288     2.202878
    1.560000     55.913711     2.253128
    1.567500     55.725430     2.344424
    1.575000     55.409910     2.338096
    1.582500     55.150325     2.296146
    1.590000     54.937527     2.255138
    1.597500     54.784045     2.223304
    1.605000     54.745437     2.319208
    1.612500     54.694512     2.602531
    1.620000     54.519690     2.859945
    1.627500     54.337484     2.892713
    1.635000     54.301148     2.735386
    1.642500     54.468053     2.474605
    1.650000     54.720106     2.138281
    1.657500     54.831827     1.783585
    1.665000     54.790929     1.585747
    1.672500     54.775567     1.652108
    1.680000     54.904141     1.881152
    1.687500     55.119576     2.085564
    1.695000     55.154589     2.247652
    1.702500     54.871870     2.463955
    1.710000     54.541988     2.693558
    1.717500     54.422410     2.810327
    1.725000     54.505778     2.694895
    1.732500     54.621529     2.341566
    1.740000     54.646521     2.005014
    1.747500     54.666730     1.896100
    1.755000     54.739442     1.870061
    1.762500     54.792385     1.747420
    1.770000     54.873962     1.644250
    1.777500     55.034780     1.768612
    1.785000     55.150739     2.048686
    1.792500     55.160730     2.216294
    1.800000     55.212629     2.251435
