#! FIELDS cyl.z file.free uncertainty
#! SET sample_size 14997
#! SET effective_sample_size 60.6765
#! SET fundeltaF 12.7698
#! SET blocks_num 3
#! SET blocks_effective_num 1.25049
#! SET min_cyl.z 0.3
#! SET max_cyl.z 1.8
#! SET nbins_cyl.z 201
#! SET periodic_cyl.z false
    0.300000    586.470137    19.863295
    0.307500    549.288902    19.863295
    0.315000    513.510732    19.863295
    0.322500    479.135628    19.863295
    0.330000    446.163588    19.863295
    0.337500    414.594614    19.863295
    0.345000    384.428701    19.863295
    0.352500    355.665844    19.863295
    0.360000    328.306015    19.863295
    0.367500    302.349129    19.863295
    0.375000    277.794895    19.863295
    0.382500    254.642334    19.863295
    0.390000    232.888140    19.863295
    0.397500    212.521234    19.863295
    0.405000    193.505192    19.863295
    0.412500    175.728368    19.863295
    0.420000    158.915506    19.863295
    0.427500    142.687013    19.863294
    0.435000    126.992571    19.863291
    0.442500    112.169765    19.863284
    0.450000     98.494927    19.863268
    0.457500     86.068668    19.863229
    0.465000     74.905784    19.863107
    0.472500     64.998861    19.862589
    0.480000     56.345618    19.859847
    0.487500     48.956018    19.844209
    0.495000     42.841785    19.754611
    0.502500     37.964962    19.262768
    0.510000     34.017714    17.160802
    0.517500     30.013494    14.304836
    0.525000     25.434321    14.983189
    0.532500     21.169248    15.760190
    0.540000     17.715617    16.192900
    0.547500     15.115692    16.323940
    0.555000     13.260354    16.058513
    0.562500     11.888092    15.609632
    0.570000     10.682195    15.415311
    0.577500      9.589270    15.515709
    0.585000      8.809743    15.542288
    0.592500      8.424486    15.211544
    0.600000      8.147770    14.559743
    0.607500      7.577883    14.244419
    0.615000      6.868579    14.629291
    0.622500      6.467114    15.124165
    0.630000      6.519960    15.152411
    0.637500      6.775439    14.991369
    0.645000      6.923114    15.010526
    0.652500      7.016454    14.912733
    0.660000      7.283021    14.691830
    0.667500      7.799915    14.578416
    0.675000      8.359233    14.710592
    0.682500      8.652861    15.057735
    0.690000      8.637717    14.521677
    0.697500      8.365038    12.186433
    0.705000      7.830344     8.175455
    0.712500      7.059273     3.963693
    0.720000      5.941128     1.389472
    0.727500      4.495241     0.466497
    0.735000      3.028007     0.462117
    0.742500      1.761080     0.953132
    0.750000      0.801396     1.289555
    0.757500      0.206128     1.447302
    0.765000      0.000000     1.504696
    0.772500      0.150724     1.490533
    0.780000      0.530998     1.417301
    0.787500      0.876371     1.338639
    0.795000      1.024093     1.314547
    0.802500      1.191859     1.322047
    0.810000      1.562447     1.318070
    0.817500      1.959300     1.298697
    0.825000      2.301222     1.258772
    0.832500      2.892093     1.181008
    0.840000      3.753188     1.089844
    0.847500      4.383215     1.050969
    0.855000      4.563181     1.079726
    0.862500      4.615879     1.129291
    0.870000      4.735011     1.177418
    0.877500      5.234013     1.207871
    0.885000      6.429033     1.151581
    0.892500      8.137990     1.030045
    0.900000      9.728956     1.723308
    0.907500     11.138944     2.884404
    0.915000     12.695174     3.966226
    0.922500     13.966948     4.183684
    0.930000     14.157019     2.861575
    0.937500     13.606224     1.511799
    0.945000     13.153473     0.959423
    0.952500     13.214870     0.765343
    0.960000     13.770095     0.538126
    0.967500     14.580036     0.251582
    0.975000     15.376246     0.060298
    0.982500     15.818222     0.085001
    0.990000     15.947701     0.129866
    0.997500     16.269279     0.350361
    1.005000     17.041850     0.871346
    1.012500     17.934615     1.192744
    1.020000     18.262567     0.618383
    1.027500     18.137895     0.629968
    1.035000     18.090108     1.226002
    1.042500     18.212458     1.752406
    1.050000     18.419452     1.931466
    1.057500     18.671545     1.839837
    1.065000     19.021584     1.885108
    1.072500     19.522554     2.389889
    1.080000     19.949836     2.935991
    1.087500     20.088366     2.507980
    1.095000     20.281921     1.708307
    1.102500     20.802572     1.839576
    1.110000     21.458801     3.478509
    1.117500     21.842371     5.000352
    1.125000     21.865140     5.221454
    1.132500     21.694688     4.780186
    1.140000     21.480094     3.957043
    1.147500     21.559616     3.308320
    1.155000     22.177900     3.275822
    1.162500     23.057354     3.892649
    1.170000     23.390880     4.464427
    1.177500     22.999880     3.935821
    1.185000     22.535936     3.117974
    1.192500     22.494913     2.866981
    1.200000     22.921484     3.572705
    1.207500     23.371141     4.769964
    1.215000     23.484581     5.142748
    1.222500     23.478371     4.721236
    1.230000     23.606414     4.450137
    1.237500     23.810468     4.539880
    1.245000     23.781579     4.104422
    1.252500     23.607508     3.361705
    1.260000     23.726886     3.520229
    1.267500     24.152137     4.725584
    1.275000     24.455991     6.358141
    1.282500     24.373047     7.326116
    1.290000     24.121564     6.892772
    1.297500     23.932239     5.720337
    1.305000     23.968400     5.227708
    1.312500     24.260292     5.924213
    1.320000     24.511802     6.695968
    1.327500     24.565039     6.822131
    1.335000     24.525088     6.825985
    1.342500     24.383788     6.341973
    1.350000     24.417419     5.967620
    1.357500     24.980698     6.916633
    1.365000     25.983227     9.158132
    1.372500     26.915953    10.522340
    1.380000     27.186670     8.668415
    1.387500     26.690184     5.675570
    1.395000     26.128664     4.824177
    1.402500     25.982158     6.120221
    1.410000     26.044541     8.108748
    1.417500     25.958418     8.716949
    1.425000     25.935928     8.568944
    1.432500     26.241261     9.450109
    1.440000     26.551882    11.123592
    1.447500     26.565811    11.362088
    1.455000     26.621245    10.440776
    1.462500     26.856516    10.283547
    1.470000     27.031704    11.394207
    1.477500     27.130418    12.146246
    1.485000     27.338426    11.334732
    1.492500     27.555640     9.482202
    1.500000     27.486134     9.244834
    1.507500     27.096506    11.105978
    1.515000     26.431898    11.440688
    1.522500     25.488011     8.786469
    1.530000     24.658004     5.988212
    1.537500     24.442508     4.704800
    1.545000     24.951448     4.741777
    1.552500     25.815046     5.152177
    1.560000     26.477047     4.810396
    1.567500     26.843697     4.819774
    1.575000     27.108163     6.300429
    1.582500     27.277306     7.939506
    1.590000     27.275548     8.467658
    1.597500     27.069494     8.211337
    1.605000     26.670667     7.114618
    1.612500     26.239458     5.454392
    1.620000     25.715162     3.529050
    1.627500     25.025129     1.778375
    1.635000     24.571007     0.952510
    1.642500     24.687789     0.804774
    1.650000     25.386034     1.181175
    1.657500     26.209494     2.536547
    1.665000     26.108833     3.334797
    1.672500     25.391744     2.791844
    1.680000     25.137144     2.350047
    1.687500     25.472221     2.482894
    1.695000     25.775630     2.950858
    1.702500     25.628111     2.785932
    1.710000     25.512819     2.107969
    1.717500     25.802347     1.627577
    1.725000     26.540615     1.934937
    1.732500     27.557682     3.446293
    1.740000     28.409948     6.029145
    1.747500     28.692691     8.191056
    1.755000     28.573410     8.662077
    1.762500     28.233067     7.850409
    1.770000     27.556329     6.417676
    1.777500     26.794260     4.731733
    1.785000     26.358236     3.486519
    1.792500     26.404629     3.316136
    1.800000     26.854984     4.229395
