#! FIELDS cyl.z file.free uncertainty
#! SET sample_size 14997
#! SET effective_sample_size 79.8105
#! SET fundeltaF 11.1956
#! SET blocks_num 3
#! SET blocks_effective_num 2.02006
#! SET min_cyl.z 0.3
#! SET max_cyl.z 1.8
#! SET nbins_cyl.z 201
#! SET periodic_cyl.z false
    0.300000    676.268130     6.335910
    0.307500    634.270140     6.099500
    0.315000    593.674062     5.871518
    0.322500    554.479931     5.651990
    0.330000    516.687781     5.440925
    0.337500    480.297648     5.238310
    0.345000    445.309565     5.044115
    0.352500    411.723567     4.858290
    0.360000    379.539686     4.680771
    0.367500    348.757957     4.511476
    0.375000    319.378411     4.350307
    0.382500    291.401080     4.197152
    0.390000    264.825996     4.051884
    0.397500    239.653190     3.914363
    0.405000    215.882692     3.784434
    0.412500    193.514530     3.661930
    0.420000    172.548733     3.546673
    0.427500    152.985328     3.438469
    0.435000    134.824340     3.337116
    0.442500    118.065789     3.242399
    0.450000    102.709688     3.154093
    0.457500     88.756015     3.071968
    0.465000     76.204638     2.995791
    0.472500     65.054944     2.925351
    0.480000     55.304131     2.860471
    0.487500     46.938859     2.800726
    0.495000     39.895041     2.742463
    0.502500     33.895817     2.663878
    0.510000     28.202815     2.527065
    0.517500     22.400645     2.399190
    0.525000     17.191617     2.334155
    0.532500     13.141645     2.303428
    0.540000     10.361050     2.288593
    0.547500      8.578743     2.281559
    0.555000      6.830170     2.280418
    0.562500      4.519625     2.285460
    0.570000      2.523151     2.289492
    0.577500      1.382273     2.290569
    0.585000      1.090518     2.287931
    0.592500      1.206349     2.283109
    0.600000      0.893470     2.282279
    0.607500      0.235244     2.285723
    0.615000      0.000000     2.288686
    0.622500      0.355100     2.288455
    0.630000      1.020336     2.286334
    0.637500      1.711210     2.282760
    0.645000      2.212286     2.279972
    0.652500      2.472764     2.280460
    0.660000      2.811457     2.281435
    0.667500      3.393058     2.284883
    0.675000      4.050277     2.298711
    0.682500      4.709978     2.285978
    0.690000      5.425098     1.984409
    0.697500      5.791133     0.912718
    0.705000      5.318311     0.429331
    0.712500      4.520442     1.011569
    0.720000      3.830671     1.264459
    0.727500      3.454165     1.366214
    0.735000      3.521724     1.276337
    0.742500      3.588084     1.205174
    0.750000      2.965626     1.583204
    0.757500      2.078828     2.041932
    0.765000      1.456415     2.316389
    0.772500      1.113098     2.445063
    0.780000      1.033212     2.491037
    0.787500      1.215570     2.496430
    0.795000      1.593272     2.463762
    0.802500      1.848823     2.399817
    0.810000      1.601238     2.386088
    0.817500      1.332527     2.428328
    0.825000      1.635794     2.457025
    0.832500      2.516880     2.434073
    0.840000      3.514627     2.369544
    0.847500      4.124958     2.349036
    0.855000      4.437313     2.408504
    0.862500      4.693593     2.507815
    0.870000      4.776348     2.592182
    0.877500      4.819779     2.618810
    0.885000      4.960970     2.603608
    0.892500      4.924933     2.585841
    0.900000      4.876422     2.586423
    0.907500      5.417739     2.576012
    0.915000      6.824484     2.517732
    0.922500      8.696275     2.437401
    0.930000      9.899483     2.482435
    0.937500     10.357857     2.578104
    0.945000     10.975578     2.646373
    0.952500     11.944153     2.767422
    0.960000     12.928891     2.836220
    0.967500     13.948296     2.804754
    0.975000     15.243038     3.251660
    0.982500     16.328950     4.770985
    0.990000     16.743345     6.358026
    0.997500     17.038760     7.831157
    1.005000     17.577100     9.465821
    1.012500     18.291245    10.926836
    1.020000     18.867339    11.682880
    1.027500     19.110642    11.628682
    1.035000     19.235185    11.662299
    1.042500     19.370775    12.472828
    1.050000     19.462463    13.991307
    1.057500     19.556498    14.673743
    1.065000     19.703471    12.802125
    1.072500     19.797324     9.612579
    1.080000     19.839927     7.984753
    1.087500     19.915511     7.761555
    1.095000     20.009944     7.131462
    1.102500     20.204189     5.717169
    1.110000     20.592957     4.464196
    1.117500     20.994054     4.075975
    1.125000     21.084672     4.300903
    1.132500     20.921157     4.336912
    1.140000     20.884692     4.209101
    1.147500     21.135059     4.344331
    1.155000     21.548952     5.040458
    1.162500     21.962059     6.195106
    1.170000     22.265593     6.936416
    1.177500     22.436403     6.699088
    1.185000     22.622226     6.725988
    1.192500     22.947626     8.273409
    1.200000     23.317241    10.564866
    1.207500     23.674726    11.570205
    1.215000     24.001098    10.882573
    1.222500     24.055496    10.327918
    1.230000     23.889263    11.117855
    1.237500     23.824503    12.004894
    1.245000     23.849618    11.374544
    1.252500     23.793692     9.008285
    1.260000     23.730784     7.604212
    1.267500     23.790819     9.350053
    1.275000     23.994934    12.393842
    1.282500     24.446370    12.975217
    1.290000     25.212428    10.561850
    1.297500     25.965478     7.740468
    1.305000     26.077496     7.175792
    1.312500     25.469558     8.990842
    1.320000     24.808838    11.735261
    1.327500     24.637368    13.712089
    1.335000     24.918647    13.609853
    1.342500     25.035869    11.983637
    1.350000     24.779267    11.457729
    1.357500     24.596819    10.725854
    1.365000     24.475274     7.850037
    1.372500     24.281818     5.015690
    1.380000     24.322902     4.253323
    1.387500     24.801532     5.388328
    1.395000     25.409759     8.588083
    1.402500     25.701052    11.987166
    1.410000     25.506314    13.423887
    1.417500     24.906361    14.121219
    1.425000     24.323874    15.208354
    1.432500     23.984643    16.287036
    1.440000     23.776542    16.662662
    1.447500     23.431298    16.555914
    1.455000     22.833400    16.864159
    1.462500     22.283471    16.895503
    1.470000     22.144841    15.561751
    1.477500     22.425801    13.067644
    1.485000     22.708821    10.086807
    1.492500     22.622095     7.226194
    1.500000     22.449424     5.549621
    1.507500     22.502520     5.626656
    1.515000     22.749549     7.536647
    1.522500     23.086974    10.164575
    1.530000     23.340569    10.985426
    1.537500     23.340230     9.496508
    1.545000     23.125190     8.915525
    1.552500     22.695057    10.138803
    1.560000     22.304127    11.158158
    1.567500     22.380809    11.219876
    1.575000     22.880816     9.811842
    1.582500     23.177495     6.482618
    1.590000     22.992377     4.251191
    1.597500     22.646166     5.128470
    1.605000     22.131372     8.103389
    1.612500     21.525408    10.665370
    1.620000     21.237182    11.412574
    1.627500     21.533278    10.778416
    1.635000     22.319544     9.652292
    1.642500     23.117260     8.503941
    1.650000     23.521949     7.230314
    1.657500     23.520969     5.746945
    1.665000     23.221448     4.949203
    1.672500     23.048780     5.621916
    1.680000     23.295904     7.365575
    1.687500     23.871286     8.694687
    1.695000     24.347262     8.418167
    1.702500     24.242337     7.833554
    1.710000     23.876237     8.145740
    1.717500     23.738097     9.112493
    1.725000     23.747868    10.941205
    1.732500     23.691423    13.329778
    1.740000     23.728929    15.020927
    1.747500     23.938196    15.912830
    1.755000     23.992803    16.596363
    1.762500     23.771950    15.958694
    1.770000     23.660175    13.195008
    1.777500     23.885566     9.339642
    1.785000     24.294597     6.088870
    1.792500     24.695981     4.830407
    1.800000     24.892887     5.157601
