#! FIELDS cyl.z file.free uncertainty
#! SET sample_size 189999
#! SET effective_sample_size 716.751
#! SET fundeltaF 12.0599
#! SET blocks_num 3
#! SET blocks_effective_num 2.61323
#! SET min_cyl.z 0.3
#! SET max_cyl.z 1.8
#! SET nbins_cyl.z 201
#! SET periodic_cyl.z false
    0.300000    401.473593     1.922454
    0.307500    371.719223     1.922453
    0.315000    343.367833     1.922453
    0.322500    316.419369     1.922452
    0.330000    290.873729     1.922451
    0.337500    266.730717     1.922449
    0.345000    243.989963     1.922444
    0.352500    222.650742     1.922433
    0.360000    202.711621     1.922401
    0.367500    184.169727     1.922307
    0.375000    167.019236     1.922009
    0.382500    151.248276     1.921034
    0.390000    136.832902     1.917817
    0.397500    123.726578     1.907452
    0.405000    111.846806     1.876465
    0.412500    101.072919     1.796419
    0.420000     91.283112     1.631682
    0.427500     82.422477     1.379459
    0.435000     74.518577     1.120500
    0.442500     67.616565     1.018380
    0.450000     61.711387     1.116700
    0.457500     56.702267     1.208475
    0.465000     52.336136     1.139518
    0.472500     48.220570     1.027543
    0.480000     43.996780     0.997054
    0.487500     39.115600     1.447728
    0.495000     33.437116     2.271328
    0.502500     28.039944     2.381235
    0.510000     23.447095     1.956512
    0.517500     19.399325     1.122060
    0.525000     15.538795     0.485182
    0.532500     12.011908     0.527510
    0.540000      9.093392     0.619012
    0.547500      6.813274     0.600372
    0.555000      5.066454     0.502306
    0.562500      3.715808     0.410656
    0.570000      2.618049     0.301260
    0.577500      1.690016     0.142862
    0.585000      0.952940     0.109508
    0.592500      0.466840     0.210397
    0.600000      0.241131     0.265296
    0.607500      0.181308     0.221922
    0.615000      0.131400     0.114333
    0.622500      0.045409     0.019050
    0.630000      0.000000     0.087671
    0.637500      0.048189     0.184521
    0.645000      0.197556     0.245956
    0.652500      0.459845     0.187150
    0.660000      0.845726     0.061670
    0.667500      1.343165     0.125215
    0.675000      1.915826     0.104924
    0.682500      2.499173     0.191902
    0.690000      3.058706     0.397796
    0.697500      3.668498     0.556035
    0.705000      4.349506     0.643879
    0.712500      4.893213     0.672612
    0.720000      5.169782     0.638954
    0.727500      5.326432     0.522567
    0.735000      5.439378     0.390173
    0.742500      5.470129     0.322051
    0.750000      5.445978     0.288411
    0.757500      5.430643     0.261279
    0.765000      5.438914     0.291821
    0.772500      5.432678     0.310922
    0.780000      5.408568     0.258669
    0.787500      5.421022     0.221911
    0.795000      5.480394     0.264539
    0.802500      5.554348     0.301656
    0.810000      5.630984     0.261312
    0.817500      5.715037     0.187603
    0.825000      5.828513     0.174389
    0.832500      5.990422     0.218200
    0.840000      6.207283     0.230702
    0.847500      6.494050     0.254160
    0.855000      6.854949     0.367875
    0.862500      7.280666     0.512821
    0.870000      7.765948     0.606187
    0.877500      8.330150     0.621617
    0.885000      8.997444     0.572891
    0.892500      9.685161     0.518259
    0.900000     10.286554     0.485958
    0.907500     10.888465     0.472351
    0.915000     11.566646     0.435234
    0.922500     12.225271     0.352825
    0.930000     12.829957     0.277002
    0.937500     13.384694     0.258497
    0.945000     13.816292     0.293896
    0.952500     14.185172     0.403786
    0.960000     14.640941     0.534368
    0.967500     15.192528     0.547309
    0.975000     15.694309     0.442267
    0.982500     16.078492     0.366709
    0.990000     16.479148     0.358510
    0.997500     16.951383     0.407350
    1.005000     17.324276     0.460805
    1.012500     17.509451     0.466418
    1.020000     17.663474     0.459952
    1.027500     17.855024     0.489393
    1.035000     18.009698     0.510440
    1.042500     18.136867     0.461789
    1.050000     18.323012     0.430654
    1.057500     18.571973     0.513312
    1.065000     18.811536     0.638515
    1.072500     19.030395     0.673926
    1.080000     19.258461     0.589717
    1.087500     19.486526     0.464454
    1.095000     19.713499     0.409183
    1.102500     19.969963     0.464355
    1.110000     20.264632     0.539799
    1.117500     20.556264     0.571529
    1.125000     20.777393     0.590954
    1.132500     20.867991     0.609986
    1.140000     20.848179     0.587042
    1.147500     20.822197     0.532705
    1.155000     20.867725     0.493377
    1.162500     20.968366     0.483691
    1.170000     21.053532     0.508413
    1.177500     21.094015     0.517042
    1.185000     21.131059     0.490126
    1.192500     21.216709     0.454484
    1.200000     21.346235     0.398085
    1.207500     21.476729     0.329919
    1.215000     21.606829     0.326593
    1.222500     21.769300     0.412605
    1.230000     21.946566     0.534269
    1.237500     22.080276     0.635234
    1.245000     22.176832     0.711076
    1.252500     22.304066     0.759184
    1.260000     22.489194     0.729807
    1.267500     22.703950     0.636476
    1.275000     22.892336     0.567140
    1.282500     23.007902     0.561743
    1.290000     23.094857     0.600738
    1.297500     23.236827     0.640986
    1.305000     23.417609     0.643625
    1.312500     23.541503     0.596632
    1.320000     23.569118     0.531775
    1.327500     23.581197     0.479475
    1.335000     23.680125     0.462049
    1.342500     23.857222     0.501518
    1.350000     24.010276     0.564672
    1.357500     24.102471     0.590729
    1.365000     24.200117     0.565619
    1.372500     24.286402     0.488875
    1.380000     24.281704     0.396086
    1.387500     24.219054     0.358703
    1.395000     24.145230     0.415058
    1.402500     24.130997     0.535510
    1.410000     24.259041     0.642023
    1.417500     24.410392     0.706079
    1.425000     24.408076     0.724487
    1.432500     24.302301     0.719493
    1.440000     24.221119     0.716489
    1.447500     24.166463     0.688124
    1.455000     24.072240     0.571811
    1.462500     23.933602     0.401233
    1.470000     23.835756     0.320745
    1.477500     23.871921     0.351386
    1.485000     23.995202     0.424912
    1.492500     24.062264     0.519953
    1.500000     24.064079     0.575783
    1.507500     24.088537     0.560744
    1.515000     24.153963     0.489019
    1.522500     24.212240     0.409430
    1.530000     24.172090     0.409654
    1.537500     23.992422     0.452976
    1.545000     23.766995     0.439352
    1.552500     23.637615     0.392157
    1.560000     23.678852     0.347099
    1.567500     23.812287     0.310750
    1.575000     23.852028     0.315266
    1.582500     23.795262     0.376215
    1.590000     23.811289     0.438946
    1.597500     23.915125     0.472791
    1.605000     23.984789     0.494335
    1.612500     23.970564     0.498640
    1.620000     23.948711     0.470448
    1.627500     23.992901     0.396435
    1.635000     24.033407     0.303068
    1.642500     23.975312     0.291677
    1.650000     23.883422     0.333868
    1.657500     23.858591     0.326583
    1.665000     23.907720     0.280046
    1.672500     24.006280     0.271913
    1.680000     24.105860     0.263401
    1.687500     24.079282     0.222434
    1.695000     23.925683     0.196925
    1.702500     23.824595     0.228185
    1.710000     23.843328     0.290624
    1.717500     23.905273     0.353169
    1.725000     23.976575     0.409658
    1.732500     24.081384     0.415427
    1.740000     24.192776     0.398107
    1.747500     24.238827     0.374330
    1.755000     24.194045     0.361927
    1.762500     24.108556     0.427957
    1.770000     24.077867     0.471452
    1.777500     24.172743     0.422929
    1.785000     24.361547     0.349028
    1.792500     24.565631     0.325564
    1.800000     24.766219     0.343676
