#! FIELDS cyl.z file.free uncertainty
#! SET sample_size 89997
#! SET effective_sample_size 325.941
#! SET fundeltaF 12.4703
#! SET blocks_num 3
#! SET blocks_effective_num 2.43551
#! SET min_cyl.z 0.3
#! SET max_cyl.z 1.8
#! SET nbins_cyl.z 201
#! SET periodic_cyl.z false
    0.300000    439.496416     3.623796
    0.307500    408.713151     3.623796
    0.315000    379.332943     3.623796
    0.322500    351.355789     3.623796
    0.330000    324.781677     3.623796
    0.337500    299.610590     3.623796
    0.345000    275.842493     3.623796
    0.352500    253.477326     3.623796
    0.360000    232.514979     3.623796
    0.367500    212.955250     3.623796
    0.375000    194.797765     3.623796
    0.382500    178.041831     3.623796
    0.390000    162.686145     3.623796
    0.397500    148.728214     3.623796
    0.405000    136.163179     3.623796
    0.412500    124.981296     3.623796
    0.420000    115.162393     3.623796
    0.427500    106.663276     3.623792
    0.435000     99.389983     3.623745
    0.442500     93.147267     3.623130
    0.450000     87.597156     3.611703
    0.457500     82.250907     3.363831
    0.465000     75.469115     1.874236
    0.472500     65.803870     2.472873
    0.480000     56.201852     2.631317
    0.487500     47.656020     2.551863
    0.495000     40.013134     2.316391
    0.502500     32.945099     1.894023
    0.510000     26.400363     1.374653
    0.517500     20.614356     0.851893
    0.525000     15.727743     0.416640
    0.532500     11.706569     0.471886
    0.540000      8.479578     0.734854
    0.547500      6.022933     0.806117
    0.555000      4.288517     0.676604
    0.562500      3.092144     0.461768
    0.570000      2.174380     0.308849
    0.577500      1.442839     0.258737
    0.585000      0.955120     0.243260
    0.592500      0.650662     0.227804
    0.600000      0.363528     0.200321
    0.607500      0.084316     0.110916
    0.615000      0.000000     0.108346
    0.622500      0.220395     0.102336
    0.630000      0.554722     0.157885
    0.637500      0.725085     0.270017
    0.645000      0.842744     0.261074
    0.652500      1.172038     0.229902
    0.660000      1.724161     0.511986
    0.667500      2.313793     0.739301
    0.675000      2.833672     0.655151
    0.682500      3.376504     0.456618
    0.690000      3.990385     0.333327
    0.697500      4.512191     0.443149
    0.705000      4.733091     0.352555
    0.712500      4.708974     0.177227
    0.720000      4.657829     0.385534
    0.727500      4.679035     0.335526
    0.735000      4.742553     0.085562
    0.742500      4.675800     0.143373
    0.750000      4.383690     0.134819
    0.757500      4.062807     0.037702
    0.765000      3.856587     0.109632
    0.772500      3.714539     0.198565
    0.780000      3.588950     0.225343
    0.787500      3.509717     0.192529
    0.795000      3.571136     0.191858
    0.802500      3.720178     0.141928
    0.810000      3.723163     0.160721
    0.817500      3.689017     0.247522
    0.825000      3.940712     0.267102
    0.832500      4.442296     0.384343
    0.840000      4.885335     0.496625
    0.847500      5.237653     0.437537
    0.855000      5.736226     0.340210
    0.862500      6.416243     0.256272
    0.870000      7.030083     0.055083
    0.877500      7.447316     0.225665
    0.885000      7.814817     0.399292
    0.892500      8.167451     0.483027
    0.900000      8.538981     0.756134
    0.907500      9.191145     0.914034
    0.915000     10.259322     0.798753
    0.922500     11.407662     0.531050
    0.930000     12.110823     0.367568
    0.937500     12.361565     0.387002
    0.945000     12.606685     0.433280
    0.952500     13.152356     0.439535
    0.960000     13.946549     0.555360
    0.967500     14.814885     0.897663
    0.975000     15.669223     1.145819
    0.982500     16.341881     1.115632
    0.990000     16.714615     0.992604
    0.997500     16.919085     0.985452
    1.005000     17.105128     1.024067
    1.012500     17.267567     0.994052
    1.020000     17.370174     0.957313
    1.027500     17.563032     0.991805
    1.035000     17.946574     1.086373
    1.042500     18.368419     1.219269
    1.050000     18.633294     1.340785
    1.057500     18.790879     1.369439
    1.065000     19.032962     1.281072
    1.072500     19.358848     1.159267
    1.080000     19.627609     1.135780
    1.087500     19.846673     1.220089
    1.095000     20.068155     1.328882
    1.102500     20.275359     1.416185
    1.110000     20.480598     1.484981
    1.117500     20.652393     1.556808
    1.125000     20.740711     1.591731
    1.132500     20.787952     1.541895
    1.140000     20.849837     1.473131
    1.147500     20.930231     1.470091
    1.155000     21.015454     1.543948
    1.162500     21.094040     1.667636
    1.170000     21.148991     1.792196
    1.177500     21.147227     1.867916
    1.185000     21.066235     1.894233
    1.192500     21.006146     1.892731
    1.200000     21.117769     1.853480
    1.207500     21.408441     1.782107
    1.215000     21.722881     1.707043
    1.222500     21.908285     1.621023
    1.230000     22.005072     1.520516
    1.237500     22.109983     1.460269
    1.245000     22.207389     1.516073
    1.252500     22.319047     1.640263
    1.260000     22.570270     1.664050
    1.267500     22.986554     1.548306
    1.275000     23.386059     1.447856
    1.282500     23.661427     1.452963
    1.290000     23.938860     1.517848
    1.297500     24.272612     1.576346
    1.305000     24.525113     1.609486
    1.312500     24.581224     1.591757
    1.320000     24.546572     1.541706
    1.327500     24.620266     1.532049
    1.335000     24.829604     1.563024
    1.342500     25.039284     1.524517
    1.350000     25.227339     1.347644
    1.357500     25.365734     1.185829
    1.365000     25.240850     1.220590
    1.372500     24.908448     1.341419
    1.380000     24.715659     1.467873
    1.387500     24.821742     1.626230
    1.395000     25.093654     1.729546
    1.402500     25.232430     1.758564
    1.410000     25.183678     1.752329
    1.417500     25.258001     1.611089
    1.425000     25.530704     1.317407
    1.432500     25.674486     1.013624
    1.440000     25.546387     0.848881
    1.447500     25.365702     0.804028
    1.455000     25.177811     0.652966
    1.462500     24.873817     0.372515
    1.470000     24.557435     0.310997
    1.477500     24.397931     0.466606
    1.485000     24.369174     0.614382
    1.492500     24.380076     0.619558
    1.500000     24.426975     0.522023
    1.507500     24.471357     0.477740
    1.515000     24.422078     0.608966
    1.522500     24.301808     0.827899
    1.530000     24.222260     0.982662
    1.537500     24.264748     1.029037
    1.545000     24.371318     0.952016
    1.552500     24.365256     0.769589
    1.560000     24.283585     0.635459
    1.567500     24.324095     0.689182
    1.575000     24.459538     0.861371
    1.582500     24.508404     0.937979
    1.590000     24.421562     0.822897
    1.597500     24.258160     0.701979
    1.605000     24.070418     0.584987
    1.612500     23.944384     0.384861
    1.620000     23.980097     0.276521
    1.627500     24.194236     0.388412
    1.635000     24.476702     0.695813
    1.642500     24.726987     0.983955
    1.650000     24.953524     1.057968
    1.657500     25.030269     0.991214
    1.665000     24.804108     0.946121
    1.672500     24.537202     1.001920
    1.680000     24.498095     1.064870
    1.687500     24.628880     1.054746
    1.695000     24.752475     1.003676
    1.702500     24.708428     0.993113
    1.710000     24.516530     1.077116
    1.717500     24.425530     1.154068
    1.725000     24.537598     1.092006
    1.732500     24.721907     0.967230
    1.740000     24.836771     0.961287
    1.747500     24.790763     1.082808
    1.755000     24.626492     1.173270
    1.762500     24.546115     1.164888
    1.770000     24.666710     1.154654
    1.777500     24.898199     1.220078
    1.785000     25.015492     1.325614
    1.792500     24.979822     1.413646
    1.800000     25.016784     1.406670
