#! FIELDS cyl.z file.free uncertainty
#! SET sample_size 189999
#! SET effective_sample_size 343.465
#! SET fundeltaF 11.3056
#! SET blocks_num 3
#! SET blocks_effective_num 2.58407
#! SET min_cyl.z 0.3
#! SET max_cyl.z 1.8
#! SET nbins_cyl.z 201
#! SET periodic_cyl.z false
    0.300000    392.724070     3.243236
    0.307500    363.811566     3.243236
    0.315000    336.302125     3.243236
    0.322500    310.195745     3.243236
    0.330000    285.492420     3.243236
    0.337500    262.192131     3.243236
    0.345000    240.294833     3.243236
    0.352500    219.800399     3.243236
    0.360000    200.708475     3.243236
    0.367500    183.018058     3.243235
    0.375000    166.726240     3.243233
    0.382500    151.824480     3.243225
    0.390000    138.287413     3.243186
    0.397500    126.040512     3.242973
    0.405000    114.883965     3.241807
    0.412500    104.428047     3.236712
    0.420000     94.351624     3.222314
    0.427500     84.808302     3.194576
    0.435000     76.152738     3.150031
    0.442500     68.602785     3.083883
    0.450000     62.242898     2.992329
    0.457500     57.046647     2.882970
    0.465000     52.809948     2.804145
    0.472500     49.117876     2.826306
    0.480000     45.603527     2.721418
    0.487500     41.680663     1.942524
    0.495000     36.457870     2.676943
    0.502500     30.972642     3.141746
    0.510000     26.155171     2.868014
    0.517500     21.913450     2.149023
    0.525000     17.938983     1.412887
    0.532500     14.304272     1.078971
    0.540000     11.275902     1.097407
    0.547500      8.889719     1.218333
    0.555000      6.899161     1.149099
    0.562500      5.055499     0.818922
    0.570000      3.450555     0.453687
    0.577500      2.274439     0.162788
    0.585000      1.499020     0.132301
    0.592500      0.944631     0.214416
    0.600000      0.479450     0.188430
    0.607500      0.130369     0.095234
    0.615000      0.000000     0.046767
    0.622500      0.107347     0.182730
    0.630000      0.316349     0.220901
    0.637500      0.456388     0.145436
    0.645000      0.560595     0.092060
    0.652500      0.718673     0.039331
    0.660000      0.891556     0.145088
    0.667500      1.115383     0.257521
    0.675000      1.528128     0.260957
    0.682500      2.216129     0.173577
    0.690000      3.134361     0.068188
    0.697500      4.020836     0.064871
    0.705000      4.480411     0.319971
    0.712500      4.494951     0.683648
    0.720000      4.408836     0.891737
    0.727500      4.497068     0.882527
    0.735000      4.812831     0.701916
    0.742500      4.994074     0.510803
    0.750000      4.662895     0.497367
    0.757500      4.200810     0.527269
    0.765000      4.112877     0.435802
    0.772500      4.401185     0.256335
    0.780000      4.730994     0.208265
    0.787500      4.929359     0.245622
    0.795000      5.060955     0.266638
    0.802500      5.152995     0.326630
    0.810000      5.266641     0.469694
    0.817500      5.477575     0.589046
    0.825000      5.756082     0.600885
    0.832500      6.083211     0.570981
    0.840000      6.511663     0.626485
    0.847500      7.011004     0.750852
    0.855000      7.482425     0.821320
    0.862500      7.917430     0.829055
    0.870000      8.363617     0.845834
    0.877500      8.872116     0.921660
    0.885000      9.509103     1.004239
    0.892500     10.260249     0.992972
    0.900000     10.965561     0.825131
    0.907500     11.483027     0.604901
    0.915000     11.905284     0.575524
    0.922500     12.418430     0.608158
    0.930000     12.953864     0.557338
    0.937500     13.171385     0.291184
    0.945000     13.027222     0.232802
    0.952500     13.027699     0.570980
    0.960000     13.553105     0.627460
    0.967500     14.431746     0.408617
    0.975000     15.152082     0.241893
    0.982500     15.570279     0.277077
    0.990000     15.930687     0.272811
    0.997500     16.431603     0.413572
    1.005000     17.048012     0.693819
    1.012500     17.555177     0.905248
    1.020000     17.840632     0.874689
    1.027500     17.974538     0.749269
    1.035000     18.032332     0.627382
    1.042500     18.073568     0.494351
    1.050000     18.214864     0.374911
    1.057500     18.577543     0.422541
    1.065000     19.067250     0.777907
    1.072500     19.441325     1.008425
    1.080000     19.627412     0.944716
    1.087500     19.712128     0.822212
    1.095000     19.804185     0.843315
    1.102500     19.953405     0.948579
    1.110000     20.039178     0.897179
    1.117500     20.036390     0.713654
    1.125000     20.202617     0.666263
    1.132500     20.638824     0.839640
    1.140000     21.134542     1.120336
    1.147500     21.476690     1.322036
    1.155000     21.649732     1.436722
    1.162500     21.743349     1.522572
    1.170000     21.855566     1.592089
    1.177500     22.015426     1.620722
    1.185000     22.172414     1.592008
    1.192500     22.300061     1.565579
    1.200000     22.410711     1.582180
    1.207500     22.465857     1.607675
    1.215000     22.444492     1.642998
    1.222500     22.421327     1.694680
    1.230000     22.475327     1.717543
    1.237500     22.607583     1.709915
    1.245000     22.766511     1.706822
    1.252500     22.913915     1.681337
    1.260000     23.051361     1.592041
    1.267500     23.203915     1.489833
    1.275000     23.360938     1.454931
    1.282500     23.454464     1.498770
    1.290000     23.503555     1.571990
    1.297500     23.618964     1.625502
    1.305000     23.831910     1.642905
    1.312500     24.056435     1.617575
    1.320000     24.156983     1.544787
    1.327500     24.094093     1.428731
    1.335000     24.003328     1.286742
    1.342500     24.003015     1.181217
    1.350000     24.030208     1.202256
    1.357500     24.000032     1.304521
    1.365000     23.954659     1.385696
    1.372500     23.954406     1.415746
    1.380000     24.013406     1.433313
    1.387500     24.099311     1.442602
    1.395000     24.147656     1.445009
    1.402500     24.104777     1.459620
    1.410000     24.017125     1.455762
    1.417500     23.994949     1.410414
    1.425000     24.077637     1.375578
    1.432500     24.194581     1.384814
    1.440000     24.273002     1.383795
    1.447500     24.358058     1.335089
    1.455000     24.503294     1.291575
    1.462500     24.610117     1.261537
    1.470000     24.529402     1.230870
    1.477500     24.341505     1.241496
    1.485000     24.245104     1.261257
    1.492500     24.262740     1.251907
    1.500000     24.244344     1.208744
    1.507500     24.076680     1.240790
    1.515000     23.837379     1.315833
    1.522500     23.655588     1.320325
    1.530000     23.562386     1.254086
    1.537500     23.515815     1.212796
    1.545000     23.479256     1.244013
    1.552500     23.478985     1.307072
    1.560000     23.562221     1.326924
    1.567500     23.645873     1.274318
    1.575000     23.556252     1.230333
    1.582500     23.354151     1.256524
    1.590000     23.256971     1.281498
    1.597500     23.299382     1.259181
    1.605000     23.370790     1.202159
    1.612500     23.410522     1.126133
    1.620000     23.423764     1.073893
    1.627500     23.410333     1.089277
    1.635000     23.395619     1.127414
    1.642500     23.411058     1.156857
    1.650000     23.401938     1.203572
    1.657500     23.286270     1.242670
    1.665000     23.120244     1.205108
    1.672500     23.058777     1.130189
    1.680000     23.133913     1.096566
    1.687500     23.213062     1.114167
    1.695000     23.239201     1.139872
    1.702500     23.286632     1.152228
    1.710000     23.367888     1.182442
    1.717500     23.462394     1.257057
    1.725000     23.546631     1.341020
    1.732500     23.545151     1.356960
    1.740000     23.427541     1.253963
    1.747500     23.255819     1.100737
    1.755000     23.098622     0.977266
    1.762500     22.996732     0.916002
    1.770000     22.999688     0.922643
    1.777500     23.100889     0.968391
    1.785000     23.179967     1.003823
    1.792500     23.184778     1.021389
    1.800000     23.252203     1.056024
