#! FIELDS cyl.z file.free uncertainty
#! SET sample_size 14997
#! SET effective_sample_size 84.4671
#! SET fundeltaF 18.8702
#! SET blocks_num 3
#! SET blocks_effective_num 1.34625
#! SET min_cyl.z 0.3
#! SET max_cyl.z 1.8
#! SET nbins_cyl.z 201
#! SET periodic_cyl.z false
    0.300000    652.711540     1.749606
    0.307500    611.807503     1.749606
    0.315000    572.306530     1.749606
    0.322500    534.208620     1.749606
    0.330000    497.513771     1.749606
    0.337500    462.221978     1.749606
    0.345000    428.333231     1.749605
    0.352500    395.847513     1.749605
    0.360000    364.764787     1.749605
    0.367500    335.084984     1.749604
    0.375000    306.807965     1.749601
    0.382500    279.933461     1.749596
    0.390000    254.460940     1.749584
    0.397500    230.389361     1.749558
    0.405000    207.716693     1.749501
    0.412500    186.438985     1.749376
    0.420000    166.548642     1.749106
    0.427500    148.031371     1.748527
    0.435000    130.861343     1.747321
    0.442500    114.995359     1.744933
    0.450000    100.370779     1.740581
    0.457500     86.917667     1.733550
    0.465000     74.590486     1.723620
    0.472500     63.397484     1.710892
    0.480000     53.394414     1.694569
    0.487500     44.649728     1.671075
    0.495000     37.214927     1.629903
    0.502500     31.103263     1.539028
    0.510000     26.218580     1.303842
    0.517500     22.058110     0.898374
    0.525000     17.575489     0.987660
    0.532500     12.870570     0.985183
    0.540000      8.916535     0.900469
    0.547500      6.071501     0.855436
    0.555000      4.296642     0.814132
    0.562500      3.293133     0.742311
    0.570000      2.544643     0.639684
    0.577500      1.720167     0.547740
    0.585000      0.882125     0.519652
    0.592500      0.239212     0.524798
    0.600000      0.000000     0.511972
    0.607500      0.149344     0.472079
    0.615000      0.371511     0.475181
    0.622500      0.448920     0.363090
    0.630000      0.496671     0.184334
    0.637500      0.497583     0.256370
    0.645000      0.390211     0.176823
    0.652500      0.341244     0.371444
    0.660000      0.489903     0.612029
    0.667500      0.939292     0.601715
    0.675000      1.783628     0.397226
    0.682500      2.957801     0.300084
    0.690000      4.312084     0.693602
    0.697500      5.897129     1.797908
    0.705000      7.802479     4.787391
    0.712500      9.570801     9.690151
    0.720000     10.298496    10.392853
    0.727500     10.041211     7.331472
    0.735000      9.687292     6.319453
    0.742500      9.615513     7.505445
    0.750000      9.607471     8.896416
    0.757500      9.445440     9.117774
    0.765000      9.186212     8.405200
    0.772500      8.873954     7.158109
    0.780000      8.625086     6.179914
    0.787500      8.706385     6.132521
    0.795000      9.145433     6.954626
    0.802500      9.525302     8.234877
    0.810000      9.568372     9.021832
    0.817500      9.620039     8.314177
    0.825000      9.911717     6.247491
    0.832500     10.434169     4.285280
    0.840000     11.166726     3.408722
    0.847500     11.837039     2.898305
    0.855000     12.061857     1.965361
    0.862500     12.045183     1.561298
    0.870000     12.098502     2.054954
    0.877500     12.308902     2.536310
    0.885000     12.846940     2.570096
    0.892500     13.766477     2.970679
    0.900000     14.794690     4.598258
    0.907500     15.593291     6.937699
    0.915000     15.949121     9.892060
    0.922500     16.002462    12.083039
    0.930000     16.339590    11.545857
    0.937500     17.195151     8.303267
    0.945000     18.327193     4.400987
    0.952500     19.397777     3.519360
    0.960000     20.089662     4.248756
    0.967500     20.316142     5.231689
    0.975000     20.450112     6.515422
    0.982500     20.763795     7.637271
    0.990000     21.233730     8.036363
    0.997500     21.693051     7.824645
    1.005000     21.907386     7.795998
    1.012500     21.970408     8.178324
    1.020000     22.160834     8.508640
    1.027500     22.234937     8.725260
    1.035000     21.905470     9.107192
    1.042500     21.689320     9.526602
    1.050000     21.954955     9.522303
    1.057500     22.489490     9.120918
    1.065000     23.008954     8.769997
    1.072500     23.492139     8.446117
    1.080000     23.889223     7.880832
    1.087500     24.147186     7.398615
    1.095000     24.390005     7.108223
    1.102500     24.729668     6.482339
    1.110000     25.097072     5.397555
    1.117500     25.425248     4.800069
    1.125000     25.778932     5.415240
    1.132500     26.000657     6.851480
    1.140000     25.843895     8.099589
    1.147500     25.555067     8.685483
    1.155000     25.608548     8.730603
    1.162500     26.099439     8.437588
    1.170000     26.629374     8.340214
    1.177500     26.752766     8.643622
    1.185000     26.644278     8.703383
    1.192500     26.734554     8.458942
    1.200000     27.171983     8.278773
    1.207500     27.861561     8.493366
    1.215000     28.614997     8.862155
    1.222500     29.122335     8.805058
    1.230000     29.197260     8.451462
    1.237500     29.045345     7.883445
    1.245000     28.991001     7.130249
    1.252500     29.172348     6.411137
    1.260000     29.409607     5.894558
    1.267500     29.524579     6.010347
    1.275000     29.578499     7.028463
    1.282500     29.655011     8.485006
    1.290000     29.769387     9.909586
    1.297500     29.934754    10.907444
    1.305000     30.217057    11.342891
    1.312500     30.623705    10.973387
    1.320000     30.960963     9.494109
    1.327500     31.059596     7.674078
    1.335000     31.131898     6.715092
    1.342500     31.459407     5.956046
    1.350000     31.895606     5.537295
    1.357500     31.894958     6.408990
    1.365000     31.344379     7.275663
    1.372500     30.781364     7.427020
    1.380000     30.539092     6.964516
    1.387500     30.526429     6.015937
    1.395000     30.438828     5.488648
    1.402500     30.374480     6.092717
    1.410000     30.630348     7.741015
    1.417500     30.899975    10.091837
    1.425000     30.845335    10.843460
    1.432500     30.941750     9.166928
    1.440000     31.433181     6.367801
    1.447500     31.823518     4.753820
    1.455000     31.665914     6.074816
    1.462500     31.388917     7.724631
    1.470000     31.323994     7.441303
    1.477500     31.391994     5.853869
    1.485000     31.508043     4.930424
    1.492500     31.560136     5.049376
    1.500000     31.465127     5.147461
    1.507500     31.297799     4.423970
    1.515000     30.938844     3.115142
    1.522500     30.483105     2.400174
    1.530000     30.367896     2.566336
    1.537500     30.468622     3.075530
    1.545000     30.241371     3.394469
    1.552500     29.897641     4.007004
    1.560000     29.823197     5.398793
    1.567500     29.787405     7.155100
    1.575000     29.566646     7.787415
    1.582500     29.461950     7.020398
    1.590000     29.698408     6.075731
    1.597500     30.142447     6.196964
    1.605000     30.465217     7.214460
    1.612500     30.542696     7.734394
    1.620000     30.660959     7.655710
    1.627500     31.009702     7.473525
    1.635000     31.340183     8.095597
    1.642500     31.312428    10.609220
    1.650000     31.158506    13.130318
    1.657500     31.257289    14.025343
    1.665000     31.454740    13.622496
    1.672500     31.465420    12.036517
    1.680000     31.419336     9.359157
    1.687500     31.444692     7.215536
    1.695000     31.388676     7.955448
    1.702500     31.249891    10.681228
    1.710000     31.306275    12.503890
    1.717500     31.588076    13.103053
    1.725000     31.913693    12.879803
    1.732500     32.358771    11.768049
    1.740000     32.875137     9.780862
    1.747500     32.888735     7.725632
    1.755000     32.409565     7.201412
    1.762500     32.025588     8.000724
    1.770000     31.853400     9.337431
    1.777500     31.740320    10.784155
    1.785000     31.677119    11.989032
    1.792500     31.828596    12.658648
    1.800000     32.188900    13.402941
