#! FIELDS cyl.z file.free uncertainty
#! SET sample_size 89997
#! SET effective_sample_size 409.422
#! SET fundeltaF 22.9014
#! SET blocks_num 3
#! SET blocks_effective_num 2.74892
#! SET min_cyl.z 0.3
#! SET max_cyl.z 1.8
#! SET nbins_cyl.z 201
#! SET periodic_cyl.z false
    0.300000    302.005386     2.681977
    0.307500    276.676961     2.675689
    0.315000    252.625648     2.666749
    0.322500    229.892954     2.652041
    0.330000    208.503206     2.628049
    0.337500    188.467847     2.590464
    0.345000    169.789631     2.533633
    0.352500    152.464949     2.449915
    0.360000    136.483857     2.329100
    0.367500    121.827305     2.159360
    0.375000    108.460697     1.936858
    0.382500     96.324377     1.706861
    0.390000     85.328973     1.646164
    0.397500     75.375167     1.940116
    0.405000     66.401831     2.412384
    0.412500     58.400930     2.763550
    0.420000     51.331560     2.878990
    0.427500     44.997773     2.806790
    0.435000     39.142466     2.674837
    0.442500     33.804595     2.535937
    0.450000     29.268412     2.359021
    0.457500     25.728298     2.162655
    0.465000     23.236640     1.997868
    0.472500     21.740926     1.847637
    0.480000     20.920464     1.482823
    0.487500     19.809786     0.527680
    0.495000     17.829154     0.339278
    0.502500     15.837480     0.671223
    0.510000     14.467855     0.795157
    0.517500     13.830579     0.703738
    0.525000     13.640933     0.339829
    0.532500     13.293619     0.381303
    0.540000     12.438206     0.338483
    0.547500     11.237072     0.349760
    0.555000     10.005007     0.288106
    0.562500      8.778798     0.136855
    0.570000      7.420477     0.554775
    0.577500      6.101433     0.668651
    0.585000      5.035117     0.598844
    0.592500      4.224921     0.485651
    0.600000      3.566260     0.358696
    0.607500      2.952718     0.248706
    0.615000      2.338561     0.251790
    0.622500      1.724626     0.432809
    0.630000      1.159092     0.597135
    0.637500      0.748858     0.591898
    0.645000      0.534322     0.498554
    0.652500      0.404765     0.379670
    0.660000      0.205908     0.178275
    0.667500      0.000000     0.151224
    0.675000      0.010566     0.391524
    0.682500      0.260525     0.547333
    0.690000      0.569032     0.503111
    0.697500      0.854521     0.271811
    0.705000      1.112494     0.177031
    0.712500      1.325743     0.351278
    0.720000      1.587106     0.414773
    0.727500      1.976455     0.425619
    0.735000      2.519600     0.489341
    0.742500      3.271477     0.546175
    0.750000      4.183586     0.632500
    0.757500      5.016526     0.795147
    0.765000      5.635078     0.936024
    0.772500      6.246705     1.003048
    0.780000      7.069967     1.126274
    0.787500      8.097139     1.367554
    0.795000      9.227496     1.577511
    0.802500     10.279441     1.446451
    0.810000     10.944066     1.044896
    0.817500     11.468010     0.811053
    0.825000     12.400553     0.710156
    0.832500     13.808189     0.605372
    0.840000     15.309776     0.454093
    0.847500     16.437543     0.349986
    0.855000     17.049309     0.354829
    0.862500     17.414973     0.459224
    0.870000     17.814192     0.610120
    0.877500     18.243926     0.663575
    0.885000     18.527421     0.620371
    0.892500     18.648122     0.577050
    0.900000     18.828136     0.504560
    0.907500     19.238005     0.419212
    0.915000     19.843972     0.411536
    0.922500     20.507749     0.408858
    0.930000     21.071443     0.350860
    0.937500     21.375556     0.388324
    0.945000     21.358482     0.504834
    0.952500     21.034248     0.506732
    0.960000     20.486361     0.740299
    0.967500     20.120942     1.146265
    0.975000     20.442386     1.338188
    0.982500     21.622490     1.249476
    0.990000     23.320102     0.832922
    0.997500     24.775981     0.247833
    1.005000     25.684823     0.191313
    1.012500     26.358515     0.367929
    1.020000     27.063417     0.433905
    1.027500     27.849639     0.445511
    1.035000     28.544935     0.487501
    1.042500     28.934377     0.576610
    1.050000     29.173631     0.674096
    1.057500     29.612761     0.707904
    1.065000     30.265765     0.620831
    1.072500     30.879091     0.484092
    1.080000     31.376766     0.395758
    1.087500     31.873266     0.309364
    1.095000     32.369157     0.231319
    1.102500     32.770609     0.275455
    1.110000     33.062551     0.383638
    1.117500     33.324110     0.426959
    1.125000     33.589821     0.427235
    1.132500     33.814310     0.481537
    1.140000     33.962907     0.559917
    1.147500     34.137167     0.558680
    1.155000     34.471390     0.438133
    1.162500     34.853643     0.287108
    1.170000     35.052509     0.321360
    1.177500     35.113641     0.501325
    1.185000     35.200398     0.613333
    1.192500     35.308748     0.665092
    1.200000     35.346318     0.633931
    1.207500     35.331782     0.540110
    1.215000     35.344692     0.588194
    1.222500     35.330702     0.777135
    1.230000     35.229661     0.833786
    1.237500     35.077730     0.688081
    1.245000     34.985353     0.517989
    1.252500     35.083898     0.483837
    1.260000     35.277205     0.546325
    1.267500     35.287675     0.509571
    1.275000     35.127906     0.426574
    1.282500     35.015977     0.418400
    1.290000     34.946796     0.429551
    1.297500     34.810748     0.417841
    1.305000     34.650209     0.420208
    1.312500     34.521070     0.439232
    1.320000     34.404942     0.456061
    1.327500     34.262689     0.553671
    1.335000     34.145008     0.732361
    1.342500     34.204983     0.803212
    1.350000     34.435796     0.659018
    1.357500     34.690268     0.482041
    1.365000     34.895186     0.412461
    1.372500     34.965556     0.479144
    1.380000     34.814622     0.665750
    1.387500     34.516479     0.897475
    1.395000     34.267459     1.107484
    1.402500     34.229901     1.210459
    1.410000     34.337827     1.137331
    1.417500     34.384656     0.923713
    1.425000     34.375111     0.708503
    1.432500     34.384926     0.568217
    1.440000     34.379644     0.555673
    1.447500     34.379167     0.676022
    1.455000     34.425896     0.808090
    1.462500     34.518238     0.799685
    1.470000     34.616871     0.763741
    1.477500     34.700031     0.879931
    1.485000     34.767537     1.006688
    1.492500     34.775147     1.030268
    1.500000     34.747345     1.184675
    1.507500     34.810782     1.484271
    1.515000     34.953441     1.606529
    1.522500     35.008736     1.419648
    1.530000     34.959049     1.186511
    1.537500     34.925013     1.117779
    1.545000     34.960504     1.178444
    1.552500     35.045348     1.197619
    1.560000     35.193626     1.067400
    1.567500     35.384761     0.897825
    1.575000     35.506381     0.792169
    1.582500     35.555108     0.699411
    1.590000     35.649106     0.643575
    1.597500     35.715013     0.611950
    1.605000     35.597121     0.581407
    1.612500     35.417235     0.550861
    1.620000     35.322362     0.503416
    1.627500     35.279295     0.563583
    1.635000     35.253680     0.570101
    1.642500     35.246328     0.473617
    1.650000     35.182019     0.478319
    1.657500     35.015892     0.593446
    1.665000     34.833124     0.642549
    1.672500     34.728638     0.616672
    1.680000     34.693381     0.645069
    1.687500     34.705799     0.701370
    1.695000     34.765225     0.598338
    1.702500     34.760291     0.430889
    1.710000     34.615831     0.461201
    1.717500     34.477921     0.595450
    1.725000     34.507110     0.700824
    1.732500     34.661666     0.811677
    1.740000     34.792193     0.978902
    1.747500     34.842301     1.120773
    1.755000     34.873078     1.130854
    1.762500     34.915646     1.061659
    1.770000     34.897484     0.992570
    1.777500     34.795661     0.888368
    1.785000     34.683784     0.752845
    1.792500     34.641109     0.658839
    1.800000     34.703428     0.600334
