#! FIELDS cyl.z file.free uncertainty
#! SET sample_size 189999
#! SET effective_sample_size 773.177
#! SET fundeltaF 23.5125
#! SET blocks_num 3
#! SET blocks_effective_num 2.0887
#! SET min_cyl.z 0.3
#! SET max_cyl.z 1.8
#! SET nbins_cyl.z 201
#! SET periodic_cyl.z false
    0.300000    248.892121     1.786914
    0.307500    225.685723     1.786785
    0.315000    203.882216     1.786610
    0.322500    183.481653     1.786372
    0.330000    164.484061     1.786048
    0.337500    146.889444     1.785607
    0.345000    130.697795     1.785009
    0.352500    115.909091     1.784194
    0.360000    102.523293     1.783087
    0.367500     90.540334     1.781580
    0.375000     79.960060     1.779529
    0.382500     70.781975     1.776726
    0.390000     63.003938     1.772857
    0.397500     56.615285     1.767338
    0.405000     51.559968     1.758556
    0.412500     47.562164     1.740431
    0.420000     43.757128     1.696867
    0.427500     39.537604     1.607920
    0.435000     35.644493     1.410984
    0.442500     32.455280     1.084283
    0.450000     29.643783     1.349953
    0.457500     26.969438     2.038719
    0.465000     24.671928     2.216295
    0.472500     22.940375     1.829061
    0.480000     21.616474     1.052463
    0.487500     20.288033     0.478629
    0.495000     18.659749     0.705308
    0.502500     16.910126     1.058599
    0.510000     15.407346     1.196045
    0.517500     14.274865     0.948602
    0.525000     13.222579     0.382101
    0.532500     11.910912     0.403241
    0.540000     10.566328     0.644537
    0.547500      9.498735     0.599666
    0.555000      8.685729     0.380922
    0.562500      7.950462     0.332059
    0.570000      7.114658     0.358381
    0.577500      6.078211     0.245437
    0.585000      4.944494     0.090694
    0.592500      3.980981     0.131298
    0.600000      3.313118     0.192586
    0.607500      2.788987     0.165618
    0.615000      2.232688     0.140391
    0.622500      1.631953     0.202095
    0.630000      1.053654     0.245204
    0.637500      0.601993     0.204253
    0.645000      0.335159     0.149028
    0.652500      0.204366     0.080324
    0.660000      0.122986     0.071898
    0.667500      0.040846     0.216045
    0.675000      0.000000     0.251809
    0.682500      0.047050     0.190767
    0.690000      0.152963     0.116838
    0.697500      0.306390     0.099736
    0.705000      0.522822     0.089267
    0.712500      0.805054     0.066980
    0.720000      1.168696     0.029761
    0.727500      1.607809     0.050758
    0.735000      2.099821     0.148596
    0.742500      2.708937     0.179312
    0.750000      3.503908     0.103343
    0.757500      4.380633     0.062210
    0.765000      5.204877     0.079770
    0.772500      6.087884     0.240258
    0.780000      7.178355     0.461703
    0.787500      8.377189     0.628582
    0.795000      9.516361     0.657237
    0.802500     10.601513     0.625153
    0.810000     11.589393     0.734609
    0.817500     12.420916     0.933028
    0.825000     13.241571     0.814044
    0.832500     14.155040     0.423087
    0.840000     15.173597     0.158790
    0.847500     16.265061     0.323218
    0.855000     17.169195     0.760561
    0.862500     17.741300     1.184386
    0.870000     18.278595     1.330824
    0.877500     18.979304     1.293123
    0.885000     19.695292     1.340711
    0.892500     20.168213     1.512411
    0.900000     20.423288     1.544068
    0.907500     20.688464     1.385520
    0.915000     21.057098     1.127941
    0.922500     21.492037     0.890554
    0.930000     21.920208     0.775599
    0.937500     22.277013     0.831264
    0.945000     22.551141     1.065804
    0.952500     22.688430     1.404073
    0.960000     22.597747     1.881154
    0.967500     22.507401     2.424029
    0.975000     22.878945     2.666281
    0.982500     23.878321     2.449231
    0.990000     25.154741     1.826626
    0.997500     26.138647     1.244423
    1.005000     26.758835     0.995285
    1.012500     27.267813     0.906881
    1.020000     27.764970     0.840319
    1.027500     28.209272     0.681598
    1.035000     28.534815     0.383761
    1.042500     28.834874     0.204033
    1.050000     29.305877     0.327554
    1.057500     29.946520     0.501309
    1.065000     30.604813     0.560240
    1.072500     31.165366     0.633413
    1.080000     31.637315     0.820977
    1.087500     32.087566     1.003993
    1.095000     32.471028     1.043188
    1.102500     32.751004     0.991410
    1.110000     32.992334     1.011088
    1.117500     33.215678     1.095367
    1.125000     33.401967     1.192610
    1.132500     33.564471     1.296820
    1.140000     33.729322     1.318999
    1.147500     33.905552     1.207531
    1.155000     34.106800     1.077843
    1.162500     34.368787     1.064653
    1.170000     34.735853     1.136586
    1.177500     35.184147     1.201418
    1.185000     35.578057     1.223064
    1.192500     35.801376     1.217089
    1.200000     35.855587     1.198024
    1.207500     35.843634     1.173536
    1.215000     35.850956     1.129772
    1.222500     35.853854     1.083849
    1.230000     35.845775     1.088653
    1.237500     35.842832     1.143495
    1.245000     35.834730     1.137410
    1.252500     35.865919     1.010361
    1.260000     35.911675     0.871961
    1.267500     35.824118     0.835682
    1.275000     35.608536     0.849968
    1.282500     35.466766     0.852723
    1.290000     35.469829     0.883529
    1.297500     35.482095     0.955598
    1.305000     35.403977     0.981872
    1.312500     35.233848     0.917952
    1.320000     34.997954     0.828000
    1.327500     34.764748     0.782022
    1.335000     34.617486     0.783470
    1.342500     34.607930     0.761951
    1.350000     34.658007     0.680882
    1.357500     34.653408     0.584714
    1.365000     34.664175     0.558514
    1.372500     34.776811     0.580942
    1.380000     34.884645     0.610912
    1.387500     34.863947     0.678151
    1.395000     34.778256     0.767770
    1.402500     34.772247     0.851503
    1.410000     34.881248     0.909561
    1.417500     34.984178     0.900922
    1.425000     34.999388     0.851217
    1.432500     34.998725     0.881165
    1.440000     35.020747     0.979949
    1.447500     35.025896     1.013397
    1.455000     35.012953     0.965008
    1.462500     35.061092     0.911586
    1.470000     35.208512     0.923264
    1.477500     35.376352     1.006149
    1.485000     35.420206     1.034540
    1.492500     35.276326     0.937662
    1.500000     35.094544     0.830990
    1.507500     35.054599     0.785930
    1.515000     35.177736     0.773961
    1.522500     35.379873     0.824851
    1.530000     35.550907     0.946259
    1.537500     35.590314     1.005282
    1.545000     35.553488     0.964951
    1.552500     35.609764     0.945782
    1.560000     35.782298     0.948173
    1.567500     35.901693     0.903330
    1.575000     35.866935     0.879729
    1.582500     35.780340     0.940055
    1.590000     35.734870     1.010734
    1.597500     35.716669     1.082377
    1.605000     35.708399     1.192339
    1.612500     35.704845     1.268909
    1.620000     35.617764     1.204617
    1.627500     35.419188     1.035822
    1.635000     35.273017     0.917865
    1.642500     35.288683     0.892191
    1.650000     35.384319     0.866824
    1.657500     35.424488     0.869486
    1.665000     35.370392     1.007845
    1.672500     35.281000     1.182410
    1.680000     35.213265     1.301071
    1.687500     35.163529     1.340139
    1.695000     35.092570     1.271661
    1.702500     35.001177     1.164717
    1.710000     34.928124     1.165017
    1.717500     34.878843     1.230814
    1.725000     34.852108     1.213435
    1.732500     34.871804     1.119659
    1.740000     34.964632     1.045302
    1.747500     35.131456     1.036588
    1.755000     35.311850     1.047022
    1.762500     35.384863     0.979750
    1.770000     35.313162     0.875523
    1.777500     35.193378     0.850024
    1.785000     35.113091     0.885524
    1.792500     35.121040     0.906829
    1.800000     35.243751     0.887784
