#! FIELDS cyl.z file.free uncertainty
#! SET sample_size 189999
#! SET effective_sample_size 1353.93
#! SET fundeltaF 24.4625
#! SET blocks_num 3
#! SET blocks_effective_num 2.46369
#! SET min_cyl.z 0.3
#! SET max_cyl.z 1.8
#! SET nbins_cyl.z 201
#! SET periodic_cyl.z false
    0.300000    264.510145     1.896015
    0.307500    242.593637     1.895942
    0.315000    222.079531     1.895755
    0.322500    202.967090     1.895241
    0.330000    185.254668     1.893716
    0.337500    168.938288     1.888741
    0.345000    154.007094     1.870880
    0.352500    140.426708     1.802068
    0.360000    128.077066     1.542161
    0.367500    116.581517     0.884374
    0.375000    105.296436     1.383029
    0.382500     94.161576     2.323232
    0.390000     83.743965     2.667704
    0.397500     74.293040     2.735627
    0.405000     65.661754     2.690235
    0.412500     57.647363     2.587560
    0.420000     50.341220     2.460231
    0.427500     44.004766     2.290996
    0.435000     38.767026     1.988941
    0.442500     34.528153     1.372487
    0.450000     30.980730     0.377544
    0.457500     27.895168     0.516381
    0.465000     25.412848     0.829601
    0.472500     23.726221     0.701979
    0.480000     22.667758     0.645188
    0.487500     21.483013     0.614669
    0.495000     19.581390     0.525989
    0.502500     17.532068     0.710917
    0.510000     15.766928     1.147738
    0.517500     14.278106     1.239806
    0.525000     13.022897     0.806779
    0.532500     11.972181     0.309422
    0.540000     10.971643     0.048912
    0.547500      9.791587     0.242015
    0.555000      8.495375     0.446076
    0.562500      7.335186     0.527230
    0.570000      6.356562     0.526466
    0.577500      5.415157     0.455374
    0.585000      4.461565     0.352743
    0.592500      3.678454     0.278174
    0.600000      3.137612     0.208017
    0.607500      2.637730     0.122464
    0.615000      2.042210     0.105923
    0.622500      1.456120     0.209136
    0.630000      1.005208     0.348652
    0.637500      0.724953     0.402515
    0.645000      0.519638     0.379755
    0.652500      0.275288     0.392051
    0.660000      0.062847     0.404553
    0.667500      0.000000     0.304765
    0.675000      0.059772     0.113328
    0.682500      0.142379     0.081424
    0.690000      0.211533     0.237175
    0.697500      0.273094     0.365415
    0.705000      0.309710     0.386199
    0.712500      0.339966     0.312364
    0.720000      0.483006     0.275602
    0.727500      0.843245     0.308273
    0.735000      1.396355     0.348920
    0.742500      2.053568     0.391324
    0.750000      2.773404     0.448476
    0.757500      3.556129     0.517158
    0.765000      4.378349     0.628286
    0.772500      5.158666     0.727810
    0.780000      5.874717     0.667451
    0.787500      6.714767     0.554809
    0.795000      7.918745     0.590442
    0.802500      9.519060     0.726034
    0.810000     11.203357     0.687024
    0.817500     12.516285     0.382318
    0.825000     13.527877     0.161802
    0.832500     14.599028     0.228798
    0.840000     15.655280     0.471324
    0.847500     16.338185     0.559249
    0.855000     16.685297     0.501193
    0.862500     17.121570     0.522092
    0.870000     17.957813     0.668058
    0.877500     19.102340     1.009412
    0.885000     20.132804     1.376004
    0.892500     20.696558     1.531603
    0.900000     20.875991     1.555954
    0.907500     20.996932     1.558992
    0.915000     21.192957     1.556421
    0.922500     21.420774     1.602769
    0.930000     21.603598     1.753541
    0.937500     21.751511     1.903014
    0.945000     22.000409     1.955075
    0.952500     22.432545     1.925622
    0.960000     22.978249     1.858208
    0.967500     23.540095     1.809178
    0.975000     24.109669     1.834768
    0.982500     24.716925     1.933860
    0.990000     25.388562     2.015649
    0.997500     26.136302     2.004154
    1.005000     26.893286     1.953594
    1.012500     27.577035     1.937341
    1.020000     28.200480     1.952621
    1.027500     28.785634     1.948156
    1.035000     29.368198     1.892727
    1.042500     30.014979     1.797929
    1.050000     30.681269     1.678752
    1.057500     31.236879     1.591382
    1.065000     31.604141     1.612273
    1.072500     31.846760     1.716167
    1.080000     32.164704     1.766430
    1.087500     32.617643     1.694948
    1.095000     33.038160     1.608538
    1.102500     33.372760     1.595192
    1.110000     33.743888     1.586326
    1.117500     34.163807     1.535276
    1.125000     34.468510     1.495789
    1.132500     34.544881     1.514828
    1.140000     34.562478     1.573149
    1.147500     34.737216     1.629151
    1.155000     35.056500     1.633688
    1.162500     35.352880     1.582585
    1.170000     35.556879     1.541668
    1.177500     35.723582     1.549507
    1.185000     35.867968     1.580702
    1.192500     35.955908     1.630207
    1.200000     35.979696     1.698956
    1.207500     35.997412     1.741781
    1.215000     36.038953     1.727861
    1.222500     36.036222     1.684401
    1.230000     35.976125     1.666143
    1.237500     35.940672     1.681281
    1.245000     35.968004     1.713203
    1.252500     36.013961     1.752087
    1.260000     35.998196     1.759027
    1.267500     35.911197     1.743601
    1.275000     35.843511     1.775937
    1.282500     35.877951     1.832184
    1.290000     35.987153     1.848749
    1.297500     36.049414     1.813835
    1.305000     35.993429     1.716350
    1.312500     35.847534     1.617661
    1.320000     35.693548     1.614315
    1.327500     35.624582     1.689201
    1.335000     35.661340     1.771829
    1.342500     35.728639     1.820244
    1.350000     35.734491     1.819569
    1.357500     35.645159     1.802230
    1.365000     35.511591     1.785243
    1.372500     35.458407     1.752464
    1.380000     35.539063     1.710158
    1.387500     35.644728     1.687619
    1.395000     35.665268     1.711361
    1.402500     35.621524     1.770917
    1.410000     35.536977     1.837953
    1.417500     35.458338     1.892333
    1.425000     35.517093     1.901036
    1.432500     35.757199     1.853585
    1.440000     36.067555     1.799105
    1.447500     36.323887     1.786507
    1.455000     36.448042     1.808320
    1.462500     36.411861     1.812052
    1.470000     36.310658     1.772339
    1.477500     36.259896     1.715957
    1.485000     36.245238     1.659732
    1.492500     36.186535     1.621089
    1.500000     36.115178     1.591673
    1.507500     36.136123     1.561736
    1.515000     36.240765     1.553352
    1.522500     36.304057     1.560315
    1.530000     36.272545     1.569064
    1.537500     36.219975     1.537444
    1.545000     36.172616     1.416620
    1.552500     36.087205     1.286996
    1.560000     35.988934     1.253898
    1.567500     35.942683     1.297339
    1.575000     35.948644     1.369346
    1.582500     35.964338     1.426155
    1.590000     35.969889     1.402404
    1.597500     35.959103     1.313750
    1.605000     35.924745     1.297024
    1.612500     35.873123     1.416436
    1.620000     35.850710     1.562319
    1.627500     35.929421     1.612642
    1.635000     36.096593     1.547745
    1.642500     36.275596     1.462621
    1.650000     36.414189     1.404835
    1.657500     36.447452     1.374291
    1.665000     36.396409     1.414828
    1.672500     36.350498     1.503862
    1.680000     36.266383     1.530100
    1.687500     36.085725     1.453517
    1.695000     35.926245     1.374037
    1.702500     35.931291     1.370734
    1.710000     36.036069     1.440819
    1.717500     36.062195     1.526047
    1.725000     35.995152     1.584354
    1.732500     35.948460     1.642645
    1.740000     36.016078     1.693410
    1.747500     36.175557     1.684320
    1.755000     36.268884     1.610758
    1.762500     36.199360     1.533859
    1.770000     36.080866     1.513933
    1.777500     36.056814     1.530689
    1.785000     36.103743     1.530508
    1.792500     36.098149     1.546467
    1.800000     36.063430     1.600074
