#! FIELDS cyl.z file.free uncertainty
#! SET sample_size 14997
#! SET effective_sample_size 48.195
#! SET fundeltaF 20.3108
#! SET blocks_num 3
#! SET blocks_effective_num 1.36796
#! SET min_cyl.z 0.3
#! SET max_cyl.z 1.8
#! SET nbins_cyl.z 201
#! SET periodic_cyl.z false
    0.300000    309.639934    10.984334
    0.307500    283.009751    10.984334
    0.315000    257.782634    10.984334
    0.322500    233.958582    10.984334
    0.330000    211.537595    10.984334
    0.337500    190.519674    10.984334
    0.345000    170.904818    10.984334
    0.352500    152.693027    10.984334
    0.360000    135.884300    10.984334
    0.367500    120.478633    10.984334
    0.375000    106.476019    10.984334
    0.382500     93.876439    10.984333
    0.390000     82.679844    10.984327
    0.397500     72.886094    10.984242
    0.405000     64.494686    10.983149
    0.412500     57.502420    10.969078
    0.420000     51.876770    10.790734
    0.427500     47.262204     8.885718
    0.435000     41.736568     2.070646
    0.442500     34.727145     1.417007
    0.450000     28.446198     1.722979
    0.457500     23.503242     1.746605
    0.465000     19.956427     1.738953
    0.472500     17.808512     1.713762
    0.480000     17.054402     1.656014
    0.487500     17.680194     1.559015
    0.495000     19.647818     1.640704
    0.502500     22.737948     3.227490
    0.510000     24.461664     8.747269
    0.517500     22.047059     7.947476
    0.525000     19.124902     3.859585
    0.532500     16.278138     0.816111
    0.540000     13.932107     0.948615
    0.547500     12.569073     1.124328
    0.555000     12.346056     0.794045
    0.562500     12.805148     1.170542
    0.570000     12.032523     3.593433
    0.577500      9.864710     4.137693
    0.585000      7.883569     3.668513
    0.592500      6.182024     2.238886
    0.600000      4.464700     0.776843
    0.607500      2.985845     0.763136
    0.615000      2.191410     0.730117
    0.622500      2.191183     0.680334
    0.630000      2.641176     1.110275
    0.637500      2.749871     1.263251
    0.645000      2.321150     1.150837
    0.652500      1.700380     1.313100
    0.660000      0.876382     1.310555
    0.667500      0.163645     0.956480
    0.675000      0.000000     0.605420
    0.682500      0.420903     0.358181
    0.690000      0.989233     0.151926
    0.697500      1.131258     0.393704
    0.705000      0.912450     0.752397
    0.712500      0.804292     0.978033
    0.720000      1.055074     1.114659
    0.727500      1.701622     1.322960
    0.735000      2.637719     1.592850
    0.742500      3.588078     1.839766
    0.750000      4.241071     2.039003
    0.757500      4.466601     2.015672
    0.765000      4.691397     2.001535
    0.772500      5.486819     2.280111
    0.780000      6.862568     2.777747
    0.787500      8.220777     2.932010
    0.795000      9.389863     3.072056
    0.802500     10.808621     4.611115
    0.810000     12.047549     7.369695
    0.817500     12.277750     6.864959
    0.825000     12.259319     4.380675
    0.832500     12.776595     2.738523
    0.840000     13.794136     1.976257
    0.847500     15.024317     1.610604
    0.855000     16.460996     1.743295
    0.862500     17.870092     3.946710
    0.870000     18.504302     9.451310
    0.877500     18.312651    14.887523
    0.885000     18.106790    17.062524
    0.892500     18.510492    16.386903
    0.900000     19.519287    13.903134
    0.907500     20.762245    11.422753
    0.915000     21.766525    11.237800
    0.922500     21.825617    13.616020
    0.930000     21.206417    15.742693
    0.937500     20.906174    16.620188
    0.945000     21.145784    16.655216
    0.952500     21.658758    16.198077
    0.960000     22.265874    15.206167
    0.967500     22.939291    13.590889
    0.975000     23.595563    12.402714
    0.982500     24.245688    12.300612
    0.990000     24.832363    12.188510
    0.997500     25.277157    11.250649
    1.005000     25.749388    10.643151
    1.012500     26.176721    11.506871
    1.020000     26.506323    12.729246
    1.027500     27.202161    12.869589
    1.035000     28.460835    12.102509
    1.042500     29.723790    10.386672
    1.050000     30.272818     9.010840
    1.057500     30.360651     9.442882
    1.065000     30.459105     9.997727
    1.072500     30.773002     9.022217
    1.080000     31.362776     7.407950
    1.087500     32.020300     7.384984
    1.095000     32.260587     9.254643
    1.102500     32.015263    11.317824
    1.110000     31.866625    12.827841
    1.117500     32.238856    13.768285
    1.125000     33.111666    13.325526
    1.132500     33.787100    11.465341
    1.140000     33.598221    10.957007
    1.147500     33.383503    11.773277
    1.155000     33.592518    13.396283
    1.162500     33.607503    16.266290
    1.170000     33.167686    18.589522
    1.177500     32.911239    19.580444
    1.185000     33.231467    19.792866
    1.192500     34.119039    18.955195
    1.200000     35.212138    16.642910
    1.207500     35.666891    14.570222
    1.215000     34.811584    14.410566
    1.222500     33.636305    14.446923
    1.230000     33.014404    14.644792
    1.237500     33.093320    15.220898
    1.245000     33.722796    15.694226
    1.252500     34.336201    15.534928
    1.260000     34.246583    14.749766
    1.267500     33.770604    13.134076
    1.275000     33.379342    11.208232
    1.282500     33.214907    10.215392
    1.290000     33.344759    10.126013
    1.297500     33.483187    10.736990
    1.305000     33.116008    12.316495
    1.312500     32.522050    13.165416
    1.320000     32.302874    11.928260
    1.327500     32.486944     8.681709
    1.335000     32.780316     5.829391
    1.342500     33.136443     5.479836
    1.350000     33.618326     6.102958
    1.357500     33.953503     6.647461
    1.365000     33.831440     6.274710
    1.372500     33.482921     5.601880
    1.380000     33.207568     5.978390
    1.387500     32.919775     7.415233
    1.395000     32.506103     8.209419
    1.402500     32.106723     8.142218
    1.410000     31.823046     7.857956
    1.417500     31.678856     8.075555
    1.425000     31.757908     8.957064
    1.432500     31.991654     8.614544
    1.440000     32.099995     7.232354
    1.447500     32.007898     7.000394
    1.455000     31.881124     7.657151
    1.462500     31.782733     8.376168
    1.470000     31.636537     8.980823
    1.477500     31.532814     9.624451
    1.485000     31.720847    10.547841
    1.492500     32.114157    11.076170
    1.500000     32.251453    10.375880
    1.507500     32.149115     9.807102
    1.515000     32.142984    10.039486
    1.522500     32.234111    10.086346
    1.530000     32.249453     9.485125
    1.537500     32.051632     9.649546
    1.545000     31.799811    10.626832
    1.552500     31.852031    10.997128
    1.560000     32.297665    10.274852
    1.567500     32.654132     9.531902
    1.575000     32.659875    10.319239
    1.582500     32.797216    11.882869
    1.590000     33.264921    12.423177
    1.597500     33.830642    10.723894
    1.605000     34.187851     8.573216
    1.612500     34.010360     7.214834
    1.620000     33.364477     7.109850
    1.627500     32.878097     7.776262
    1.635000     32.910090     8.905504
    1.642500     33.275726    10.594917
    1.650000     33.468327    11.705221
    1.657500     33.458680    11.452275
    1.665000     33.501190    11.344233
    1.672500     33.259002    13.082003
    1.680000     32.540825    14.739723
    1.687500     32.008954    14.772232
    1.695000     32.114479    14.331371
    1.702500     32.634929    14.484709
    1.710000     32.950532    15.376218
    1.717500     33.047332    15.581179
    1.725000     33.278302    14.351728
    1.732500     33.428331    11.741419
    1.740000     33.122330     9.094794
    1.747500     32.608628     8.599146
    1.755000     32.292422    10.668256
    1.762500     32.218016    13.715885
    1.770000     32.280280    15.686781
    1.777500     32.463752    16.722643
    1.785000     32.794245    17.531187
    1.792500     33.116235    17.223793
    1.800000     33.061559    15.337461
