#! FIELDS cyl.z file.free uncertainty
#! SET sample_size 89997
#! SET effective_sample_size 464.536
#! SET fundeltaF 24.1474
#! SET blocks_num 3
#! SET blocks_effective_num 2.44313
#! SET min_cyl.z 0.3
#! SET max_cyl.z 1.8
#! SET nbins_cyl.z 201
#! SET periodic_cyl.z false
    0.300000    255.879239     2.116049
    0.307500    232.544252     2.116016
    0.315000    210.473878     2.115952
    0.322500    189.692498     2.115830
    0.330000    170.228323     2.115607
    0.337500    152.106874     2.115204
    0.345000    135.348048     2.114479
    0.352500    119.965928     2.113181
    0.360000    105.969798     2.110861
    0.367500     93.365354     2.106710
    0.375000     82.155600     2.099245
    0.382500     72.341222     2.085609
    0.390000     63.919947     2.059675
    0.397500     56.882906     2.005740
    0.405000     51.199490     1.876307
    0.412500     46.758901     1.554398
    0.420000     43.208490     1.522179
    0.427500     39.926234     3.341568
    0.435000     36.742384     4.547221
    0.442500     33.746451     3.549325
    0.450000     30.333825     1.701177
    0.457500     26.804190     1.857959
    0.465000     24.142715     1.926563
    0.472500     22.628490     1.635936
    0.480000     21.936920     0.801930
    0.487500     21.242595     1.257721
    0.495000     20.219205     2.017487
    0.502500     19.213078     2.016971
    0.510000     17.960989     1.615823
    0.517500     15.974948     0.957780
    0.525000     13.736379     0.620736
    0.532500     12.019496     0.896842
    0.540000     11.052893     1.142963
    0.547500     10.463384     0.976434
    0.555000      9.578310     0.676182
    0.562500      8.324998     0.603932
    0.570000      7.113807     0.461314
    0.577500      6.231836     0.370119
    0.585000      5.620727     0.302025
    0.592500      4.900809     0.174289
    0.600000      3.906960     0.146534
    0.607500      2.842586     0.227742
    0.615000      1.882012     0.292288
    0.622500      1.168045     0.381433
    0.630000      0.773643     0.517972
    0.637500      0.549679     0.601500
    0.645000      0.305040     0.548587
    0.652500      0.100492     0.415381
    0.660000      0.020419     0.283472
    0.667500      0.000000     0.202098
    0.675000      0.032831     0.166723
    0.682500      0.133614     0.136967
    0.690000      0.195423     0.060878
    0.697500      0.242749     0.122884
    0.705000      0.397562     0.368817
    0.712500      0.617838     0.561851
    0.720000      0.854245     0.573952
    0.727500      1.201978     0.512543
    0.735000      1.731817     0.557693
    0.742500      2.376356     0.687340
    0.750000      3.041278     0.803857
    0.757500      3.679960     0.768862
    0.765000      4.323219     0.544241
    0.772500      5.177427     0.414337
    0.780000      6.442609     0.557323
    0.787500      7.959459     0.998553
    0.795000      9.285445     1.406470
    0.802500     10.449675     1.474834
    0.810000     11.707666     1.416969
    0.817500     12.781117     1.534538
    0.825000     13.418647     1.721787
    0.832500     14.005020     1.726466
    0.840000     14.885799     1.623958
    0.847500     15.955124     1.523905
    0.855000     17.045251     1.478509
    0.862500     18.232065     1.421596
    0.870000     19.378799     1.328354
    0.877500     20.119780     1.247624
    0.885000     20.499662     1.273346
    0.892500     20.803583     1.428341
    0.900000     21.047917     1.688852
    0.907500     21.151896     1.868259
    0.915000     21.335367     1.852858
    0.922500     21.705106     1.776902
    0.930000     22.023741     1.728561
    0.937500     22.258768     1.719646
    0.945000     22.639144     1.770541
    0.952500     23.154955     1.844079
    0.960000     23.676393     1.843824
    0.967500     24.257332     1.854254
    0.975000     24.959090     1.956191
    0.982500     25.672342     1.940512
    0.990000     26.281558     1.736009
    0.997500     26.781336     1.637945
    1.005000     27.156930     1.727639
    1.012500     27.453289     1.737528
    1.020000     27.813864     1.491737
    1.027500     28.320640     1.188374
    1.035000     28.993576     1.111146
    1.042500     29.714624     1.229599
    1.050000     30.296419     1.408626
    1.057500     30.801585     1.515982
    1.065000     31.301475     1.637962
    1.072500     31.669756     1.886442
    1.080000     31.984912     2.071356
    1.087500     32.412506     2.102021
    1.095000     32.821735     1.984676
    1.102500     33.101945     1.803839
    1.110000     33.380690     1.717766
    1.117500     33.677097     1.816961
    1.125000     33.856659     2.034253
    1.132500     33.913067     2.253014
    1.140000     33.997290     2.493769
    1.147500     34.241433     2.658895
    1.155000     34.646129     2.509991
    1.162500     35.073892     2.167195
    1.170000     35.395726     2.013281
    1.177500     35.557775     2.090967
    1.185000     35.601593     2.275680
    1.192500     35.603200     2.563037
    1.200000     35.582072     2.932848
    1.207500     35.609982     3.122295
    1.215000     35.765614     2.943546
    1.222500     35.951042     2.559349
    1.230000     35.941986     2.277430
    1.237500     35.708204     2.244164
    1.245000     35.496573     2.389079
    1.252500     35.489856     2.558342
    1.260000     35.624091     2.606868
    1.267500     35.736265     2.520034
    1.275000     35.818043     2.420336
    1.282500     35.979374     2.345172
    1.290000     36.149717     2.197206
    1.297500     36.096675     1.942918
    1.305000     35.828478     1.841145
    1.312500     35.499092     2.094363
    1.320000     35.225570     2.452100
    1.327500     35.167008     2.522180
    1.335000     35.328229     2.210800
    1.342500     35.508348     1.795433
    1.350000     35.637761     1.637478
    1.357500     35.791072     1.721742
    1.365000     35.916230     1.880128
    1.372500     35.923883     1.883467
    1.380000     35.847885     1.783024
    1.387500     35.751460     1.756361
    1.395000     35.685409     1.810582
    1.402500     35.670252     1.924887
    1.410000     35.656598     2.099751
    1.417500     35.633808     2.294247
    1.425000     35.645746     2.437959
    1.432500     35.708096     2.546271
    1.440000     35.813769     2.679764
    1.447500     35.911149     2.771766
    1.455000     35.932991     2.658638
    1.462500     35.858758     2.361349
    1.470000     35.783365     2.079880
    1.477500     35.844365     1.895138
    1.485000     36.036908     1.791979
    1.492500     36.209591     1.715436
    1.500000     36.289009     1.561638
    1.507500     36.329364     1.368774
    1.515000     36.335224     1.256099
    1.522500     36.322927     1.221212
    1.530000     36.320753     1.210473
    1.537500     36.302866     1.218640
    1.545000     36.239511     1.240761
    1.552500     36.111494     1.323118
    1.560000     35.969532     1.499584
    1.567500     35.902696     1.651948
    1.575000     35.914859     1.632056
    1.582500     35.933203     1.488343
    1.590000     35.931057     1.364342
    1.597500     35.943203     1.267070
    1.605000     35.975121     1.123550
    1.612500     36.009482     0.972083
    1.620000     36.053290     0.932329
    1.627500     36.049831     1.060338
    1.635000     35.908126     1.253196
    1.642500     35.720272     1.328075
    1.650000     35.625181     1.363971
    1.657500     35.574428     1.510187
    1.665000     35.463189     1.622628
    1.672500     35.373981     1.533881
    1.680000     35.432668     1.381554
    1.687500     35.571749     1.282134
    1.695000     35.662973     1.195684
    1.702500     35.687912     1.123401
    1.710000     35.667953     1.183324
    1.717500     35.607457     1.354733
    1.725000     35.530830     1.436657
    1.732500     35.486440     1.363946
    1.740000     35.538027     1.288042
    1.747500     35.726929     1.263917
    1.755000     35.963278     1.236112
    1.762500     36.107542     1.186266
    1.770000     36.084690     1.127482
    1.777500     35.873097     1.107107
    1.785000     35.661677     1.118054
    1.792500     35.685314     1.172712
    1.800000     35.963549     1.210323
