#! FIELDS cyl.z file.free uncertainty
#! SET sample_size 189999
#! SET effective_sample_size 1136.67
#! SET fundeltaF 24.7545
#! SET blocks_num 3
#! SET blocks_effective_num 2.27434
#! SET min_cyl.z 0.3
#! SET max_cyl.z 1.8
#! SET nbins_cyl.z 201
#! SET periodic_cyl.z false
    0.300000    232.196266     1.844299
    0.307500    211.477545     1.844100
    0.315000    192.161672     1.843525
    0.322500    174.248206     1.841788
    0.330000    157.735717     1.836353
    0.337500    142.619502     1.818937
    0.345000    128.883927     1.763255
    0.352500    116.478065     1.599194
    0.360000    105.251115     1.307842
    0.367500     94.871521     1.893525
    0.375000     85.007525     3.532695
    0.382500     75.774549     4.651971
    0.390000     67.551448     5.076587
    0.397500     60.564428     5.138800
    0.405000     54.842493     4.948930
    0.412500     50.190970     4.342903
    0.420000     46.039672     3.131899
    0.427500     41.800438     1.893844
    0.435000     37.639213     1.145559
    0.442500     33.893435     0.838119
    0.450000     30.685426     0.872113
    0.457500     28.081519     1.446446
    0.465000     26.090528     2.084112
    0.472500     24.520402     1.820182
    0.480000     22.897127     0.828641
    0.487500     21.023822     0.905188
    0.495000     19.188754     0.965002
    0.502500     17.586721     0.910326
    0.510000     16.277175     0.858653
    0.517500     15.177076     0.681261
    0.525000     14.018769     0.289705
    0.532500     12.689634     0.410788
    0.540000     11.437667     0.405879
    0.547500     10.363519     0.258476
    0.555000      9.206970     0.434233
    0.562500      7.929516     0.599525
    0.570000      6.835279     0.606356
    0.577500      6.005029     0.508246
    0.585000      5.215451     0.437695
    0.592500      4.304442     0.392889
    0.600000      3.402401     0.276899
    0.607500      2.660928     0.115798
    0.615000      2.068699     0.089263
    0.622500      1.542594     0.185417
    0.630000      1.055246     0.176597
    0.637500      0.632435     0.177861
    0.645000      0.304455     0.235472
    0.652500      0.097273     0.243466
    0.660000      0.000030     0.214736
    0.667500      0.000000     0.156209
    0.675000      0.099811     0.083397
    0.682500      0.213740     0.052354
    0.690000      0.263534     0.046042
    0.697500      0.334408     0.037991
    0.705000      0.518875     0.135199
    0.712500      0.807638     0.266591
    0.720000      1.169143     0.329325
    0.727500      1.592202     0.320761
    0.735000      2.094091     0.310740
    0.742500      2.740420     0.371190
    0.750000      3.553950     0.480305
    0.757500      4.419073     0.514861
    0.765000      5.189491     0.455299
    0.772500      5.924104     0.372512
    0.780000      6.815452     0.277065
    0.787500      7.914839     0.387403
    0.795000      9.166570     0.577358
    0.802500     10.583784     0.725683
    0.810000     12.123339     0.826461
    0.817500     13.452884     0.860344
    0.825000     14.271818     0.742168
    0.832500     14.765174     0.488777
    0.840000     15.351632     0.294576
    0.847500     16.316683     0.242315
    0.855000     17.620126     0.457170
    0.862500     18.876226     0.840835
    0.870000     19.753642     0.960011
    0.877500     20.330186     0.815522
    0.885000     20.804300     0.657426
    0.892500     21.268562     0.521898
    0.900000     21.578585     0.554069
    0.907500     21.499105     1.073565
    0.915000     21.273507     1.693192
    0.922500     21.414373     1.915347
    0.930000     22.059966     1.616764
    0.937500     22.887928     1.026429
    0.945000     23.558392     0.691808
    0.952500     24.037181     0.570719
    0.960000     24.381513     0.529796
    0.967500     24.741794     0.534780
    0.975000     25.280827     0.515631
    0.982500     25.993896     0.490306
    0.990000     26.777037     0.484055
    0.997500     27.551403     0.499498
    1.005000     28.140161     0.520487
    1.012500     28.421777     0.476362
    1.020000     28.678855     0.456894
    1.027500     29.212057     0.564230
    1.035000     30.026336     0.700025
    1.042500     30.894832     0.781967
    1.050000     31.599038     0.849614
    1.057500     32.160990     0.873868
    1.065000     32.642027     0.844097
    1.072500     33.017098     0.877363
    1.080000     33.334575     0.871090
    1.087500     33.598944     0.710567
    1.095000     33.759836     0.487326
    1.102500     33.921287     0.385177
    1.110000     34.209387     0.422813
    1.117500     34.548677     0.485086
    1.125000     34.756201     0.460514
    1.132500     34.853928     0.430732
    1.140000     34.982054     0.513871
    1.147500     35.188420     0.562442
    1.155000     35.465106     0.476142
    1.162500     35.778786     0.403165
    1.170000     36.093030     0.395723
    1.177500     36.326680     0.384170
    1.185000     36.413007     0.360541
    1.192500     36.430057     0.384896
    1.200000     36.474457     0.510850
    1.207500     36.555840     0.632053
    1.215000     36.649870     0.615119
    1.222500     36.704422     0.501594
    1.230000     36.663945     0.406202
    1.237500     36.571788     0.424327
    1.245000     36.522506     0.531007
    1.252500     36.564780     0.610166
    1.260000     36.666032     0.611795
    1.267500     36.684287     0.538498
    1.275000     36.542331     0.425484
    1.282500     36.398530     0.354014
    1.290000     36.357583     0.297674
    1.297500     36.273133     0.208816
    1.305000     36.056727     0.148460
    1.312500     35.875779     0.201142
    1.320000     35.855855     0.369584
    1.327500     35.954380     0.489741
    1.335000     36.026597     0.436437
    1.342500     35.947744     0.325624
    1.350000     35.801857     0.281783
    1.357500     35.782578     0.212369
    1.365000     35.905461     0.117348
    1.372500     36.007755     0.093974
    1.380000     36.031223     0.106464
    1.387500     36.058700     0.186334
    1.395000     36.105231     0.287216
    1.402500     36.147653     0.348999
    1.410000     36.195067     0.375226
    1.417500     36.231009     0.370687
    1.425000     36.218388     0.325564
    1.432500     36.195813     0.285129
    1.440000     36.255933     0.289530
    1.447500     36.366689     0.335368
    1.455000     36.373869     0.377928
    1.462500     36.233938     0.394447
    1.470000     36.116063     0.383199
    1.477500     36.170177     0.286236
    1.485000     36.334243     0.116457
    1.492500     36.485089     0.041561
    1.500000     36.598631     0.075757
    1.507500     36.704879     0.092295
    1.515000     36.811961     0.167515
    1.522500     36.859286     0.232602
    1.530000     36.805774     0.221514
    1.537500     36.719640     0.218722
    1.545000     36.680512     0.241508
    1.552500     36.664027     0.249627
    1.560000     36.623701     0.241855
    1.567500     36.577514     0.260953
    1.575000     36.553855     0.287335
    1.582500     36.563972     0.299732
    1.590000     36.607213     0.299268
    1.597500     36.692483     0.293003
    1.605000     36.783674     0.307563
    1.612500     36.773376     0.311812
    1.620000     36.640712     0.275751
    1.627500     36.501582     0.269856
    1.635000     36.472754     0.339052
    1.642500     36.538216     0.450331
    1.650000     36.575570     0.438648
    1.657500     36.524887     0.350527
    1.665000     36.420145     0.350354
    1.672500     36.361538     0.435891
    1.680000     36.445640     0.518603
    1.687500     36.613108     0.513502
    1.695000     36.696699     0.384574
    1.702500     36.648465     0.261195
    1.710000     36.538492     0.220075
    1.717500     36.409104     0.203603
    1.725000     36.307561     0.223304
    1.732500     36.294107     0.324991
    1.740000     36.380716     0.465965
    1.747500     36.540631     0.521759
    1.755000     36.702548     0.452882
    1.762500     36.742781     0.334413
    1.770000     36.622006     0.260652
    1.777500     36.478517     0.296409
    1.785000     36.460286     0.432023
    1.792500     36.595477     0.566007
    1.800000     36.862682     0.617356
