#! FIELDS cyl.z file.free uncertainty
#! SET sample_size 14997
#! SET effective_sample_size 69.6986
#! SET fundeltaF 26.9372
#! SET blocks_num 3
#! SET blocks_effective_num 1.09972
#! SET min_cyl.z 0.3
#! SET max_cyl.z 1.8
#! SET nbins_cyl.z 201
#! SET periodic_cyl.z false
    0.300000    273.675922     1.757258
    0.307500    250.295643     1.757257
    0.315000    228.315118     1.757256
    0.322500    207.732262     1.757254
    0.330000    188.543727     1.757250
    0.337500    170.744182     1.757241
    0.345000    154.325319     1.757225
    0.352500    139.274587     1.757194
    0.360000    125.573958     1.757132
    0.367500    113.199513     1.756989
    0.375000    102.123221     1.756585
    0.382500     92.318045     1.755161
    0.390000     83.764906     1.749576
    0.397500     76.453616     1.727525
    0.405000     70.350400     1.645763
    0.412500     65.206860     1.406772
    0.420000     60.017446     1.144455
    0.427500     53.941746     1.267254
    0.435000     47.933081     1.484090
    0.442500     42.612002     1.587589
    0.450000     38.126731     1.616347
    0.457500     34.637874     1.612401
    0.465000     32.274145     1.551345
    0.472500     30.982873     1.221445
    0.480000     30.366960     1.503559
    0.487500     29.755342     8.243976
    0.495000     28.721054    20.243075
    0.502500     26.537023    29.781307
    0.510000     22.979327    32.885427
    0.517500     19.591382    34.621651
    0.525000     17.176442    35.755488
    0.532500     15.794252    35.961831
    0.540000     15.178486    33.480095
    0.547500     14.404365    20.975468
    0.555000     12.197550     5.102253
    0.562500      9.571874     0.821090
    0.570000      7.624285     1.062849
    0.577500      6.508199     1.052950
    0.585000      5.929406     0.903449
    0.592500      5.318110     0.776858
    0.600000      4.533325     0.637006
    0.607500      3.830756     0.581424
    0.615000      3.122864     0.556091
    0.622500      2.233220     0.481640
    0.630000      1.208464     0.948973
    0.637500      0.349866     1.230832
    0.645000      0.000000     1.219065
    0.652500      0.243905     1.040057
    0.660000      0.821335     0.810101
    0.667500      1.288005     0.636464
    0.675000      1.614282     0.345704
    0.682500      1.993091     0.327534
    0.690000      2.177065     1.020612
    0.697500      2.115422     1.411904
    0.705000      2.166874     1.623766
    0.712500      2.273576     1.442893
    0.720000      2.278804     0.948547
    0.727500      2.553987     0.815583
    0.735000      3.469440     1.282994
    0.742500      4.965546     2.550718
    0.750000      6.472714     4.282442
    0.757500      7.398683     5.284311
    0.765000      7.992860     5.910923
    0.772500      8.708479     7.148193
    0.780000      9.753590     9.048829
    0.787500     11.189466    10.484287
    0.795000     12.745479     9.853197
    0.802500     13.774544     8.119254
    0.810000     14.429808     8.315722
    0.817500     15.430211    10.853465
    0.825000     16.791704    15.851487
    0.832500     17.869335    22.360710
    0.840000     18.386581    22.783377
    0.847500     18.778330    16.786980
    0.855000     19.433699    11.552031
    0.862500     20.414196    11.286197
    0.870000     21.279009    15.419852
    0.877500     21.680568    19.244489
    0.885000     21.956094    22.928719
    0.892500     22.434073    27.864754
    0.900000     22.825810    32.937582
    0.907500     22.631276    36.291703
    0.915000     22.275772    37.543619
    0.922500     22.228369    37.587609
    0.930000     22.353551    37.191108
    0.937500     22.568432    36.710004
    0.945000     23.116308    35.739260
    0.952500     23.898941    34.427619
    0.960000     24.412022    34.294272
    0.967500     24.788760    35.108442
    0.975000     25.416216    35.667343
    0.982500     26.069928    36.021552
    0.990000     26.648979    36.039446
    0.997500     27.461109    34.903131
    1.005000     28.369862    32.138909
    1.012500     28.723656    30.226071
    1.020000     28.374824    32.311605
    1.027500     28.099573    35.196683
    1.035000     28.483252    36.764889
    1.042500     29.578267    37.110997
    1.050000     30.993989    36.255574
    1.057500     31.934167    34.495169
    1.065000     32.137574    33.590079
    1.072500     32.339400    33.896058
    1.080000     33.064830    34.361243
    1.087500     34.306345    33.623257
    1.095000     35.300939    32.070679
    1.102500     35.381101    33.151981
    1.110000     35.363288    34.829497
    1.117500     35.869817    34.719600
    1.125000     36.652183    33.180470
    1.132500     36.818777    33.402736
    1.140000     36.569906    35.038190
    1.147500     36.946596    35.259438
    1.155000     38.240448    32.848939
    1.162500     39.840390    26.293999
    1.170000     40.444889    20.484067
    1.177500     40.362409    18.477682
    1.185000     40.461045    19.128278
    1.192500     40.648263    25.069533
    1.200000     40.479361    33.892743
    1.207500     39.881278    40.511307
    1.215000     39.142043    43.905633
    1.222500     38.428101    42.387730
    1.230000     37.873632    36.767890
    1.237500     37.641540    31.644267
    1.245000     37.866034    30.166420
    1.252500     38.531110    31.697325
    1.260000     39.150395    34.980199
    1.267500     39.060584    35.429312
    1.275000     38.668922    34.922490
    1.282500     38.623056    37.136919
    1.290000     38.831165    41.228012
    1.297500     38.784841    42.876043
    1.305000     38.493565    40.983904
    1.312500     38.306567    39.283001
    1.320000     38.358698    39.146530
    1.327500     38.659623    40.046575
    1.335000     39.072346    43.196457
    1.342500     39.403947    49.492830
    1.350000     39.552258    55.763519
    1.357500     39.546756    56.061871
    1.365000     39.492809    48.236861
    1.372500     39.401096    39.636128
    1.380000     39.195087    37.713071
    1.387500     38.861728    39.439811
    1.395000     38.716082    40.400388
    1.402500     38.906046    43.046395
    1.410000     39.098024    50.195349
    1.417500     39.103358    54.372190
    1.425000     39.058986    49.559264
    1.432500     39.023696    43.310757
    1.440000     39.075591    43.256167
    1.447500     39.138971    46.412104
    1.455000     39.114329    46.935345
    1.462500     39.162843    47.487140
    1.470000     39.242397    52.532193
    1.477500     39.160997    57.545437
    1.485000     39.130516    56.738028
    1.492500     39.429006    53.028573
    1.500000     39.998880    53.166070
    1.507500     40.596695    60.261021
    1.515000     40.930661    68.553539
    1.522500     40.551060    72.374408
    1.530000     39.646694    73.020845
    1.537500     38.969156    72.638543
    1.545000     38.859532    71.220479
    1.552500     39.337288    68.184673
    1.560000     40.266610    63.857419
    1.567500     41.339717    60.971786
    1.575000     42.083376    62.721897
    1.582500     42.015178    66.873237
    1.590000     41.271099    69.126264
    1.597500     40.512980    70.006965
    1.605000     40.002258    70.564368
    1.612500     39.622909    70.692021
    1.620000     39.457893    70.067587
    1.627500     39.747793    68.742978
    1.635000     40.376808    66.478055
    1.642500     40.835744    62.744559
    1.650000     40.807800    58.645810
    1.657500     40.448453    56.265159
    1.665000     39.916433    54.248719
    1.672500     39.334442    50.118258
    1.680000     38.942820    46.379510
    1.687500     38.831290    45.995627
    1.695000     38.763138    49.401342
    1.702500     38.643307    54.803493
    1.710000     38.642488    59.397107
    1.717500     38.803439    61.296155
    1.725000     39.023629    61.936708
    1.732500     39.172235    63.085031
    1.740000     39.172612    61.584095
    1.747500     39.017053    55.360587
    1.755000     38.965953    48.753064
    1.762500     39.209689    46.955052
    1.770000     39.419331    52.485764
    1.777500     39.304432    59.173189
    1.785000     39.272622    61.378834
    1.792500     39.615016    62.545596
    1.800000     40.017097    64.773227
