#! FIELDS cyl.z file.free uncertainty
#! SET sample_size 14997
#! SET effective_sample_size 152.587
#! SET fundeltaF 28.8131
#! SET blocks_num 3
#! SET blocks_effective_num 1.59379
#! SET min_cyl.z 0.3
#! SET max_cyl.z 1.8
#! SET nbins_cyl.z 201
#! SET periodic_cyl.z false
    0.300000    280.494747     1.815655
    0.307500    256.820356     1.815655
    0.315000    234.549029     1.815655
    0.322500    213.680769     1.815655
    0.330000    194.215573     1.815655
    0.337500    176.153443     1.815655
    0.345000    159.494377     1.815655
    0.352500    144.238376     1.815655
    0.360000    130.385436     1.815654
    0.367500    117.935552     1.815651
    0.375000    106.888708     1.815632
    0.382500     97.244819     1.815516
    0.390000     89.003332     1.814812
    0.397500     82.159862     1.810303
    0.405000     76.674745     1.779045
    0.412500     72.151537     1.563170
    0.420000     66.248511     1.059737
    0.427500     57.987957     1.123038
    0.435000     50.018728     1.318343
    0.442500     43.175151     1.462876
    0.450000     37.630624     1.556243
    0.457500     33.421805     1.591343
    0.465000     30.515031     1.500133
    0.472500     28.765849     1.044260
    0.480000     27.779566     0.641258
    0.487500     26.823522     2.337659
    0.495000     25.080890     2.437654
    0.502500     22.184563     1.839640
    0.510000     18.770923     1.607749
    0.517500     15.643361     0.997108
    0.525000     13.295684     0.461202
    0.532500     11.949829     0.690469
    0.540000     11.452164     0.953514
    0.547500     10.799228     0.835503
    0.555000      9.168681     0.467767
    0.562500      7.583336     0.651943
    0.570000      6.618315     0.949696
    0.577500      6.013863     1.009739
    0.585000      5.200763     0.930830
    0.592500      4.250317     0.907589
    0.600000      3.623420     0.928443
    0.607500      3.184975     0.765458
    0.615000      2.549590     0.474251
    0.622500      1.866321     0.494230
    0.630000      1.379623     0.522158
    0.637500      1.058037     0.485792
    0.645000      0.761608     0.464717
    0.652500      0.375976     0.496397
    0.660000      0.033283     0.614042
    0.667500      0.000000     0.678910
    0.675000      0.249906     0.513306
    0.682500      0.493066     0.149385
    0.690000      0.707521     0.471962
    0.697500      1.125916     0.865105
    0.705000      1.556768     1.093454
    0.712500      1.444694     0.973906
    0.720000      1.110680     0.815907
    0.727500      1.231659     0.703793
    0.735000      1.905987     0.630449
    0.742500      2.796953     0.686906
    0.750000      3.662695     0.773840
    0.757500      4.730728     0.983511
    0.765000      6.173233     1.561764
    0.772500      7.772899     2.380585
    0.780000      9.223415     3.112028
    0.787500     10.564005     3.880484
    0.795000     11.931844     4.235482
    0.802500     12.819582     3.564832
    0.810000     13.068155     3.498304
    0.817500     13.603681     4.467398
    0.825000     14.859974     5.674564
    0.832500     16.700663     6.316882
    0.840000     18.816042     6.871998
    0.847500     20.722885     9.209533
    0.855000     21.853579    12.816658
    0.862500     22.199957    14.809379
    0.870000     22.220661    13.771063
    0.877500     22.415958    11.632559
    0.885000     22.860918    11.480437
    0.892500     23.158395    14.656510
    0.900000     23.342111    17.786847
    0.907500     23.843981    19.124179
    0.915000     24.573198    19.670062
    0.922500     25.293823    19.887447
    0.930000     26.143036    19.575508
    0.937500     27.115061    18.687425
    0.945000     27.828234    17.440656
    0.952500     28.220379    15.717418
    0.960000     28.584012    13.835248
    0.967500     28.926520    13.945368
    0.975000     29.221108    16.719731
    0.982500     29.674130    19.501805
    0.990000     30.358332    20.680398
    0.997500     31.156751    20.535074
    1.005000     32.084707    19.608570
    1.012500     33.047258    18.350710
    1.020000     33.786301    17.800913
    1.027500     34.380642    18.107880
    1.035000     34.915087    18.795954
    1.042500     35.317653    19.598613
    1.050000     35.650446    20.098135
    1.057500     35.949471    20.292135
    1.065000     36.136217    20.217721
    1.072500     36.277495    19.037132
    1.080000     36.452022    15.654268
    1.087500     36.626965    11.591667
    1.095000     37.081620     9.507041
    1.102500     37.983114     9.987486
    1.110000     38.810168    13.494269
    1.117500     39.068160    16.383209
    1.125000     39.000311    14.922427
    1.132500     38.776255    11.406733
    1.140000     38.737023     9.656737
    1.147500     39.222847    10.278749
    1.155000     40.109633    12.836859
    1.162500     40.887088    15.894202
    1.170000     41.198225    17.278128
    1.177500     41.080948    17.373244
    1.185000     40.732504    17.591109
    1.192500     40.404000    17.995365
    1.200000     40.271602    17.896604
    1.207500     40.324569    16.732473
    1.215000     40.448261    14.947400
    1.222500     40.736462    13.649360
    1.230000     41.173468    13.438292
    1.237500     41.403730    14.257279
    1.245000     41.527305    14.400325
    1.252500     41.852197    12.839129
    1.260000     41.950878    11.224271
    1.267500     41.713796    11.780189
    1.275000     41.915669    13.143493
    1.282500     42.795860    13.965226
    1.290000     43.552078    14.277749
    1.297500     43.063850    16.599702
    1.305000     42.230143    19.003290
    1.312500     42.068594    19.675845
    1.320000     42.653726    18.801782
    1.327500     43.449706    17.142177
    1.335000     43.765999    15.922713
    1.342500     43.686594    14.691146
    1.350000     43.644603    12.294117
    1.357500     43.669181     9.391800
    1.365000     43.660274     7.897622
    1.372500     43.638173     7.642258
    1.380000     43.412234     7.708172
    1.387500     43.025935     7.692398
    1.395000     42.945682     7.568951
    1.402500     43.343388     7.537105
    1.410000     43.991258     7.736906
    1.417500     44.663037     7.752145
    1.425000     45.353055     7.113567
    1.432500     45.600712     7.935804
    1.440000     44.564812    11.702143
    1.447500     43.163023    14.382031
    1.455000     42.415265    15.427216
    1.462500     42.474627    15.041060
    1.470000     42.981887    12.555637
    1.477500     43.139400     8.170649
    1.485000     42.803288     6.185073
    1.492500     42.762744     6.647770
    1.500000     43.205676     8.134078
    1.507500     43.395224     9.458081
    1.515000     42.647331     8.226974
    1.522500     41.359773     6.153435
    1.530000     40.277767     5.567559
    1.537500     39.778948     5.542671
    1.545000     39.828115     5.359421
    1.552500     40.297636     4.999456
    1.560000     41.113592     4.975221
    1.567500     42.065215     5.676722
    1.575000     42.660507     5.686641
    1.582500     42.304960     5.825590
    1.590000     41.344876     8.068305
    1.597500     40.591074    10.727376
    1.605000     40.311010    12.188037
    1.612500     40.352354    12.233518
    1.620000     40.408868    11.697994
    1.627500     40.318629    11.417084
    1.635000     40.340159    11.637357
    1.642500     40.731532    11.805930
    1.650000     41.144974    11.880077
    1.657500     41.063316    12.864809
    1.665000     40.786428    14.205034
    1.672500     40.675907    15.128742
    1.680000     40.674475    15.412869
    1.687500     40.523897    14.839830
    1.695000     40.244759    13.936659
    1.702500     40.231786    13.142884
    1.710000     40.571008    12.172476
    1.717500     40.858064    11.045985
    1.725000     40.925344    10.449828
    1.732500     41.151641    10.249695
    1.740000     41.539819    10.357015
    1.747500     41.627971    11.839677
    1.755000     41.449482    13.657740
    1.762500     41.406503    13.066990
    1.770000     41.411224     9.627177
    1.777500     41.031420     6.529901
    1.785000     40.458210     6.228887
    1.792500     40.164394     7.865059
    1.800000     40.112603    10.181390
