#! FIELDS cyl.z file.free uncertainty
#! SET sample_size 189999
#! SET effective_sample_size 135.535
#! SET fundeltaF 15.0593
#! SET blocks_num 3
#! SET blocks_effective_num 1.62653
#! SET min_cyl.z 0.3
#! SET max_cyl.z 1.8
#! SET nbins_cyl.z 201
#! SET periodic_cyl.z false
    0.300000     84.561764     1.836985
    0.307500     76.851765     1.834811
    0.315000     70.311268     1.829406
    0.322500     64.862163     1.817399
    0.330000     60.361986     1.794216
    0.337500     56.622368     1.747089
    0.345000     53.308428     1.599602
    0.352500     49.678391     1.175373
    0.360000     45.247595     0.651272
    0.367500     40.493605     0.512974
    0.375000     35.816396     0.403148
    0.382500     31.492952     0.145743
    0.390000     27.705570     0.123726
    0.397500     24.362948     0.294230
    0.405000     21.240612     0.403326
    0.412500     18.251204     0.434271
    0.420000     15.498721     0.454228
    0.427500     13.190451     0.458746
    0.435000     11.462544     0.363626
    0.442500     10.145296     0.096445
    0.450000      8.755124     0.457482
    0.457500      7.125071     0.779415
    0.465000      5.622419     0.795607
    0.472500      4.447599     0.569875
    0.480000      3.452630     0.187224
    0.487500      2.434141     0.310359
    0.495000      1.428679     0.482196
    0.502500      0.640174     0.472509
    0.510000      0.176046     0.327174
    0.517500      0.000000     0.145542
    0.525000      0.012087     0.179546
    0.532500      0.081249     0.227618
    0.540000      0.111418     0.153850
    0.547500      0.182272     0.022971
    0.555000      0.437772     0.141168
    0.562500      0.903976     0.279507
    0.570000      1.565011     0.368018
    0.577500      2.295358     0.286487
    0.585000      2.921758     0.046829
    0.592500      3.543114     0.190270
    0.600000      4.268214     0.218899
    0.607500      5.062688     0.192673
    0.615000      5.828544     0.140303
    0.622500      6.435779     0.124320
    0.630000      6.932225     0.347854
    0.637500      7.426542     0.585442
    0.645000      7.938159     0.657590
    0.652500      8.367333     0.645242
    0.660000      8.627974     0.680000
    0.667500      8.873235     0.796617
    0.675000      9.202938     1.187215
    0.682500      9.458719     1.729824
    0.690000      9.567604     1.998452
    0.697500      9.714769     2.161722
    0.705000      9.913777     2.831802
    0.712500      9.967267     3.916512
    0.720000      9.937312     4.644197
    0.727500      9.943781     4.735286
    0.735000      9.838203     4.403838
    0.742500      9.646071     4.148685
    0.750000      9.611899     4.147652
    0.757500      9.804515     4.328504
    0.765000     10.148115     4.549876
    0.772500     10.600711     4.695535
    0.780000     11.154252     4.870134
    0.787500     11.743010     5.316432
    0.795000     12.271196     6.003842
    0.802500     12.664567     6.139323
    0.810000     12.943710     5.312694
    0.817500     13.287327     4.403440
    0.825000     13.795408     3.923380
    0.832500     14.348679     3.869951
    0.840000     14.872419     4.168024
    0.847500     15.391903     4.525726
    0.855000     15.837263     4.605624
    0.862500     16.207807     4.431150
    0.870000     16.630267     4.270790
    0.877500     17.184183     4.265578
    0.885000     17.826902     4.483233
    0.892500     18.385383     4.874967
    0.900000     18.746450     5.072811
    0.907500     19.011093     4.905922
    0.915000     19.267590     4.634403
    0.922500     19.492696     4.634034
    0.930000     19.661749     4.973493
    0.937500     19.763066     5.336628
    0.945000     19.835848     5.488977
    0.952500     19.923788     5.431276
    0.960000     20.001270     5.314068
    0.967500     20.046783     5.302136
    0.975000     20.089692     5.353743
    0.982500     20.172828     5.448873
    0.990000     20.321789     5.736401
    0.997500     20.536638     6.218084
    1.005000     20.786153     6.539975
    1.012500     21.013122     6.393923
    1.020000     21.204351     5.997627
    1.027500     21.418349     5.801813
    1.035000     21.666296     6.020871
    1.042500     21.897472     6.343253
    1.050000     22.114637     6.254997
    1.057500     22.349029     5.851262
    1.065000     22.596814     5.552626
    1.072500     22.857341     5.501152
    1.080000     23.120771     5.627140
    1.087500     23.359537     5.829303
    1.095000     23.600337     5.907426
    1.102500     23.886977     5.785212
    1.110000     24.195771     5.644165
    1.117500     24.470689     5.595301
    1.125000     24.707726     5.598174
    1.132500     24.958359     5.579919
    1.140000     25.242020     5.498444
    1.147500     25.514511     5.445384
    1.155000     25.738562     5.473848
    1.162500     25.923044     5.472986
    1.170000     26.099782     5.389993
    1.177500     26.297662     5.312420
    1.185000     26.502631     5.376234
    1.192500     26.672979     5.612557
    1.200000     26.828820     5.879208
    1.207500     27.014281     6.094294
    1.215000     27.190757     6.251048
    1.222500     27.299127     6.203667
    1.230000     27.347690     5.877375
    1.237500     27.372269     5.492406
    1.245000     27.422261     5.318756
    1.252500     27.506975     5.435337
    1.260000     27.560274     5.664990
    1.267500     27.558348     5.756500
    1.275000     27.555087     5.676386
    1.282500     27.568401     5.528236
    1.290000     27.554742     5.420041
    1.297500     27.500482     5.401898
    1.305000     27.451337     5.400271
    1.312500     27.435153     5.353007
    1.320000     27.435688     5.305240
    1.327500     27.432694     5.293789
    1.335000     27.421888     5.311886
    1.342500     27.415754     5.387177
    1.350000     27.409713     5.512410
    1.357500     27.386488     5.614448
    1.365000     27.348903     5.647327
    1.372500     27.300401     5.614033
    1.380000     27.258866     5.555889
    1.387500     27.254006     5.537660
    1.395000     27.277881     5.605494
    1.402500     27.289250     5.733097
    1.410000     27.280771     5.828016
    1.417500     27.299000     5.824237
    1.425000     27.349010     5.764291
    1.432500     27.384503     5.808885
    1.440000     27.400320     5.986026
    1.447500     27.403409     6.120621
    1.455000     27.379510     6.075488
    1.462500     27.348955     5.875998
    1.470000     27.335305     5.671021
    1.477500     27.327942     5.649822
    1.485000     27.342549     5.888174
    1.492500     27.408085     6.145128
    1.500000     27.491488     6.100087
    1.507500     27.531852     5.800819
    1.515000     27.515913     5.540937
    1.522500     27.483412     5.444213
    1.530000     27.490415     5.509749
    1.537500     27.552353     5.740820
    1.545000     27.626464     6.019611
    1.552500     27.663056     6.137707
    1.560000     27.650368     6.075367
    1.567500     27.618827     5.983181
    1.575000     27.605929     5.937888
    1.582500     27.605270     5.967365
    1.590000     27.586378     6.051613
    1.597500     27.562910     6.095349
    1.605000     27.570725     6.110841
    1.612500     27.593438     6.137523
    1.620000     27.584512     6.059005
    1.627500     27.538765     5.862439
    1.635000     27.502357     5.723228
    1.642500     27.512613     5.702237
    1.650000     27.543380     5.754851
    1.657500     27.545533     5.859799
    1.665000     27.503577     5.977338
    1.672500     27.433763     6.043010
    1.680000     27.376366     6.039283
    1.687500     27.370308     5.997229
    1.695000     27.414463     5.995262
    1.702500     27.458081     6.143558
    1.710000     27.442093     6.353633
    1.717500     27.366154     6.368675
    1.725000     27.282979     6.264295
    1.732500     27.237429     6.250187
    1.740000     27.246915     6.223410
    1.747500     27.293550     6.119790
    1.755000     27.329391     6.132893
    1.762500     27.329497     6.260054
    1.770000     27.303907     6.237700
    1.777500     27.268679     6.054981
    1.785000     27.251699     5.968085
    1.792500     27.285647     6.022805
    1.800000     27.418988     6.030972
