#! FIELDS cyl.z file.free uncertainty
#! SET sample_size 89997
#! SET effective_sample_size 56.1608
#! SET fundeltaF 6.65602
#! SET blocks_num 3
#! SET blocks_effective_num 1.95292
#! SET min_cyl.z 0.3
#! SET max_cyl.z 1.8
#! SET nbins_cyl.z 201
#! SET periodic_cyl.z false
    0.300000     96.983562     1.767758
    0.307500     86.687810     1.767758
    0.315000     77.648382     1.767758
    0.322500     69.873880     1.767758
    0.330000     63.352607     1.767758
    0.337500     58.024702     1.767758
    0.345000     53.632378     1.767758
    0.352500     49.157546     1.767758
    0.360000     43.635411     1.767758
    0.367500     38.282263     1.767758
    0.375000     33.961461     1.767758
    0.382500     30.633185     1.767758
    0.390000     27.746527     1.767758
    0.397500     24.804103     1.767758
    0.405000     21.957813     1.767758
    0.412500     19.355526     1.767758
    0.420000     17.016294     1.767758
    0.427500     14.896130     1.767758
    0.435000     12.787866     1.767758
    0.442500     10.816447     1.767758
    0.450000      9.300218     1.767758
    0.457500      8.178022     1.767758
    0.465000      7.108466     1.767758
    0.472500      5.923401     1.767758
    0.480000      4.677629     1.767758
    0.487500      3.481366     1.767758
    0.495000      2.513382     1.767758
    0.502500      1.765930     1.767757
    0.510000      1.159098     1.767753
    0.517500      0.972212     1.767721
    0.525000      1.279408     1.767514
    0.532500      1.192382     1.766862
    0.540000      0.393064     1.766133
    0.547500      0.000000     1.765243
    0.555000      0.551402     1.762923
    0.562500      1.980596     1.755213
    0.570000      3.493864     1.735607
    0.577500      3.657610     1.723298
    0.585000      3.225369     1.722984
    0.592500      3.445056     1.704693
    0.600000      4.495540     1.618800
    0.607500      5.805074     1.377813
    0.615000      6.252348     1.118048
    0.622500      5.784926     1.025450
    0.630000      5.186196     0.974197
    0.637500      4.938554     0.860444
    0.645000      5.243514     0.644980
    0.652500      5.824475     0.691577
    0.660000      5.981069     1.493805
    0.667500      5.589107     2.162948
    0.675000      5.006301     2.341785
    0.682500      4.443164     2.379059
    0.690000      4.051939     2.686359
    0.697500      3.756851     3.135108
    0.705000      3.306874     3.312275
    0.712500      2.829821     3.168503
    0.720000      2.635624     2.916461
    0.727500      2.716749     2.765380
    0.735000      2.840331     2.859338
    0.742500      2.958677     3.014018
    0.750000      3.205355     3.033673
    0.757500      3.479987     2.998536
    0.765000      3.631928     3.044355
    0.772500      3.790268     3.153056
    0.780000      4.059398     3.257115
    0.787500      4.316236     3.309071
    0.795000      4.498036     3.274074
    0.802500      4.830818     3.196633
    0.810000      5.481544     3.168633
    0.817500      6.360102     3.219398
    0.825000      7.245819     3.253039
    0.832500      7.915662     3.240182
    0.840000      8.327172     3.253609
    0.847500      8.649763     3.242271
    0.855000      9.039645     3.216169
    0.862500      9.522498     3.240512
    0.870000     10.027243     3.258248
    0.877500     10.449432     3.188127
    0.885000     10.742250     3.018316
    0.892500     10.940147     2.812623
    0.900000     11.110446     2.695045
    0.907500     11.319341     2.738554
    0.915000     11.569952     2.837368
    0.922500     11.758710     2.785184
    0.930000     11.803250     2.618335
    0.937500     11.758393     2.549166
    0.945000     11.722712     2.621232
    0.952500     11.741236     2.766068
    0.960000     11.769616     2.922944
    0.967500     11.774043     2.994043
    0.975000     11.801521     2.944648
    0.982500     11.871242     2.834888
    0.990000     11.949774     2.698562
    0.997500     12.038255     2.554368
    1.005000     12.199321     2.487621
    1.012500     12.453214     2.559748
    1.020000     12.733386     2.710654
    1.027500     12.966412     2.832576
    1.035000     13.093620     2.853906
    1.042500     13.183676     2.832757
    1.050000     13.410833     2.879398
    1.057500     13.783682     3.001279
    1.065000     14.149462     3.126690
    1.072500     14.446037     3.185937
    1.080000     14.709298     3.146506
    1.087500     14.935262     3.045273
    1.095000     15.158683     3.007960
    1.102500     15.433635     3.073945
    1.110000     15.720733     3.153064
    1.117500     15.966906     3.188338
    1.125000     16.189318     3.207944
    1.132500     16.438003     3.252346
    1.140000     16.723900     3.311678
    1.147500     16.982896     3.342699
    1.155000     17.183087     3.368091
    1.162500     17.388786     3.417938
    1.170000     17.649588     3.434105
    1.177500     17.922018     3.395788
    1.185000     18.098451     3.357745
    1.192500     18.151152     3.335749
    1.200000     18.215514     3.281183
    1.207500     18.392064     3.148144
    1.215000     18.613904     2.971444
    1.222500     18.787262     2.902655
    1.230000     18.906409     3.041768
    1.237500     18.982657     3.270827
    1.245000     19.032973     3.367721
    1.252500     19.070124     3.270506
    1.260000     19.082999     3.124168
    1.267500     19.072644     3.095336
    1.275000     19.063198     3.200695
    1.282500     19.075125     3.335832
    1.290000     19.084332     3.409673
    1.297500     19.056330     3.414507
    1.305000     19.016010     3.406866
    1.312500     19.005111     3.414727
    1.320000     19.003390     3.432138
    1.327500     18.966888     3.464621
    1.335000     18.916329     3.499156
    1.342500     18.915183     3.478830
    1.350000     18.937360     3.398215
    1.357500     18.895858     3.337256
    1.365000     18.813758     3.322447
    1.372500     18.757358     3.321075
    1.380000     18.730329     3.339938
    1.387500     18.718615     3.390100
    1.395000     18.717468     3.423226
    1.402500     18.708971     3.407830
    1.410000     18.684401     3.396997
    1.417500     18.680106     3.434677
    1.425000     18.706258     3.480036
    1.432500     18.715944     3.445279
    1.440000     18.696892     3.324642
    1.447500     18.681667     3.196643
    1.455000     18.693878     3.144615
    1.462500     18.737081     3.208045
    1.470000     18.768614     3.338465
    1.477500     18.737562     3.417034
    1.485000     18.698522     3.361432
    1.492500     18.748788     3.232421
    1.500000     18.857786     3.179096
    1.507500     18.911892     3.273777
    1.515000     18.888858     3.432577
    1.522500     18.860670     3.526441
    1.530000     18.879433     3.487808
    1.537500     18.925047     3.364588
    1.545000     18.948143     3.277949
    1.552500     18.942621     3.263924
    1.560000     18.917385     3.275948
    1.567500     18.888463     3.282435
    1.575000     18.911336     3.267951
    1.582500     18.991140     3.189590
    1.590000     19.047691     3.047496
    1.597500     19.042120     2.946624
    1.605000     19.011560     2.944640
    1.612500     18.981084     2.994465
    1.620000     18.958081     3.052730
    1.627500     18.941104     3.107491
    1.635000     18.928962     3.148377
    1.642500     18.939511     3.182186
    1.650000     18.959685     3.218136
    1.657500     18.941720     3.247739
    1.665000     18.871270     3.267604
    1.672500     18.770796     3.293307
    1.680000     18.683670     3.314172
    1.687500     18.656375     3.302255
    1.695000     18.690381     3.251585
    1.702500     18.724170     3.159242
    1.710000     18.705265     3.054586
    1.717500     18.648720     3.016788
    1.725000     18.582912     3.031479
    1.732500     18.535779     3.022122
    1.740000     18.542406     3.052497
    1.747500     18.598593     3.151280
    1.755000     18.660096     3.174108
    1.762500     18.710668     3.063860
    1.770000     18.763319     2.943492
    1.777500     18.791470     2.922063
    1.785000     18.765918     2.963337
    1.792500     18.743757     2.993885
    1.800000     18.843767     3.023891
