#! FIELDS cyl.z file.free uncertainty
#! SET sample_size 189999
#! SET effective_sample_size 245.556
#! SET fundeltaF 14.9445
#! SET blocks_num 3
#! SET blocks_effective_num 1.73043
#! SET min_cyl.z 0.3
#! SET max_cyl.z 1.8
#! SET nbins_cyl.z 201
#! SET periodic_cyl.z false
    0.300000     85.338355     1.209819
    0.307500     77.627437     1.265158
    0.315000     70.823459     1.396460
    0.322500     64.616118     1.582146
    0.330000     58.575223     1.741144
    0.337500     52.704154     1.803487
    0.345000     47.306773     1.791359
    0.352500     42.422395     1.727613
    0.360000     37.872778     1.633214
    0.367500     33.629929     1.530116
    0.375000     29.817366     1.394313
    0.382500     26.405408     1.202447
    0.390000     23.238370     1.012209
    0.397500     20.283285     0.886345
    0.405000     17.624311     0.786572
    0.412500     15.322587     0.665682
    0.420000     13.363041     0.545790
    0.427500     11.663061     0.444741
    0.435000     10.166523     0.355225
    0.442500      8.808713     0.324303
    0.450000      7.421775     0.333255
    0.457500      6.013863     0.252976
    0.465000      4.791411     0.179364
    0.472500      3.787740     0.167295
    0.480000      2.892680     0.155420
    0.487500      2.089887     0.075526
    0.495000      1.419600     0.275476
    0.502500      0.954739     0.529802
    0.510000      0.784673     0.714889
    0.517500      0.783088     0.682331
    0.525000      0.612589     0.294096
    0.532500      0.236317     0.234935
    0.540000      0.000000     0.560627
    0.547500      0.110145     0.588686
    0.555000      0.479719     0.417987
    0.562500      0.945095     0.271010
    0.570000      1.444898     0.201859
    0.577500      1.934483     0.106314
    0.585000      2.469801     0.040113
    0.592500      3.136313     0.128983
    0.600000      3.795563     0.254348
    0.607500      4.398738     0.318867
    0.615000      5.091067     0.254192
    0.622500      5.815464     0.193238
    0.630000      6.440881     0.211633
    0.637500      6.992551     0.222253
    0.645000      7.530946     0.223828
    0.652500      8.174490     0.378241
    0.660000      9.022717     0.615679
    0.667500      9.836319     0.753143
    0.675000     10.219116     0.781871
    0.682500     10.324596     0.721221
    0.690000     10.472229     0.725742
    0.697500     10.587020     0.903951
    0.705000     10.543633     1.083830
    0.712500     10.585028     1.348564
    0.720000     10.876624     1.952590
    0.727500     11.099405     2.713267
    0.735000     10.964619     3.082178
    0.742500     10.736177     3.083824
    0.750000     10.684010     2.980570
    0.757500     10.843209     2.948388
    0.765000     11.122637     3.172628
    0.772500     11.377183     3.650688
    0.780000     11.602391     4.066965
    0.787500     11.944371     4.234471
    0.795000     12.420904     4.288006
    0.802500     12.890904     4.271449
    0.810000     13.300687     4.064559
    0.817500     13.737477     3.730801
    0.825000     14.224768     3.510843
    0.832500     14.749078     3.628605
    0.840000     15.327378     4.155308
    0.847500     15.933439     4.821612
    0.855000     16.493866     5.145269
    0.862500     16.971365     4.960245
    0.870000     17.431623     4.518167
    0.877500     17.941222     4.130487
    0.885000     18.415424     3.819647
    0.892500     18.740030     3.562261
    0.900000     18.977378     3.597775
    0.907500     19.198141     3.954398
    0.915000     19.371190     4.323451
    0.922500     19.476083     4.506925
    0.930000     19.557530     4.540858
    0.937500     19.669601     4.578767
    0.945000     19.786433     4.718362
    0.952500     19.842290     4.872166
    0.960000     19.862984     4.965146
    0.967500     19.929880     5.022226
    0.975000     20.048331     5.089474
    0.982500     20.163620     5.216954
    0.990000     20.271330     5.393171
    0.997500     20.396471     5.586302
    1.005000     20.531257     5.783827
    1.012500     20.679601     5.948981
    1.020000     20.867674     6.030142
    1.027500     21.091294     6.014176
    1.035000     21.305543     6.013121
    1.042500     21.466077     6.154908
    1.050000     21.591420     6.371300
    1.057500     21.764526     6.627495
    1.065000     22.036918     6.966383
    1.072500     22.390371     7.220538
    1.080000     22.787456     7.178730
    1.087500     23.175051     6.918210
    1.095000     23.502202     6.704090
    1.102500     23.785782     6.652606
    1.110000     24.054587     6.692691
    1.117500     24.295028     6.796206
    1.125000     24.485582     7.045110
    1.132500     24.639147     7.361001
    1.140000     24.815544     7.537692
    1.147500     25.045575     7.576978
    1.155000     25.294164     7.595982
    1.162500     25.543457     7.638488
    1.170000     25.816276     7.710522
    1.177500     26.099595     7.799457
    1.185000     26.352586     7.839387
    1.192500     26.565319     7.838979
    1.200000     26.737578     7.903388
    1.207500     26.884405     8.070750
    1.215000     27.036694     8.246481
    1.222500     27.196695     8.313998
    1.230000     27.354086     8.276582
    1.237500     27.496596     8.251422
    1.245000     27.600411     8.324660
    1.252500     27.646767     8.426101
    1.260000     27.651701     8.452703
    1.267500     27.669085     8.413313
    1.275000     27.710754     8.403633
    1.282500     27.721299     8.525875
    1.290000     27.679207     8.719566
    1.297500     27.634715     8.818009
    1.305000     27.628822     8.827825
    1.312500     27.639712     8.830108
    1.320000     27.617396     8.801456
    1.327500     27.545816     8.736300
    1.335000     27.463885     8.684212
    1.342500     27.414739     8.695531
    1.350000     27.400467     8.769698
    1.357500     27.389889     8.849033
    1.365000     27.358756     8.870325
    1.372500     27.324474     8.786196
    1.380000     27.311407     8.629694
    1.387500     27.304549     8.518840
    1.395000     27.276691     8.520414
    1.402500     27.252812     8.532309
    1.410000     27.275502     8.435213
    1.417500     27.316323     8.314208
    1.425000     27.324063     8.353828
    1.432500     27.308965     8.577479
    1.440000     27.294586     8.872537
    1.447500     27.284584     9.122344
    1.455000     27.292308     9.220293
    1.462500     27.314004     9.137361
    1.470000     27.327816     8.939800
    1.477500     27.347538     8.706273
    1.485000     27.390011     8.534866
    1.492500     27.436333     8.513426
    1.500000     27.468301     8.574863
    1.507500     27.492504     8.600224
    1.515000     27.520868     8.557402
    1.522500     27.537643     8.467437
    1.530000     27.527300     8.404552
    1.537500     27.521517     8.437869
    1.545000     27.554148     8.558133
    1.552500     27.596585     8.692161
    1.560000     27.604134     8.734409
    1.567500     27.593429     8.656778
    1.575000     27.593237     8.551663
    1.582500     27.589470     8.490682
    1.590000     27.563515     8.448711
    1.597500     27.519511     8.411277
    1.605000     27.480425     8.382459
    1.612500     27.462518     8.362952
    1.620000     27.444051     8.401982
    1.627500     27.397962     8.484228
    1.635000     27.350858     8.495479
    1.642500     27.347637     8.437887
    1.650000     27.385813     8.440378
    1.657500     27.427865     8.502292
    1.665000     27.437792     8.545859
    1.672500     27.400442     8.617856
    1.680000     27.327536     8.707406
    1.687500     27.254658     8.729519
    1.695000     27.231874     8.702079
    1.702500     27.266612     8.652689
    1.710000     27.304454     8.557836
    1.717500     27.309787     8.442643
    1.725000     27.311618     8.399194
    1.732500     27.331125     8.445358
    1.740000     27.332028     8.510953
    1.747500     27.287265     8.496094
    1.755000     27.228496     8.329754
    1.762500     27.197099     8.126550
    1.770000     27.194961     8.071767
    1.777500     27.188771     8.180122
    1.785000     27.176891     8.285341
    1.792500     27.217009     8.224051
    1.800000     27.362257     8.005700
