#! FIELDS cyl.z file.free uncertainty
#! SET sample_size 14997
#! SET effective_sample_size 70.0857
#! SET fundeltaF 8.767
#! SET blocks_num 3
#! SET blocks_effective_num 1.64177
#! SET min_cyl.z 0.3
#! SET max_cyl.z 1.8
#! SET nbins_cyl.z 201
#! SET periodic_cyl.z false
    0.300000    469.977568     1.869492
    0.307500    436.332057     1.869492
    0.315000    404.089609     1.869492
    0.322500    373.250225     1.869492
    0.330000    343.813902     1.869492
    0.337500    315.780634     1.869492
    0.345000    289.150411     1.869492
    0.352500    263.923214     1.869492
    0.360000    240.099001     1.869492
    0.367500    217.677689     1.869492
    0.375000    196.659107     1.869492
    0.382500    177.042910     1.869492
    0.390000    158.828397     1.869492
    0.397500    142.014137     1.869492
    0.405000    126.597228     1.869492
    0.412500    112.571803     1.869492
    0.420000     99.926099     1.869492
    0.427500     88.636860     1.869492
    0.435000     78.658796     1.869492
    0.442500     69.902790     1.869492
    0.450000     62.178004     1.869492
    0.457500     55.056565     1.869492
    0.465000     47.958001     1.869492
    0.472500     40.959517     1.869492
    0.480000     34.699440     1.869492
    0.487500     29.562886     1.869492
    0.495000     25.662671     1.869492
    0.502500     22.977897     1.869492
    0.510000     21.317359     1.869492
    0.517500     20.022927     1.869492
    0.525000     18.101698     1.869492
    0.532500     15.802233     1.869492
    0.540000     13.887028     1.869492
    0.547500     12.606565     1.869491
    0.555000     11.996253     1.869487
    0.562500     11.952736     1.869463
    0.570000     12.216130     1.869363
    0.577500     12.429734     1.869045
    0.585000     12.089269     1.868201
    0.592500     11.191934     1.865415
    0.600000     10.333850     1.854035
    0.607500      9.735971     1.812050
    0.615000      9.275278     1.693112
    0.622500      8.956401     1.439665
    0.630000      8.994283     0.924929
    0.637500      9.031637     0.159246
    0.645000      8.221183     0.756699
    0.652500      6.879417     1.286644
    0.660000      5.503307     1.715076
    0.667500      4.163567     1.461088
    0.675000      2.999132     0.796615
    0.682500      2.173328     0.389946
    0.690000      1.607879     0.290721
    0.697500      1.121716     0.312514
    0.705000      0.763475     0.479070
    0.712500      0.680819     0.702520
    0.720000      0.816128     0.596430
    0.727500      0.773363     0.161544
    0.735000      0.369940     0.516660
    0.742500      0.005691     0.574493
    0.750000      0.000000     0.486671
    0.757500      0.369550     0.367439
    0.765000      0.750807     0.232418
    0.772500      0.675709     0.160291
    0.780000      0.526702     0.347798
    0.787500      0.834495     0.692480
    0.795000      1.438732     0.735873
    0.802500      1.846572     0.170016
    0.810000      2.087269     0.744455
    0.817500      2.429048     1.150078
    0.825000      2.871979     1.240470
    0.832500      3.554805     1.204497
    0.840000      4.672240     1.139963
    0.847500      5.970335     1.046950
    0.855000      6.922408     0.691671
    0.862500      7.428689     0.358930
    0.870000      7.681971     1.468635
    0.877500      7.943834     1.709840
    0.885000      8.325017     1.626923
    0.892500      8.821145     1.792154
    0.900000      9.515730     1.589346
    0.907500     10.249933     1.277128
    0.915000     10.650789     1.496771
    0.922500     10.536502     2.080138
    0.930000     10.152485     2.206723
    0.937500     10.066685     2.000032
    0.945000     10.488004     2.091346
    0.952500     10.993740     2.945302
    0.960000     11.122354     3.890885
    0.967500     11.132556     4.375870
    0.975000     11.334592     5.048979
    0.982500     11.641828     6.720054
    0.990000     11.858366     9.011367
    0.997500     12.050701    10.928208
    1.005000     12.345356    12.458443
    1.012500     12.572482    13.217975
    1.020000     12.574852    12.881904
    1.027500     12.585410    12.119035
    1.035000     12.794303    11.531078
    1.042500     13.149278    12.572812
    1.050000     13.586637    16.745267
    1.057500     14.034541    21.878093
    1.065000     14.364691    23.913271
    1.072500     14.638486    23.291158
    1.080000     15.158124    23.138125
    1.087500     16.006657    24.890181
    1.095000     16.836442    27.698863
    1.102500     17.333215    28.634972
    1.110000     17.575109    27.147449
    1.117500     17.633477    25.560864
    1.125000     17.589535    25.805478
    1.132500     17.629269    26.857196
    1.140000     17.857421    27.210295
    1.147500     18.311080    27.585219
    1.155000     18.948201    29.065418
    1.162500     19.564552    30.582768
    1.170000     19.871046    30.463662
    1.177500     19.865506    29.555405
    1.185000     19.866166    29.205593
    1.192500     20.044038    28.583858
    1.200000     20.316751    26.950742
    1.207500     20.614611    25.882522
    1.215000     20.922633    26.918933
    1.222500     21.160256    29.284585
    1.230000     21.327089    30.296919
    1.237500     21.510350    29.103098
    1.245000     21.736755    28.110800
    1.252500     21.959809    29.008183
    1.260000     22.061819    30.403429
    1.267500     21.986628    30.602481
    1.275000     21.862771    29.498239
    1.282500     21.846600    28.379359
    1.290000     21.980244    28.293346
    1.297500     22.162711    28.790374
    1.305000     22.295729    29.789822
    1.312500     22.376295    32.286356
    1.320000     22.390844    35.211094
    1.327500     22.308786    35.584841
    1.335000     22.176938    33.143756
    1.342500     22.092491    30.173849
    1.350000     22.042125    28.049671
    1.357500     21.942516    27.411554
    1.365000     21.840237    28.021447
    1.372500     21.852388    28.348451
    1.380000     21.932551    28.041890
    1.387500     21.955539    28.989503
    1.395000     21.927994    31.116270
    1.402500     21.863047    31.672137
    1.410000     21.751516    30.300356
    1.417500     21.637316    29.200650
    1.425000     21.565370    28.842314
    1.432500     21.528752    28.431280
    1.440000     21.506731    28.589774
    1.447500     21.449260    29.652451
    1.455000     21.313261    30.506858
    1.462500     21.183225    31.320106
    1.470000     21.114100    32.952646
    1.477500     21.043617    34.456362
    1.485000     20.987690    34.628504
    1.492500     21.073123    33.993238
    1.500000     21.291480    33.026594
    1.507500     21.436722    31.317503
    1.515000     21.372826    29.033015
    1.522500     21.230043    27.741346
    1.530000     21.208900    28.083601
    1.537500     21.323974    29.018637
    1.545000     21.452685    29.557948
    1.552500     21.523052    30.280138
    1.560000     21.508029    32.269716
    1.567500     21.396262    34.571209
    1.575000     21.250199    35.972342
    1.582500     21.144381    36.506790
    1.590000     21.086531    34.891953
    1.597500     21.078330    30.925054
    1.605000     21.142156    27.764352
    1.612500     21.227273    27.336458
    1.620000     21.212548    28.108546
    1.627500     21.089366    28.196540
    1.635000     20.982037    27.643052
    1.642500     20.934855    27.781064
    1.650000     20.884865    30.202846
    1.657500     20.806172    34.125798
    1.665000     20.765474    36.819355
    1.672500     20.800647    37.551091
    1.680000     20.871415    37.046095
    1.687500     20.982214    35.333015
    1.695000     21.141902    33.376560
    1.702500     21.229449    33.619244
    1.710000     21.133576    36.659003
    1.717500     20.949278    39.785204
    1.725000     20.875780    40.157233
    1.732500     21.001103    37.781980
    1.740000     21.211347    34.571327
    1.747500     21.278552    32.434021
    1.755000     21.104596    31.280512
    1.762500     20.813529    29.672569
    1.770000     20.585748    28.219562
    1.777500     20.512693    27.896452
    1.785000     20.549361    28.164761
    1.792500     20.595281    28.415763
    1.800000     20.704424    28.923871
